5 34 3 12 32 7 
8 33 4 3 5 6 19 36 12 
7 21 14 6 8 2 4 1 
9 5 3 9 38 13 18 11 26 2 
11 9 7 4 21 11 29 10 2 38 15 8 
5 39 31 10 3 2 
3 5 1 24 
4 5 3 26 16 
4 5 18 19 4 
6 6 40 14 23 5 25 
9 16 4 39 15 13 5 25 33 24 
3 1 17 2 
5 4 30 22 35 11 
6 3 37 20 23 10 28 
2 11 5 
5 17 35 40 11 8 
2 16 12 
7 9 37 4 30 31 20 41 
4 9 2 27 28 
2 14 18 
3 5 3 22 
3 13 21 32 
2 10 14 
2 11 7 
5 11 34 10 36 27 
3 29 4 8 
2 25 19 
3 19 41 14 
2 26 5 
2 18 13 
2 6 18 
2 22 1 
2 11 2 
2 1 25 
2 16 13 
2 25 2 
2 18 14 
3 4 42 5 
3 11 6 42 
2 10 16 
2 28 18 
2 38 39 

8 19 38 21 3 27 4 30 7 
3 13 3 11 
21 26 17 2 36 15 14 35 12 20 13 1 37 39 38 24 29 5 21 6 4 9 
7 17 7 1 5 3 6 32 
9 11 23 8 27 3 4 40 31 32 
3 22 4 3 
8 10 1 18 4 8 15 28 12 
5 16 5 7 33 9 
4 8 3 30 10 
6 9 16 42 22 20 7 
2 2 5 
3 14 3 7 
5 33 25 2 35 3 
5 23 18 42 12 3 
4 19 7 3 41 
3 10 8 41 
2 3 4 
2 7 14 
2 1 15 
4 3 25 10 26 
3 3 1 34 
3 24 6 10 
3 28 5 14 
4 22 3 37 29 
2 20 13 
4 34 3 31 20 
2 5 1 
2 23 7 
3 3 24 39 
3 1 9 36 
2 26 5 
2 4 5 
2 8 13 
2 26 21 
3 3 40 13 
2 3 30 
2 3 24 
2 1 3 
2 29 3 
2 5 35 
2 15 16 
2 10 14 

7 3 40 5 32 18 12 4 
14 26 20 17 28 4 6 36 3 19 11 16 10 7 5 
13 1 6 21 19 29 41 14 40 7 18 34 32 2 
8 31 16 1 29 11 2 38 10 
2 1 2 
9 15 25 3 2 9 39 27 22 8 
16 28 2 35 13 8 9 3 31 37 30 42 38 23 24 12 20 
2 7 6 
4 14 7 6 27 
4 2 4 13 34 
2 4 2 
3 7 15 1 
3 26 7 10 
4 37 30 9 3 
3 6 12 22 
5 24 2 17 4 21 
3 16 25 2 
2 3 1 
3 3 2 36 
3 7 2 23 
2 3 16 
2 15 6 
2 7 20 
2 16 7 
3 17 6 33 
3 2 39 13 
4 6 41 33 9 
2 7 2 
2 4 3 
2 7 14 
2 4 7 
3 1 3 35 
2 27 25 
2 3 10 
2 7 32 
2 19 2 
2 14 7 
2 7 4 
2 26 6 
3 3 1 42 
2 3 27 
2 40 7 

16 42 25 11 3 12 10 6 39 33 17 20 35 23 32 4 5 
3 16 8 3 
17 1 12 40 4 17 31 5 18 39 23 9 34 13 26 32 2 7 
3 3 6 1 
11 7 1 8 30 35 3 29 20 25 9 24 
6 1 27 13 4 38 22 
8 3 11 18 28 19 21 5 14 
6 5 27 37 36 26 2 
10 19 3 34 41 24 5 42 38 10 22 
3 1 9 14 
3 1 16 7 
2 3 1 
3 15 6 3 
4 7 10 30 15 
3 14 13 21 
2 11 2 
3 29 1 3 
3 3 28 7 
3 31 7 9 
3 1 5 41 
2 7 15 
2 6 9 
3 36 3 1 
2 5 9 
2 5 1 
3 8 3 33 
2 8 6 
2 18 7 
2 17 5 
3 40 5 14 
2 3 19 
2 1 3 
2 26 1 
3 9 37 3 
2 5 1 
2 23 8 
2 8 34 
2 6 9 
2 3 1 
2 30 3 
2 20 9 
2 1 9 

6 12 10 40 16 11 3 
3 3 5 4 
14 9 7 11 42 5 14 37 32 2 4 31 24 6 1 
17 42 7 37 3 15 6 9 16 2 23 39 17 14 19 27 31 25 
8 22 8 18 2 3 13 25 10 
5 38 23 4 3 24 
7 39 3 17 12 4 13 8 
2 7 5 
6 4 35 28 21 3 30 
5 21 5 19 1 26 
3 1 3 27 
4 15 1 29 7 
3 5 7 20 
3 4 28 3 
2 4 12 
10 38 1 33 35 41 18 4 20 34 22 
2 7 4 
2 16 5 
2 10 4 
2 13 16 
2 9 10 
3 16 5 33 
3 4 6 30 
2 3 6 
5 40 26 4 5 32 
2 25 10 
2 4 11 
3 29 9 14 
2 12 28 
3 41 23 9 
2 3 4 
4 3 25 36 34 
3 36 22 16 
2 32 16 
2 9 16 
2 32 33 
2 3 4 
2 16 6 
2 4 7 
2 1 25 
2 30 16 
2 4 3 

8 9 3 6 40 12 27 39 4 
2 3 5 
16 30 20 2 38 6 32 21 22 1 4 13 10 14 34 23 7 
9 8 18 42 3 7 25 41 5 1 
10 14 40 41 4 2 28 26 16 10 8 
8 1 3 36 23 17 12 11 9 
3 26 3 4 
11 4 31 37 18 15 13 24 22 11 21 5 
5 1 17 35 6 42 
2 5 3 
3 32 6 8 
9 1 28 6 15 27 20 19 16 25 
2 8 3 
3 5 35 3 
2 8 12 
3 5 12 29 
3 19 9 6 
2 8 4 
3 24 17 12 
4 30 12 3 36 
2 3 8 
2 8 3 
3 6 3 31 
3 8 39 19 
2 12 4 
3 5 37 7 
3 12 34 1 
3 5 29 12 
2 16 28 
3 3 33 20 
3 23 8 33 
2 3 11 
2 31 30 
2 27 3 
2 14 9 
3 20 6 38 
2 26 8 
2 3 36 
2 1 24 
2 1 5 
2 5 4 
2 9 4 

14 31 6 32 16 3 12 24 9 15 35 37 5 22 14 
4 6 4 3 25 
15 7 16 11 1 41 13 24 40 34 2 28 12 26 4 8 
10 13 40 38 11 3 10 29 2 5 9 
6 17 15 1 32 10 4 
6 8 1 7 22 41 2 
11 19 33 18 3 20 26 6 21 14 34 39 
2 6 3 
2 4 1 
2 5 4 
4 30 3 4 31 
5 23 3 1 36 19 
5 18 17 21 3 4 
3 1 25 7 
2 1 5 
3 1 30 3 
3 5 13 20 
2 7 13 
7 38 23 29 7 36 12 27 
3 7 28 17 
2 13 7 
3 1 6 39 
3 35 19 12 
3 27 1 3 
3 37 2 14 
3 7 33 3 
2 19 24 
2 3 20 
2 19 4 
2 11 16 
2 11 1 
2 5 1 
2 26 7 
2 7 3 
2 23 1 
2 12 19 
2 1 25 
2 19 4 
2 7 22 
2 3 4 
2 3 6 
0 

7 18 3 9 4 36 7 38 
14 19 10 17 30 26 20 6 5 32 35 18 3 4 25 
6 23 2 1 5 16 6 
14 10 21 2 29 9 30 13 32 39 8 37 11 1 12 
6 13 7 8 2 3 12 
4 29 22 3 2 
2 5 1 
4 5 4 38 28 
4 4 31 1 27 
9 16 2 15 4 23 24 11 35 14 
8 4 14 21 33 19 10 25 24 
2 5 4 
3 5 40 4 
7 17 10 28 42 33 15 11 
2 10 14 
6 31 3 22 34 20 10 
2 14 2 
2 2 1 
3 11 2 26 
4 2 16 34 42 
5 27 36 11 41 4 
2 6 16 
2 3 10 
3 11 10 39 
2 11 2 
2 19 2 
2 21 9 
3 40 8 14 
3 37 4 6 
2 4 2 
2 16 9 
2 4 2 
2 14 11 
2 20 16 
2 2 10 
2 21 1 
3 42 29 4 
2 1 8 
2 4 24 
3 13 42 28 
1 21 
4 37 40 20 14 

10 13 12 4 35 34 18 19 3 8 42 
4 20 3 38 5 
13 26 1 25 21 2 7 4 6 10 32 13 24 14 
17 21 29 3 19 39 14 6 10 30 11 34 1 5 9 38 17 31 
5 4 12 7 31 2 
5 4 3 22 9 8 
5 3 26 5 23 16 
3 11 6 1 
2 6 4 
2 4 3 
5 16 42 25 8 4 
3 5 1 15 
3 40 3 1 
4 3 27 15 4 
5 14 17 18 41 12 
6 24 11 20 35 36 7 
4 33 37 4 15 
5 15 1 23 39 32 
4 1 28 22 4 
2 16 2 
5 29 4 3 27 28 
2 6 19 
3 30 7 18 
3 16 40 3 
2 3 11 
4 3 33 41 7 
2 14 21 
2 21 19 
2 21 4 
2 4 23 
2 5 4 
2 3 18 
2 26 17 
4 4 36 37 1 
2 1 16 
2 34 16 
2 34 17 
2 4 2 
2 4 18 
3 24 13 41 
3 40 26 15 
2 11 1 

7 5 26 3 9 27 4 32 
13 5 17 30 35 22 11 28 8 20 3 7 25 36 
15 36 2 14 19 24 16 6 10 1 15 29 30 42 41 4 
15 34 38 11 23 27 6 13 3 24 26 25 16 21 1 28 
8 13 1 33 8 7 22 2 12 
3 3 4 18 
11 2 20 18 33 23 31 5 32 9 40 14 
3 21 5 2 
4 37 1 10 7 
4 42 15 9 3 
4 29 4 12 2 
2 11 5 
3 4 31 5 
2 3 7 
2 10 3 
4 17 4 3 37 
4 19 34 2 16 
2 7 6 
2 3 17 
2 2 7 
3 8 4 38 
2 5 2 
2 4 7 
2 4 3 
3 4 2 39 
2 1 4 
3 1 4 41 
2 4 2 
3 3 11 35 
2 3 2 
2 7 13 
2 7 1 
3 39 7 5 
2 4 17 
2 29 2 
2 2 3 
2 16 9 
2 21 4 
2 25 33 
1 7 
2 27 3 
2 10 3 

8 7 3 4 21 38 39 41 15 
3 4 35 3 
14 16 19 2 20 12 11 1 6 8 5 22 23 40 7 
14 27 37 14 42 16 5 2 9 8 28 39 10 23 1 
6 10 6 4 12 30 3 
4 5 30 22 3 
3 3 1 19 
10 9 13 4 15 28 3 31 33 20 18 
4 8 4 42 26 
6 25 14 5 34 4 11 
5 37 17 21 10 3 
4 5 3 13 29 
3 40 8 12 
3 4 10 18 
3 1 17 8 
4 27 3 32 4 
2 11 15 
4 8 14 33 26 
2 7 3 
3 8 3 24 
2 11 1 
4 6 24 3 25 
3 4 3 34 
2 22 20 
4 32 10 31 22 
3 9 29 18 
3 36 16 4 
2 4 8 
2 12 26 
2 6 5 
3 8 25 35 
2 16 25 
2 18 8 
2 23 10 
2 2 31 
1 27 
3 4 11 40 
1 1 
2 4 1 
3 37 13 3 
1 1 
2 9 4 

9 22 6 24 3 32 41 5 4 11 
7 3 39 4 27 37 5 38 
8 16 10 7 2 1 9 8 11 
7 2 6 30 1 32 10 29 
6 2 1 24 7 36 15 
7 18 14 1 20 4 26 8 
9 23 14 3 9 5 17 40 36 12 
7 40 3 21 17 13 6 19 
3 3 7 37 
4 3 4 12 18 
2 1 3 
3 7 13 10 
5 12 19 26 8 16 
5 7 15 6 20 29 
8 30 39 14 5 31 35 41 27 
2 13 3 
3 23 8 7 
2 10 6 
3 13 28 8 
8 38 28 33 14 6 25 21 22 
3 20 25 8 
2 1 20 
2 17 7 
2 5 1 
3 21 35 20 
2 6 13 
2 2 15 
2 19 20 
5 33 31 14 34 4 
3 15 34 4 
2 15 29 
2 1 4 
2 29 20 
3 30 29 36 
3 25 15 41 
4 5 34 7 38 
2 9 2 
3 36 20 2 
2 15 2 
2 7 8 
3 35 1 15 
0 

8 12 31 15 3 7 28 10 4 
12 37 15 13 24 30 3 8 9 20 38 16 27 
10 2 37 5 1 31 22 17 16 4 35 
12 12 11 6 33 3 34 8 30 5 26 7 1 
3 6 4 3 
3 5 42 4 
9 4 1 23 22 14 17 36 11 40 
12 21 13 29 18 9 20 26 14 40 2 4 10 
3 8 2 29 
3 8 1 25 
2 7 4 
4 21 1 4 28 
4 2 8 19 33 
3 8 7 35 
6 2 19 39 24 1 23 
4 3 2 41 18 
5 3 41 34 7 36 
2 16 8 
3 13 15 39 
3 25 8 2 
2 8 12 
2 3 7 
2 15 7 
4 32 2 15 27 
3 20 38 10 
3 8 4 32 
2 24 2 
2 1 12 
2 8 9 
2 4 2 
2 1 3 
3 42 26 24 
2 4 13 
2 17 4 
2 14 3 
2 17 7 
2 2 3 
2 2 25 
2 19 15 
2 7 8 
3 17 42 16 
3 32 41 6 

7 17 8 36 41 3 4 18 
11 13 37 3 14 9 5 21 26 7 6 22 
19 27 15 11 4 8 19 28 26 1 2 18 20 5 23 40 10 7 29 12 
8 6 1 13 17 38 3 12 27 
5 3 28 2 30 32 
5 40 4 21 35 2 
6 11 33 9 2 10 3 
4 14 16 3 1 
2 2 7 
3 3 7 16 
2 7 3 
3 4 3 31 
9 38 31 22 4 2 20 39 19 25 
6 24 33 15 2 8 39 
2 14 3 
3 8 37 10 
4 23 4 24 1 
2 3 1 
3 25 3 13 
4 41 13 30 3 
3 2 35 6 
2 13 2 
2 17 3 
2 17 14 
2 19 13 
3 2 3 29 
3 4 3 34 
2 5 3 
2 26 3 
2 5 20 
3 12 42 13 
1 5 
2 14 7 
1 27 
2 6 21 
1 1 
2 16 2 
2 4 13 
2 14 13 
2 3 6 
2 20 1 
1 31 

11 4 21 6 25 16 3 15 30 10 28 5 
1 3 
18 15 4 37 5 19 7 12 23 42 1 25 11 9 18 16 2 34 39 
12 6 26 8 3 41 24 7 1 29 14 40 12 
10 27 13 28 22 42 3 40 19 1 11 
7 13 10 41 1 4 37 8 
9 22 23 14 20 17 4 36 33 3 
3 4 9 6 
2 3 8 
2 6 1 
4 3 30 5 18 
3 4 3 20 
3 6 21 5 
4 17 7 4 34 
2 1 3 
3 31 3 1 
2 14 7 
4 32 11 3 26 
2 5 3 
5 7 12 31 36 33 
4 29 35 1 13 
3 7 27 5 
3 24 3 7 
2 4 23 
5 38 32 35 1 3 
3 18 4 38 
2 5 22 
2 1 5 
2 4 21 
5 1 34 42 11 32 
2 16 20 
3 25 30 18 
2 7 20 
3 30 14 3 
3 36 21 25 
3 35 20 7 
2 6 3 
2 26 25 
1 3 
2 5 4 
3 42 6 4 
4 30 5 3 41 

6 21 19 3 5 8 4 
6 8 14 42 26 6 3 
7 23 4 7 2 5 1 29 
13 35 31 10 34 20 9 36 6 1 14 37 12 3 
7 37 7 3 1 26 11 15 
3 4 9 2 
3 3 5 13 
15 12 22 2 10 33 32 13 23 21 27 18 1 30 24 17 
4 6 4 11 28 
7 4 18 42 35 8 22 19 
6 41 24 40 5 9 33 
5 4 8 20 41 15 
3 7 8 16 
3 4 16 2 
3 5 12 17 
4 30 38 13 14 
2 15 8 
3 10 8 25 
3 10 1 32 
2 12 4 
8 38 25 1 34 27 36 8 39 
2 8 10 
4 29 8 3 31 
2 8 11 
2 21 18 
2 5 2 
3 28 8 21 
2 9 27 
2 23 3 
2 8 16 
2 23 4 
2 8 19 
2 8 11 
2 4 21 
2 10 4 
3 4 21 39 
2 5 4 
2 16 21 
2 21 36 
1 11 
2 11 12 
2 10 2 

11 5 25 12 4 23 32 19 24 13 3 8 
3 41 3 15 
9 10 4 2 9 11 6 1 20 13 
17 18 26 9 5 6 35 15 16 10 19 12 3 24 14 38 1 33 
4 18 4 7 1 
11 8 3 22 11 30 29 4 36 17 7 20 
4 34 21 5 6 
3 1 6 34 
4 4 3 27 35 
6 40 33 37 17 3 4 
2 3 6 
6 28 14 16 1 4 26 
2 3 1 
2 4 12 
4 36 2 4 23 
2 12 4 
2 6 10 
4 22 4 21 5 
2 1 4 
4 28 3 25 6 
2 7 18 
5 6 38 18 31 27 
3 1 37 15 
3 1 42 4 
3 1 42 20 
6 12 39 32 30 4 31 
2 9 22 
2 20 12 
1 6 
3 6 39 26 
2 26 22 
2 1 26 
2 4 10 
2 7 8 
2 4 9 
2 15 6 
2 23 10 
2 22 4 
3 40 30 26 
2 39 10 
1 2 
2 25 24 

11 10 7 30 4 34 18 14 13 3 8 39 
3 3 33 11 
21 10 25 9 37 11 12 29 8 4 5 14 1 15 2 19 17 26 6 20 21 7 
8 6 20 28 9 30 5 1 3 
7 28 35 4 22 38 3 42 
4 21 3 16 4 
6 13 19 34 18 3 1 
3 40 1 3 
3 4 3 12 
3 3 15 1 
3 3 36 2 
3 3 16 9 
2 1 7 
2 1 3 
3 3 25 10 
7 23 12 27 31 17 26 6 
6 24 16 29 23 38 3 
2 1 7 
2 3 7 
2 4 3 
5 3 6 22 41 32 
2 5 21 
5 17 27 16 24 33 
2 23 17 
2 15 3 
2 16 3 
2 16 23 
4 29 39 4 5 
3 3 28 17 
3 40 1 4 
1 16 
1 21 
3 23 2 41 
2 1 7 
1 5 
1 11 
1 3 
2 17 5 
2 28 1 
2 30 8 
2 33 21 
1 5 

3 18 4 3 
4 14 3 21 7 
6 5 4 8 1 6 2 
18 36 12 30 33 25 9 13 24 3 11 1 5 10 19 35 7 14 6 
7 8 3 31 30 33 9 4 
7 3 16 15 26 37 4 18 
4 28 42 2 4 
7 15 36 3 5 11 37 10 
4 20 4 5 13 
3 4 8 12 
3 22 8 4 
5 10 34 4 35 17 
8 42 29 4 22 25 9 32 17 
5 29 38 20 4 2 
7 8 31 16 24 40 39 6 
2 6 15 
6 13 12 19 39 27 40 
5 28 21 6 1 23 
4 32 4 26 17 
2 9 14 
3 2 18 23 
2 11 13 
4 18 27 34 21 
2 4 15 
2 13 4 
3 19 36 6 
5 17 31 35 37 23 
2 7 18 
3 41 14 13 
2 4 5 
4 5 32 15 27 
3 19 13 31 
2 5 4 
2 12 23 
3 4 12 27 
3 8 26 4 
6 6 39 40 8 42 27 
1 14 
3 15 17 37 
3 15 37 17 
1 29 
3 13 7 37 

2 11 3 
9 8 29 18 25 11 3 4 27 23 
13 25 14 19 28 5 6 7 30 13 1 33 4 2 
17 15 38 14 7 2 21 6 20 5 32 24 3 13 37 39 41 35 
12 8 4 22 31 20 24 3 9 34 18 17 40 
5 9 28 16 3 4 
2 3 4 
6 12 10 17 2 32 5 
5 15 37 6 5 10 
3 42 9 8 
3 1 12 2 
3 11 26 8 
3 4 3 19 
4 31 27 4 3 
3 16 9 4 
2 6 15 
5 38 5 34 8 22 
3 30 2 5 
5 23 21 29 3 13 
3 5 4 41 
3 26 4 19 
3 17 36 5 
3 19 36 2 
2 5 4 
2 3 2 
2 21 12 
2 14 2 
2 6 3 
2 2 19 
2 18 3 
2 14 5 
2 8 4 
1 3 
2 5 17 
1 4 
2 23 22 
4 41 9 4 38 
4 17 37 41 4 
1 4 
1 5 
4 38 37 4 20 
1 10 

11 11 23 8 16 31 13 36 39 3 22 4 
3 3 7 5 
14 22 9 18 15 13 1 4 10 2 7 6 33 23 5 
7 34 27 9 3 15 6 1 
11 26 27 2 20 14 11 8 3 10 30 36 
10 4 12 25 3 21 17 37 41 40 19 
8 14 16 12 20 24 2 3 32 
6 26 1 35 39 5 33 
4 28 32 4 3 
7 40 5 19 17 3 35 38 
3 5 1 30 
5 21 7 28 6 29 
3 1 3 37 
2 5 7 
2 3 4 
4 7 1 18 34 
2 10 6 
2 3 16 
2 6 10 
2 5 7 
3 12 24 6 
3 1 25 3 
2 3 1 
3 7 39 21 
3 6 40 22 
4 8 5 35 33 
2 5 4 
2 12 9 
1 12 
2 11 5 
1 1 
2 9 7 
3 3 8 26 
2 16 4 
3 8 26 10 
2 1 5 
3 6 42 13 
1 10 
3 24 8 1 
3 25 10 6 
1 6 
1 37 

1 3 
11 17 12 40 11 14 9 35 4 8 3 6 
13 14 25 30 23 2 1 10 32 5 29 24 16 4 
15 41 10 15 39 19 38 6 5 35 28 11 20 2 3 7 
2 3 4 
6 41 18 2 7 4 8 
9 9 4 22 16 17 30 26 15 6 
3 23 6 2 
3 2 7 38 
5 13 40 24 3 4 
10 27 4 13 22 31 2 21 36 12 39 
3 18 11 2 
3 10 11 21 
2 3 2 
4 32 19 4 7 
2 3 7 
5 20 27 29 2 7 
2 12 6 
3 15 42 4 
2 4 17 
5 34 13 25 11 31 
2 11 7 
3 8 3 41 
3 38 3 10 
2 21 3 
3 42 31 7 
2 17 11 
2 29 4 
3 17 28 3 
2 3 7 
3 21 26 11 
2 15 3 
0 
1 21 
2 2 4 
1 11 
0 
4 9 4 42 24 
2 11 4 
2 10 2 
3 23 6 4 
3 19 26 38 

13 14 11 30 3 5 28 34 10 7 26 4 20 6 
7 12 35 22 10 19 3 30 
12 2 1 7 15 23 8 4 11 9 5 38 6 
2 3 1 
2 1 3 
13 16 8 40 3 32 1 12 36 13 9 29 21 31 
3 3 28 1 
9 3 42 25 6 15 37 21 22 18 
11 39 19 32 13 14 6 3 17 34 18 37 
2 2 1 
2 3 1 
2 6 2 
5 39 9 17 25 6 
3 9 1 20 
4 8 16 31 3 
3 6 15 33 
2 9 13 
3 9 24 8 
4 9 26 41 2 
3 14 23 1 
2 6 8 
2 2 8 
3 37 20 3 
1 18 
3 13 8 26 
3 25 19 1 
2 36 28 
3 1 7 27 
2 6 34 
3 33 1 2 
2 15 6 
4 9 37 6 33 
3 30 16 32 
3 1 29 9 
1 2 
2 27 6 
5 32 9 42 23 8 
1 3 
2 13 9 
1 6 
1 19 
2 8 37 

1 3 
2 4 3 
22 12 23 15 10 1 24 7 19 13 4 26 16 21 11 2 17 8 36 5 27 14 6 
14 27 31 5 2 37 34 39 12 22 6 3 20 25 33 
8 3 14 37 31 35 4 8 7 
10 32 3 30 10 11 9 34 39 42 4 
6 5 3 26 40 42 13 
5 16 3 9 29 5 
2 6 8 
5 20 6 28 3 24 
4 6 15 19 3 
8 23 18 3 17 33 36 4 35 
2 7 3 
2 5 3 
2 11 3 
4 28 3 8 18 
2 3 12 
2 16 12 
3 21 3 11 
2 10 4 
4 41 40 3 19 
1 4 
7 12 24 29 3 36 27 33 
3 3 10 23 
1 4 
4 35 27 7 3 
4 4 3 26 23 
2 16 10 
2 23 8 
1 6 
3 5 38 4 
2 42 6 
3 12 4 23 
2 4 6 
3 5 12 26 
3 12 3 23 
2 5 4 
1 31 
2 6 4 
2 21 7 
1 21 
3 6 32 7 

16 3 7 36 4 16 8 33 28 13 11 42 23 5 6 20 12 
3 9 3 23 
15 21 9 4 1 42 10 28 32 11 5 13 30 2 41 17 
17 22 29 6 37 27 31 24 17 3 30 10 15 21 25 19 1 7 
7 3 15 8 1 33 22 26 
6 20 18 1 12 34 4 
6 1 14 31 16 24 4 
2 1 5 
2 3 2 
6 35 32 34 18 3 4 
2 3 1 
6 14 39 38 6 1 26 
3 3 36 1 
2 12 7 
3 4 40 5 
2 7 1 
3 19 4 3 
4 27 6 10 25 
2 17 4 
3 32 1 6 
3 3 4 22 
5 25 5 4 21 38 
2 1 2 
2 4 7 
5 41 29 22 4 18 
4 12 5 30 41 
2 18 4 
2 1 3 
2 4 25 
3 26 4 3 
2 4 7 
3 3 10 20 
3 1 38 5 
3 6 10 40 
1 10 
2 13 1 
1 4 
3 22 12 33 
1 12 
2 15 34 
3 26 3 25 
2 3 1 

4 3 10 18 23 
7 10 21 17 8 3 16 4 
15 41 5 22 20 35 25 9 19 4 2 7 1 31 42 13 
9 8 5 15 39 2 41 6 3 12 
5 29 15 4 6 3 
10 7 4 36 9 21 34 5 42 11 27 
7 14 18 6 3 13 30 11 
8 27 30 35 2 4 16 17 38 
3 3 26 6 
6 2 19 28 34 12 1 
2 7 6 
2 10 4 
7 33 7 20 14 24 3 28 
2 7 13 
3 4 5 37 
6 32 8 2 25 33 23 
2 2 8 
2 7 1 
3 3 10 40 
3 38 3 13 
3 6 29 2 
1 3 
2 1 16 
1 13 
2 16 3 
2 9 35 
3 6 8 37 
2 13 10 
2 5 21 
2 8 7 
1 3 
1 16 
2 16 13 
2 10 6 
3 8 3 26 
1 6 
3 39 27 15 
3 8 20 41 
2 37 4 
1 19 
3 38 3 4 
2 6 3 

13 3 13 36 8 4 42 34 27 11 9 22 39 5 
1 3 
11 6 17 11 1 14 4 22 35 15 2 7 
10 6 12 21 36 30 1 38 5 15 3 
9 35 18 4 10 28 1 25 9 13 
4 20 4 7 3 
5 8 10 3 12 6 
4 25 16 1 7 
6 26 1 28 29 5 14 
3 5 19 7 
5 32 27 3 1 18 
12 17 16 23 37 31 4 20 7 29 19 33 24 
4 1 5 42 24 
3 9 33 3 
3 26 4 3 
2 8 12 
2 3 12 
3 11 5 24 
7 36 29 37 26 31 12 10 
3 22 12 6 
1 4 
3 1 3 20 
1 12 
3 12 13 18 
4 5 39 8 38 
3 19 9 15 
2 11 1 
3 40 5 9 
4 12 32 19 9 
1 4 
2 19 12 
2 11 29 
2 14 12 
1 1 
2 5 3 
3 4 1 19 
3 19 12 40 
2 25 4 
2 25 1 
2 37 28 
0 
2 1 13 

10 7 23 5 33 4 3 22 15 10 38 
2 6 3 
18 26 40 5 29 42 27 34 10 11 36 4 14 1 32 18 12 6 2 
12 41 8 25 15 21 1 32 7 9 13 17 3 
8 3 8 35 9 24 1 16 21 
9 16 19 14 37 3 23 13 24 2 
6 31 29 4 20 25 1 
5 22 5 4 26 11 
2 5 4 
4 18 1 3 12 
2 8 3 
4 28 30 10 3 
6 4 6 28 40 17 37 
3 19 6 3 
2 1 4 
2 6 5 
3 4 37 13 
3 3 23 10 
3 14 6 21 
2 7 38 
3 19 4 5 
2 1 8 
3 6 18 1 
4 6 41 5 31 
3 34 4 7 
3 3 8 30 
2 39 3 
2 13 12 
3 7 3 32 
2 26 12 
3 24 7 40 
3 3 29 4 
2 40 1 
2 25 3 
1 5 
1 3 
4 13 6 17 41 
2 1 20 
1 27 
4 13 33 3 31 
3 24 4 37 
1 3 

1 3 
9 5 25 3 22 23 6 21 4 30 
23 1 34 20 26 8 15 7 18 35 24 19 32 12 6 4 36 5 9 17 10 28 2 13 
6 40 20 3 2 10 27 
5 3 16 29 13 2 
6 3 8 2 7 12 16 
5 33 3 6 30 9 
6 33 6 11 3 15 28 
5 3 34 7 14 11 
3 3 41 4 
5 31 37 9 32 8 
5 37 27 3 6 42 
7 22 14 21 36 5 3 18 
2 9 13 
2 8 3 
2 6 5 
3 30 3 20 
4 33 13 27 3 
2 3 39 
3 3 17 4 
3 13 38 2 
2 2 13 
1 2 
2 31 3 
3 39 2 34 
2 3 35 
3 12 4 18 
2 8 3 
1 5 
3 17 2 7 
2 11 24 
2 11 3 
3 18 7 8 
5 42 36 9 3 25 
3 3 26 41 
3 34 13 3 
2 12 11 
1 21 
2 19 25 
1 4 
2 35 10 
2 34 12 

3 18 10 3 
4 4 7 11 3 
10 5 38 23 1 8 7 6 2 4 17 
14 5 34 39 31 24 11 6 33 2 13 3 10 17 16 
8 4 3 30 32 9 29 36 27 
5 9 26 4 3 34 
6 2 14 8 15 3 21 
4 3 32 14 7 
6 36 37 30 5 6 19 
5 4 12 25 1 22 
5 2 4 29 22 12 
11 41 16 40 28 37 25 20 11 13 10 35 
4 4 26 42 12 
2 7 8 
3 39 19 7 
3 12 17 4 
3 16 4 3 
1 1 
4 15 31 38 9 
2 12 24 
1 7 
5 10 42 25 11 23 
2 3 22 
4 35 4 20 41 
5 29 12 26 22 10 
3 6 25 13 
2 5 38 
1 12 
3 25 5 11 
2 9 5 
3 39 19 4 
2 5 8 
2 4 40 
2 4 6 
2 24 12 
2 5 9 
2 9 12 
3 19 27 3 
3 15 4 31 
2 12 33 
2 24 12 
2 13 22 

5 39 38 37 17 3 
6 28 10 3 5 4 8 
22 42 6 37 10 27 2 24 19 36 31 1 17 14 34 5 11 18 15 22 7 4 29 
5 2 6 3 16 23 
3 2 25 3 
9 7 3 16 41 4 13 39 8 9 
4 9 6 42 3 
4 13 2 6 20 
8 11 33 6 7 22 12 15 35 
3 41 2 3 
3 3 12 9 
5 9 24 11 32 23 
2 8 6 
3 3 19 15 
4 9 14 3 23 
3 4 6 21 
4 3 1 18 28 
3 17 3 20 
2 14 3 
2 8 18 
2 16 39 
3 9 24 3 
4 12 15 31 4 
4 27 12 22 3 
1 5 
0 
2 3 24 
4 38 35 17 2 
1 3 
2 33 41 
3 3 42 23 
1 12 
2 30 9 
1 3 
2 28 9 
2 3 40 
2 3 1 
2 28 1 
3 6 1 21 
1 36 
3 6 30 10 
3 31 3 7 

5 41 30 5 3 4 
9 6 27 11 40 9 41 34 3 7 
14 26 10 19 1 4 18 14 20 2 8 9 17 12 31 
11 33 14 22 13 24 5 3 11 1 21 6 
15 33 32 1 39 16 25 7 15 8 28 12 37 29 4 23 
3 16 4 2 
4 13 2 5 15 
3 5 3 39 
3 2 3 10 
3 9 18 3 
4 2 17 19 4 
2 5 3 
5 7 25 4 26 14 
4 18 4 3 13 
6 5 27 33 20 21 7 
3 5 6 19 
4 11 3 21 26 
4 3 14 28 10 
4 40 16 3 11 
3 31 15 3 
4 15 17 34 4 
3 32 38 4 
2 30 5 
3 30 4 29 
2 5 13 
3 17 13 3 
2 2 15 
2 18 5 
3 5 36 24 
3 1 24 23 
2 20 3 
2 5 22 
4 15 5 4 35 
2 2 21 
1 33 
2 40 29 
1 5 
1 22 
2 5 8 
3 36 19 2 
2 2 1 
0 

8 5 18 29 11 16 4 3 34 
3 20 28 3 
11 5 4 13 10 12 1 9 22 2 17 7 
12 1 6 30 3 9 29 7 8 26 17 18 25 
4 1 35 6 3 
7 5 15 8 4 27 12 23 
5 4 3 36 32 41 
4 6 14 30 4 
7 37 25 4 10 13 3 14 
4 3 11 9 20 
2 10 1 
2 6 3 
3 9 23 3 
2 8 9 
5 6 20 28 42 38 
3 1 37 35 
5 29 3 4 21 36 
2 4 1 
3 40 36 22 
3 2 10 15 
3 26 24 17 
2 19 3 
4 27 6 13 25 
2 21 32 
4 23 42 4 9 
3 35 4 21 
2 6 23 
3 15 30 2 
4 4 1 17 38 
4 8 4 28 31 
1 30 
2 7 24 
1 34 
2 33 1 
3 5 26 16 
3 17 7 19 
2 16 9 
2 15 29 
0 
1 19 
1 7 
2 15 25 

13 18 32 20 3 8 37 22 10 11 5 36 23 13 
8 42 18 3 6 41 9 4 27 
18 42 5 1 14 23 38 33 2 24 15 41 12 37 4 9 13 20 39 
15 31 16 17 40 2 30 3 29 26 8 22 11 10 27 7 
10 14 19 15 6 7 3 25 12 34 1 
2 5 2 
2 5 4 
5 1 31 26 4 21 
4 2 35 21 3 
2 1 4 
6 4 1 21 19 15 16 
5 3 21 24 42 5 
5 1 36 39 33 3 
2 5 3 
3 11 5 3 
4 4 11 19 22 
3 35 37 4 
3 2 32 1 
5 16 5 31 38 11 
4 3 1 38 42 
5 31 8 12 11 9 
6 23 24 1 4 16 39 
3 22 3 1 
6 28 3 22 12 41 26 
2 27 5 
5 4 40 8 34 24 
3 4 2 25 
1 24 
2 33 4 
1 4 
4 19 4 8 21 
2 1 18 
3 13 29 3 
2 26 5 
2 17 9 
2 13 1 
3 3 17 1 
3 3 19 20 
4 3 40 22 13 
3 39 26 4 
3 2 3 24 
4 12 3 2 20 

13 11 4 27 3 9 5 20 37 23 33 26 41 6 
1 3 
6 1 12 4 5 2 10 
5 3 25 1 13 20 
12 7 14 6 13 27 9 22 3 11 16 1 8 
7 10 8 36 21 1 5 7 
10 18 38 5 29 32 21 28 14 6 16 
2 5 6 
2 1 5 
4 3 16 17 6 
4 24 28 5 1 
2 3 36 
2 4 5 
3 7 25 5 
0 
3 7 5 10 
1 10 
4 7 28 35 19 
1 18 
2 1 4 
3 7 6 40 
1 5 
1 1 
2 30 11 
4 14 32 38 4 
1 1 
3 29 1 5 
3 18 7 11 
4 34 33 27 7 
1 24 
0 
3 7 39 25 
2 29 1 
1 29 
1 18 
2 12 6 
1 1 
2 7 25 
1 32 
1 21 
1 1 
0 

13 23 26 11 36 10 14 7 4 5 35 13 3 21 
3 22 3 6 
14 34 32 4 8 9 1 29 24 21 33 41 14 2 16 
18 24 1 8 39 3 32 31 33 18 38 37 13 11 5 6 25 17 9 
4 19 4 1 25 
10 31 42 7 16 28 18 2 4 10 23 
2 6 1 
2 4 3 
6 19 31 34 4 3 15 
4 42 6 12 1 
7 17 19 1 4 18 24 39 
2 32 10 
4 4 1 17 15 
5 3 42 1 24 25 
2 13 9 
4 3 30 6 22 
4 13 35 4 11 
4 26 11 6 4 
6 9 33 34 5 11 23 
1 31 
2 1 3 
3 16 30 2 
3 19 6 1 
4 11 14 3 4 
8 36 40 29 35 4 14 5 28 
2 1 18 
0 
4 37 41 25 6 
2 25 3 
2 22 16 
4 9 6 20 4 
3 4 12 3 
3 3 19 4 
3 19 9 3 
6 39 40 17 1 25 38 
2 1 25 
2 4 28 
2 35 4 
3 11 35 4 
2 25 35 
2 3 28 
3 6 10 14 

9 32 40 4 8 22 7 17 36 3 
9 9 37 3 5 24 12 19 13 11 
11 6 1 27 10 38 26 7 14 4 2 5 
3 35 1 3 
13 3 42 19 31 8 41 11 10 9 33 2 6 18 
6 23 5 3 17 16 15 
2 3 1 
4 1 22 5 15 
4 12 2 5 20 
6 12 3 37 20 35 5 
3 5 2 17 
4 2 30 10 9 
5 19 15 26 2 29 
1 3 
3 8 6 13 
1 6 
3 11 1 6 
2 5 42 
3 5 13 2 
2 10 9 
0 
2 8 1 
2 28 6 
2 2 30 
2 41 27 
4 3 38 27 13 
4 3 40 25 26 
1 23 
1 13 
3 12 24 36 
2 34 5 
1 1 
1 5 
1 31 
4 39 40 10 4 
2 30 1 
2 10 2 
2 3 26 
1 35 
3 27 35 1 
2 25 5 
2 18 5 

9 36 3 11 6 33 40 27 24 4 
2 3 5 
20 10 4 28 6 14 25 1 5 7 20 21 38 2 30 19 8 22 23 39 17 
16 9 40 16 39 28 22 7 1 23 17 34 11 37 3 10 35 
7 37 35 2 41 3 15 16 
2 1 3 
12 22 3 27 32 21 14 4 25 15 36 35 29 
2 20 3 
4 20 4 29 28 
5 3 16 4 34 21 
5 4 30 1 12 13 
1 11 
1 11 
5 25 39 34 3 7 
2 7 5 
6 23 28 10 4 5 42 
3 4 3 18 
1 17 
1 3 
4 30 3 8 9 
4 7 3 37 10 
5 4 24 7 41 3 
4 16 3 4 26 
2 22 1 
4 33 3 14 7 
1 23 
2 7 1 
5 16 3 9 40 4 
3 7 38 9 
4 11 3 20 31 
2 39 30 
1 7 
2 25 1 
3 14 10 4 
3 7 5 4 
2 1 7 
3 5 21 4 
2 29 3 
4 14 3 4 31 
3 28 1 4 
2 22 5 
1 16 

4 3 32 5 4 
13 4 19 6 12 3 7 8 41 14 23 10 16 15 
7 2 12 7 1 9 39 18 
13 5 6 11 1 38 19 33 21 13 20 2 24 10 
2 4 1 
10 9 26 4 18 12 14 32 2 8 19 
4 36 3 15 2 
4 2 31 6 12 
5 6 42 13 3 26 
3 18 4 2 
2 4 30 
6 3 13 29 6 8 2 
3 9 12 4 
2 6 2 
3 7 20 2 
3 2 38 24 
2 21 42 
3 6 3 10 
3 6 4 2 
5 15 27 25 29 4 
2 17 4 
1 34 
1 2 
3 32 4 16 
1 20 
2 9 6 
1 20 
1 41 
3 31 12 20 
1 11 
3 29 33 8 
3 1 24 6 
2 31 4 
1 22 
0 
1 7 
0 
2 16 4 
1 3 
0 
2 2 28 
2 9 17 

11 10 32 17 14 29 31 5 33 9 15 3 
6 4 26 11 7 6 3 
15 8 2 23 4 7 19 29 42 16 12 36 24 13 18 1 
2 3 2 
3 8 1 14 
11 34 30 16 27 29 2 32 37 17 15 13 
3 30 2 3 
4 9 33 5 3 
3 11 1 8 
1 1 
6 24 2 9 28 35 38 
1 3 
7 18 36 22 29 6 3 17 
2 5 1 
3 25 6 1 
3 3 42 6 
5 22 28 13 6 1 
3 3 13 31 
3 20 3 35 
3 37 21 19 
2 20 39 
6 40 23 13 27 25 17 
3 26 22 3 
3 3 26 11 
5 22 36 42 15 41 
3 24 2 23 
3 6 22 40 
3 17 11 31 
4 1 6 13 3 
2 7 6 
4 18 34 28 1 
2 1 6 
2 1 8 
2 6 31 
2 19 11 
3 13 25 3 
2 20 6 
1 11 
1 21 
2 27 22 
1 25 
3 25 16 3 

2 3 12 
17 28 10 36 22 35 5 15 6 9 8 17 4 3 14 11 18 32 
2 2 1 
4 39 5 11 2 
10 9 15 6 33 2 12 19 38 4 22 
3 5 28 2 
8 20 16 10 17 35 31 8 40 
4 23 7 30 2 
4 25 24 5 2 
4 13 2 7 20 
5 18 2 30 26 4 
2 1 5 
6 37 34 21 27 10 14 
3 21 13 2 
2 2 5 
2 7 36 
2 2 7 
3 11 2 27 
2 5 25 
5 22 10 34 40 7 
2 14 13 
4 2 5 32 20 
2 35 8 
1 9 
2 9 19 
2 28 11 
2 13 18 
3 6 2 26 
3 38 41 39 
3 37 11 8 
1 7 
2 2 22 
1 5 
3 20 41 13 
3 2 7 23 
2 2 16 
3 13 30 42 
2 5 29 
2 29 4 
2 20 7 
2 29 34 
1 37 

7 31 21 11 3 28 8 5 
0 
6 4 20 8 19 31 1 
11 7 16 41 34 42 25 31 5 37 36 3 
8 1 4 32 10 6 9 14 7 
3 19 20 5 
2 5 4 
7 21 3 34 12 13 1 26 
1 5 
3 5 27 11 
6 1 13 10 29 33 22 
3 8 25 15 
4 17 18 8 11 
1 5 
6 16 40 35 23 21 12 
3 4 24 15 
2 38 13 
3 37 30 13 
3 6 3 28 
4 33 3 6 27 
5 30 15 23 1 8 
5 29 26 11 42 24 
3 21 39 15 
2 16 22 
3 12 40 4 
2 22 8 
2 10 20 
2 19 1 
3 22 39 11 
3 41 18 21 
4 3 1 38 4 
1 5 
2 20 11 
2 8 4 
1 15 
1 4 
2 18 4 
2 31 17 
2 23 29 
2 25 15 
2 30 4 
2 22 4 

0 
4 22 27 4 3 
8 10 2 15 42 35 7 34 4 
14 9 2 14 6 5 25 3 8 13 38 23 26 7 12 
5 4 6 18 28 15 
3 4 5 40 
7 23 4 37 21 3 27 17 
8 20 16 9 4 24 22 14 10 
10 13 33 11 41 4 20 18 12 8 19 
2 8 3 
6 39 17 25 31 16 9 
2 4 9 
2 9 4 
4 8 32 4 36 
3 37 5 3 
2 8 11 
5 30 7 39 19 11 
2 9 5 
3 17 29 9 
2 8 9 
2 24 7 
2 8 2 
3 26 7 4 
2 21 8 
6 29 38 11 41 30 4 
4 36 4 35 23 
2 7 2 
1 5 
3 25 19 33 
3 25 32 17 
2 11 34 
2 14 30 
2 9 29 
2 3 31 
2 3 26 
2 14 26 
3 7 42 15 
2 25 4 
3 40 17 11 
2 6 39 
2 25 9 
2 3 37 

17 7 40 6 32 21 30 13 3 34 22 5 42 25 8 20 17 4 
6 7 5 28 4 3 29 
14 2 15 21 12 6 8 22 9 35 11 1 17 24 20 
5 38 10 16 1 2 
5 1 28 2 41 18 
3 42 3 1 
4 2 10 1 24 
9 19 9 12 11 40 1 37 13 3 
5 8 3 14 29 16 
6 7 23 4 25 26 36 
3 3 8 14 
3 3 8 33 
3 1 18 8 
5 39 11 15 9 26 
3 3 19 14 
2 9 4 
4 1 23 27 3 
3 32 5 13 
2 15 8 
4 3 1 37 34 
4 3 31 33 1 
2 3 1 
2 10 17 
2 3 7 
2 10 1 
5 10 39 14 31 27 
5 30 17 38 26 36 
2 2 5 
2 9 2 
2 1 27 
2 21 26 
3 18 1 35 
2 21 12 
2 1 20 
2 32 3 
2 10 27 
2 20 8 
2 27 4 
2 14 26 
3 41 8 1 
2 40 5 
2 6 1 

6 26 23 9 6 3 5 
9 14 4 3 5 35 15 17 29 8 
6 6 1 7 4 2 37 
8 2 3 39 22 7 18 11 8 
2 1 2 
4 13 21 3 1 
12 28 30 27 33 10 16 9 42 32 4 18 3 
2 4 2 
15 7 25 36 1 11 24 15 16 26 12 13 31 27 17 10 
4 7 37 9 12 
3 9 4 40 
9 19 10 38 9 25 39 14 29 30 
4 6 40 9 35 
3 20 2 12 
4 9 33 36 2 
3 7 9 19 
2 2 9 
4 4 22 20 7 
2 12 16 
6 34 21 14 23 18 28 
2 6 20 
2 4 18 
4 24 1 42 20 
2 9 23 
2 12 9 
2 1 9 
3 9 32 7 
3 7 34 20 
2 12 2 
3 7 12 31 
3 41 30 9 
3 38 27 7 
2 15 7 
2 28 20 
2 13 2 
2 9 15 
2 3 10 
2 12 32 
3 41 4 12 
2 13 11 
2 39 31 
2 7 23 

2 3 23 
9 3 10 4 29 6 8 14 37 28 
12 1 31 7 15 21 13 5 2 16 38 4 11 
16 18 2 3 37 23 42 14 39 5 8 32 17 36 6 13 22 
8 12 4 30 15 9 3 41 11 
7 7 22 28 2 4 24 35 
5 40 9 3 6 21 
4 4 2 25 16 
6 5 7 26 39 10 20 
6 17 9 30 2 12 31 
5 24 27 3 5 18 
5 27 10 32 5 26 
2 4 3 
2 4 2 
2 3 5 
3 34 3 8 
4 36 10 4 19 
5 4 11 20 19 33 
2 18 17 
2 18 9 
3 7 25 3 
3 6 33 4 
2 4 1 
2 11 6 
3 21 8 34 
2 12 9 
2 11 12 
4 6 2 40 29 
2 2 28 
2 10 5 
2 3 10 
3 4 12 35 
3 38 22 18 
2 16 25 
2 6 32 
2 4 17 
2 2 4 
2 3 33 
3 41 4 9 
2 7 28 
2 5 39 
1 4 

7 8 14 11 3 21 4 7 
13 6 13 31 24 4 3 8 20 35 19 5 38 39 
9 9 29 10 38 27 13 2 1 25 
4 2 5 9 1 
7 7 37 2 6 4 18 16 
7 17 12 29 2 11 37 5 
5 10 5 18 1 33 
5 1 28 12 14 2 
2 4 3 
5 15 40 7 26 3 
7 28 6 33 42 40 16 1 
4 8 6 36 19 
4 2 35 3 20 
6 15 34 1 17 22 8 
2 10 14 
2 5 11 
2 6 14 
6 5 24 27 41 7 32 
7 22 25 2 23 26 21 12 
4 41 31 2 13 
2 19 1 
3 23 19 14 
5 42 19 30 39 22 
2 2 18 
2 19 3 
2 19 10 
2 18 3 
4 34 11 8 30 
2 3 6 
4 28 23 36 32 
2 20 2 
2 18 30 
2 7 11 
2 28 14 
2 2 13 
2 12 30 
2 5 6 
2 2 3 
2 2 23 
2 10 11 
3 18 42 20 
3 23 41 11 

5 3 10 40 4 7 
11 8 26 41 36 3 11 6 23 13 5 22 
9 11 4 24 12 22 1 2 7 17 
6 30 5 42 6 1 3 
4 18 9 4 2 
4 8 2 9 4 
6 35 41 14 3 21 1 
7 16 12 39 28 13 6 2 
3 10 6 5 
2 9 1 
4 3 15 2 38 
6 3 20 8 27 19 37 
10 2 14 8 26 25 16 17 33 15 31 
5 31 7 13 18 32 
4 37 13 23 11 
3 25 8 13 
4 19 13 20 3 
6 5 32 21 14 36 24 
3 30 12 17 
3 27 12 17 
3 7 39 18 
2 3 2 
3 2 15 34 
3 29 3 18 
5 34 13 16 29 40 
3 2 13 28 
2 20 12 
2 26 8 
4 24 25 42 38 
2 4 19 
3 14 33 13 
2 14 18 
2 13 31 
3 35 25 23 
2 7 34 
2 18 2 
2 12 15 
2 11 29 
2 8 21 
2 25 1 
2 2 7 
2 4 29 

2 34 3 
15 41 19 18 25 7 5 4 3 24 16 20 30 22 17 37 
11 2 7 6 12 31 4 35 1 8 9 22 
9 39 5 2 15 23 6 3 33 26 
10 39 13 9 10 38 33 31 2 4 30 
8 4 21 3 27 23 32 38 20 
7 13 14 16 8 2 17 3 
7 14 35 3 42 11 7 21 
6 10 27 25 5 3 11 
5 5 9 26 18 36 
4 15 8 9 12 
3 19 3 11 
2 7 5 
2 7 8 
2 11 4 
2 2 7 
4 40 7 2 36 
4 24 2 28 10 
2 2 12 
3 6 28 2 
2 6 8 
2 2 3 
3 4 6 32 
2 2 18 
3 29 2 9 
2 4 10 
3 9 29 6 
2 18 20 
2 27 25 
4 34 5 2 37 
2 5 3 
2 23 6 
2 4 5 
2 30 1 
2 8 3 
2 17 10 
2 30 2 
2 6 5 
2 5 4 
1 17 
1 2 
1 8 

11 38 3 18 10 9 37 11 20 19 29 4 
2 3 21 
11 8 5 2 37 15 32 7 6 22 4 1 
12 5 13 1 30 34 6 12 22 17 8 9 3 
4 4 3 12 27 
10 7 38 14 11 19 21 4 26 3 33 
6 6 13 3 17 24 15 
3 3 4 25 
5 18 4 10 1 23 
3 9 1 24 
4 14 16 6 1 
4 28 5 4 26 
6 33 4 7 28 31 30 
3 6 23 11 
3 3 16 7 
3 40 15 11 
3 4 31 7 
5 1 20 9 42 27 
2 6 1 
2 1 18 
2 2 6 
4 3 4 39 32 
2 14 9 
4 7 40 10 25 
4 8 35 29 24 
2 12 6 
3 36 5 18 
2 12 13 
3 1 34 25 
3 4 41 13 
2 13 17 
4 3 22 36 35 
3 6 39 13 
2 29 4 
2 32 25 
3 27 32 41 
2 1 3 
2 1 6 
3 22 40 33 
4 39 16 41 24 
4 36 42 40 30 
2 41 18 

8 11 3 14 9 4 22 5 27 
2 3 5 
13 6 1 16 14 2 8 4 30 31 23 40 7 13 
8 9 1 10 24 7 21 6 3 
12 21 32 1 2 15 36 10 42 8 18 25 12 
2 4 3 
4 4 32 26 3 
5 42 20 5 33 3 
5 12 41 4 1 15 
7 18 16 39 4 5 19 11 
4 1 23 10 17 
5 29 13 24 9 5 
3 3 12 34 
4 3 1 20 17 
3 25 9 5 
3 10 35 3 
4 27 11 14 26 
5 19 38 28 10 5 
4 18 29 10 38 
3 22 8 14 
2 5 4 
3 20 33 1 
3 11 3 28 
2 12 4 
3 15 5 35 
2 17 7 
5 1 30 31 39 17 
3 18 34 23 
3 12 37 19 
3 27 36 3 
2 3 27 
2 7 5 
3 8 22 41 
2 13 28 
2 16 25 
2 30 5 
2 29 42 
2 19 18 
2 10 27 
1 3 
2 9 33 
3 37 8 5 

4 4 3 22 6 
6 3 13 39 11 8 4 
7 13 5 2 26 31 1 9 
10 7 6 15 17 19 5 2 1 16 11 
5 9 32 25 3 4 
7 7 16 4 21 24 36 1 
5 8 4 12 17 6 
4 22 7 10 2 
9 20 21 14 19 10 5 23 3 28 
5 9 26 23 38 8 
5 4 27 29 2 12 
6 11 14 15 20 25 7 
4 3 2 35 18 
4 12 36 9 37 
5 4 30 31 33 12 
7 24 4 28 42 40 27 6 
4 18 30 4 7 
3 13 17 29 
4 34 9 4 32 
2 9 12 
4 9 6 33 38 
2 1 8 
3 34 9 10 
2 16 6 
2 5 12 
2 3 10 
3 16 11 42 
2 9 16 
2 18 11 
3 15 17 35 
2 15 3 
3 41 5 19 
3 21 41 15 
4 40 37 19 23 
2 13 30 
4 6 37 40 14 
3 14 36 34 
2 10 21 
1 2 
3 34 36 16 
2 32 33 
2 27 16 

10 20 21 15 13 22 17 26 3 5 40 
14 37 16 24 4 5 11 29 3 6 41 35 38 23 36 
6 4 10 19 25 1 2 
8 15 37 12 2 8 3 35 7 
10 2 42 32 33 7 27 1 6 30 11 
8 14 24 28 5 9 8 2 21 
8 4 17 5 13 25 12 9 16 
5 4 31 14 6 10 
4 7 27 6 22 
2 3 8 
2 5 2 
4 7 4 18 28 
4 30 7 1 31 
3 6 19 8 
4 4 29 1 40 
4 7 18 2 20 
2 7 1 
2 12 16 
3 14 3 42 
2 16 1 
4 6 38 1 33 
3 23 9 1 
2 2 22 
2 2 6 
3 26 7 3 
2 1 25 
4 39 5 9 34 
3 6 34 12 
3 15 32 2 
2 13 5 
2 8 13 
2 29 5 
3 21 5 36 
2 27 28 
2 2 4 
2 33 2 
3 2 39 4 
2 2 21 
2 37 27 
2 1 15 
1 2 
2 5 19 

12 5 7 17 14 24 21 4 20 3 9 6 39 
10 15 33 30 3 13 32 40 12 4 20 
4 2 37 21 1 
5 27 1 5 2 16 
8 9 8 6 11 4 1 25 29 
11 7 17 5 24 26 41 1 10 23 8 40 
9 1 6 31 34 11 22 19 13 35 
4 14 5 6 15 
5 1 10 30 12 5 
2 6 9 
5 22 5 7 28 42 
3 2 9 38 
4 2 18 26 7 
5 31 25 1 16 8 
2 2 8 
5 4 18 14 19 28 
4 1 23 29 6 
2 13 16 
3 7 36 16 
2 1 2 
2 3 1 
3 27 11 7 
2 6 17 
2 6 1 
2 14 5 
8 39 36 38 6 41 35 13 34 
2 22 4 
2 16 11 
3 33 17 5 
2 2 9 
3 32 7 14 
2 31 2 
2 2 29 
2 26 7 
2 7 26 
2 19 26 
3 3 39 41 
2 12 26 
3 26 1 37 
2 6 2 
3 26 6 37 
1 11 

1 3 
14 3 11 7 4 5 16 9 40 23 15 6 12 25 33 
12 8 21 6 2 39 34 1 4 31 38 26 9 
11 12 5 17 20 3 28 34 7 21 2 8 
10 13 35 10 4 16 2 31 41 22 11 
6 36 42 3 19 27 2 
7 15 18 30 2 32 22 4 
10 4 38 17 36 39 3 35 33 41 10 
2 2 3 
7 13 5 8 24 19 25 14 
7 23 20 29 14 2 42 5 
3 37 2 4 
2 10 5 
3 11 37 10 
4 24 2 7 30 
3 18 5 2 
3 4 8 40 
2 7 16 
2 6 10 
3 11 4 26 
4 4 32 3 28 
3 5 27 7 
2 11 2 
3 29 15 10 
2 10 2 
2 20 3 
2 22 6 
2 21 4 
2 11 24 
2 7 15 
2 5 3 
2 7 21 
2 2 8 
2 4 3 
4 5 8 42 37 
2 8 6 
3 12 14 35 
2 3 8 
2 3 8 
2 2 17 
2 8 5 
3 11 35 6 

5 8 3 13 6 11 
9 25 10 5 35 17 32 3 4 9 
11 9 17 5 2 19 4 7 1 22 39 42 
12 41 26 7 34 19 6 2 3 29 13 36 21 
6 15 3 8 33 2 37 
4 10 28 1 4 
5 4 39 36 3 29 
3 21 5 1 
7 12 3 2 11 14 15 20 
3 16 2 6 
5 12 23 1 9 40 
2 11 9 
8 14 32 24 1 26 4 18 23 
6 9 13 24 31 30 18 
5 28 5 9 27 16 
3 15 10 25 
6 3 20 2 33 27 40 
2 14 13 
4 35 4 22 3 
2 9 17 
2 4 8 
3 3 19 37 
3 11 13 38 
2 13 14 
2 16 2 
3 30 4 13 
3 15 42 17 
2 6 15 
3 7 34 4 
4 31 14 41 26 
2 30 14 
2 13 2 
2 17 5 
2 4 29 
2 19 2 
2 4 7 
2 5 22 
1 23 
2 7 3 
2 17 11 
2 30 4 
2 3 27 

5 3 4 15 39 17 
6 5 9 3 36 22 4 
11 2 39 12 8 5 24 7 1 28 30 18 
11 1 14 11 32 34 42 7 2 10 6 35 
11 11 9 6 10 34 8 33 20 3 2 40 
4 15 5 12 4 
9 27 3 20 19 14 4 17 22 35 
6 5 37 3 29 13 21 
4 5 41 2 16 
4 5 24 4 13 
5 4 5 30 23 38 
5 23 40 6 25 3 
5 31 10 29 19 8 
2 4 7 
4 1 6 26 16 
2 15 9 
4 1 31 7 18 
4 3 17 25 27 
5 26 28 21 7 13 
3 5 37 7 
2 8 19 
2 2 7 
2 11 12 
3 10 3 32 
3 33 12 18 
2 15 19 
2 18 7 
2 19 3 
2 13 8 
2 11 3 
2 13 17 
2 24 4 
2 5 25 
2 4 5 
3 4 7 38 
1 2 
2 20 8 
2 11 35 
2 3 1 
2 5 12 
1 9 
1 4 

9 35 3 41 21 4 19 11 6 8 
6 3 21 18 15 23 9 
13 7 5 8 23 15 4 29 16 13 1 10 2 33 
10 9 26 30 5 12 34 37 36 3 1 
11 20 32 6 12 10 17 26 3 7 4 25 
5 5 28 14 1 24 
6 27 3 40 16 5 25 
4 3 42 1 28 
3 2 42 4 
6 3 5 31 27 11 17 
3 1 10 22 
7 13 5 24 33 18 4 14 
3 12 3 38 
7 12 39 41 6 35 20 32 
2 3 2 
3 7 3 34 
2 5 10 
4 19 31 12 2 
2 18 1 
3 14 5 22 
3 1 30 2 
2 20 11 
2 2 3 
4 36 12 40 6 
3 7 37 5 
3 5 39 4 
3 29 7 10 
2 6 8 
2 27 3 
5 38 41 36 4 21 
2 10 18 
3 42 5 14 
2 3 12 
2 4 16 
2 1 14 
3 4 30 24 
2 25 4 
2 30 13 
2 26 14 
2 24 7 
3 30 14 1 
3 8 32 9 

7 7 17 4 29 25 3 39 
1 3 
8 21 1 16 8 2 28 5 4 
19 30 17 20 5 9 6 37 19 31 7 13 36 10 3 21 18 1 12 16 
4 8 6 4 3 
5 14 11 18 4 5 
9 1 26 29 13 12 4 24 31 10 
8 22 27 9 3 23 5 24 14 
9 32 40 22 11 36 4 15 38 8 
3 35 4 7 
4 15 6 28 9 
2 7 4 
3 4 33 7 
4 6 20 8 19 
3 42 9 11 
5 4 41 23 3 33 
3 26 4 1 
3 4 6 25 
3 4 34 14 
3 14 4 38 
3 39 4 3 
2 9 8 
7 41 37 42 8 16 32 27 
2 8 7 
2 18 1 
2 17 7 
4 8 23 35 30 
2 3 11 
2 1 7 
2 4 27 
2 7 4 
2 9 23 
2 16 13 
2 38 19 
2 27 10 
2 4 9 
2 23 4 
3 9 20 34 
2 1 21 
1 9 
2 16 23 
2 23 15 

11 20 36 3 13 7 5 14 19 4 39 22 
6 3 30 12 8 25 28 
16 26 10 2 4 14 29 20 9 8 15 5 16 1 6 21 35 
8 12 1 21 7 32 3 6 22 
5 3 1 24 11 29 
7 3 4 33 40 31 9 10 
4 27 4 38 1 
6 31 2 11 17 3 35 
4 3 6 41 18 
3 6 3 30 
7 5 34 8 19 16 13 18 
2 4 2 
3 15 1 11 
5 41 3 17 1 23 
2 13 3 
2 3 11 
5 33 27 14 26 8 
3 9 11 37 
2 1 11 
3 3 24 1 
4 25 3 4 23 
3 39 1 4 
2 21 14 
4 38 37 5 20 
3 2 32 21 
5 42 28 17 34 3 
2 7 17 
2 26 2 
2 5 3 
3 10 34 2 
2 8 6 
2 25 4 
2 6 17 
3 26 30 11 
3 3 8 40 
1 1 
2 18 24 
2 24 7 
2 22 1 
2 35 6 
2 14 9 
1 26 

4 14 4 22 3 
2 12 3 
11 6 41 10 7 18 2 4 1 5 19 8 
12 5 15 9 29 3 19 32 10 6 11 1 30 
5 23 28 17 4 3 
12 31 4 18 22 8 25 12 23 13 3 34 7 
2 6 3 
5 20 3 9 6 16 
5 17 26 8 4 33 
10 21 40 15 4 11 32 3 37 13 42 
5 39 10 14 4 27 
2 2 6 
3 6 10 28 
2 11 1 
7 26 10 35 16 21 4 20 
2 8 15 
4 29 5 9 41 
2 6 3 
3 3 36 4 
3 15 24 8 
3 10 36 15 
3 6 1 31 
5 24 6 25 5 38 
3 23 42 20 
2 6 23 
2 15 9 
1 11 
2 13 5 
2 4 17 
1 4 
2 22 6 
2 4 10 
1 9 
1 6 
3 15 36 40 
3 21 35 19 
1 10 
1 23 
2 11 42 
2 35 10 
2 3 17 
3 39 10 24 

7 5 24 23 3 6 33 41 
6 13 4 31 10 42 3 
15 12 27 16 1 7 36 5 4 15 9 6 8 14 41 2 
10 11 3 2 12 22 33 10 40 32 8 
7 18 3 28 16 1 39 29 
5 27 1 3 7 9 
8 3 28 15 25 26 6 36 19 
4 17 30 4 3 
2 6 3 
5 11 35 22 2 4 
9 10 13 17 4 14 24 29 25 21 
3 3 20 4 
3 2 18 11 
4 19 3 11 39 
2 3 7 
3 5 3 37 
2 11 8 
7 38 32 40 5 20 21 13 
2 7 14 
5 18 31 23 12 42 
2 18 11 
3 4 34 10 
6 35 37 30 1 38 20 
3 26 11 1 
2 11 7 
6 39 24 27 34 30 7 
3 6 26 3 
3 35 5 7 
2 5 11 
5 37 23 33 26 8 
2 2 20 
2 4 18 
4 30 1 38 4 
2 22 26 
3 23 28 10 
3 40 3 7 
3 23 30 16 
3 23 18 33 
3 5 14 26 
3 18 36 4 
2 1 3 
2 20 2 

11 21 3 7 14 4 20 33 29 9 35 12 
3 3 32 15 
14 36 27 2 4 38 7 8 40 14 21 5 1 6 17 
5 1 3 42 34 5 
11 32 23 19 18 31 6 4 10 26 3 22 
7 23 22 3 29 8 5 37 
10 1 20 13 3 38 10 9 16 34 11 
3 3 6 28 
5 19 13 7 18 1 
4 7 12 11 5 
4 10 24 16 7 
2 10 1 
5 9 15 41 7 33 
6 25 30 1 3 17 26 
2 13 2 
2 11 7 
4 35 3 14 28 
4 9 31 30 5 
2 5 9 
2 7 1 
3 3 25 1 
3 24 5 6 
2 6 5 
2 11 22 
2 21 14 
2 14 5 
1 3 
2 8 17 
2 1 6 
2 14 18 
3 5 34 18 
2 5 2 
2 13 1 
3 7 31 4 
2 17 1 
1 3 
1 6 
2 7 3 
0 
1 3 
1 13 
1 4 

5 36 32 6 17 3 
5 3 30 7 4 12 
11 5 9 25 24 22 23 29 1 4 8 2 
9 6 5 20 3 13 2 34 38 10 
10 40 9 12 21 27 3 4 8 10 11 
14 19 15 40 39 18 14 1 4 28 13 7 20 11 26 
5 22 6 31 2 16 
2 3 5 
2 3 5 
3 41 5 4 
7 31 5 19 28 6 15 38 
4 18 5 2 29 
5 6 23 24 4 14 
6 34 27 6 16 17 13 
2 6 11 
4 37 7 14 42 
2 14 1 
5 12 36 21 6 39 
4 41 26 11 6 
3 35 6 4 
2 5 18 
3 25 3 7 
2 3 13 
3 3 13 40 
2 3 22 
3 27 6 19 
3 26 5 14 
3 11 36 6 
2 3 12 
1 2 
2 7 11 
1 1 
2 41 39 
2 4 14 
1 20 
4 37 28 1 18 
2 36 16 
3 39 4 11 
5 33 38 6 42 18 
3 24 5 6 
3 10 19 33 
2 16 39 

11 14 27 29 7 35 3 21 6 4 15 8 
2 10 3 
14 4 5 19 2 40 1 34 11 6 42 22 26 14 12 
9 5 9 3 38 1 7 32 12 18 
7 10 36 4 29 15 3 41 
6 25 1 9 37 3 8 
5 4 30 38 13 1 
5 11 1 6 24 13 
2 4 6 
2 2 5 
2 3 8 
3 4 3 20 
9 18 25 26 28 17 22 7 8 16 
7 35 33 1 3 16 19 20 
4 23 17 1 5 
3 13 41 14 
3 13 24 15 
7 21 13 39 4 37 34 31 
2 14 3 
4 39 14 12 31 
4 23 1 18 30 
2 3 13 
3 33 21 15 
4 8 17 37 33 
3 6 13 30 
2 3 13 
1 1 
3 35 32 13 
2 5 1 
3 25 7 21 
3 20 18 42 
2 28 4 
3 14 24 23 
2 18 3 
3 28 1 14 
1 5 
3 6 24 18 
2 4 7 
2 18 20 
1 3 
2 16 5 
2 3 31 

8 13 3 10 22 8 19 4 40 
3 11 3 5 
10 7 28 1 34 17 2 18 4 24 21 
15 9 27 1 3 21 25 32 42 6 20 26 12 5 8 7 
8 6 30 2 19 15 17 4 18 
9 22 29 5 15 13 31 37 39 4 
6 20 32 3 31 11 4 
7 27 16 9 1 37 4 14 
6 10 8 40 12 4 28 
4 35 1 9 23 
3 2 7 39 
5 41 38 4 29 9 
6 14 6 1 23 36 16 
4 8 24 33 13 
2 6 5 
2 8 13 
4 26 5 3 33 
2 3 5 
2 1 5 
3 4 25 7 
2 4 3 
3 6 1 40 
2 13 10 
3 3 14 27 
2 20 4 
3 33 4 17 
4 24 4 8 28 
4 9 27 32 3 
2 6 12 
1 5 
3 7 36 6 
4 28 7 4 42 
3 17 14 26 
1 3 
1 10 
2 31 13 
2 8 6 
1 12 
2 6 11 
3 1 22 9 
1 12 
2 4 32 

6 3 15 25 13 28 9 
17 34 10 35 3 40 17 7 36 23 6 4 11 42 22 5 27 30 
13 11 1 12 40 15 8 25 35 6 2 5 20 4 
7 18 9 3 16 14 2 27 
2 2 3 
15 2 7 26 13 38 10 12 29 39 32 8 16 20 23 3 
2 2 6 
4 18 19 3 6 
2 1 4 
5 2 28 24 6 30 
8 2 31 21 41 3 14 34 19 
5 38 39 33 6 3 
5 37 17 1 6 21 
2 4 11 
2 3 1 
3 6 31 4 
5 32 22 41 13 2 
3 8 4 24 
2 8 11 
2 3 6 
2 13 11 
2 17 2 
2 6 2 
2 10 18 
2 3 1 
2 36 6 
3 2 4 35 
2 10 1 
2 30 6 
7 42 34 2 41 29 10 38 
2 16 11 
2 6 17 
1 12 
3 2 30 11 
3 3 2 27 
2 26 2 
1 13 
3 6 12 30 
2 6 12 
2 2 3 
3 11 17 30 
2 30 2 

16 19 5 26 11 37 38 40 3 30 25 41 4 22 34 24 35 
6 28 4 10 3 42 29 
10 6 1 13 25 17 21 14 2 8 15 
11 17 10 31 7 11 8 16 1 5 20 2 
7 6 14 9 1 29 4 7 
4 5 28 3 36 
3 4 5 35 
10 30 40 9 13 4 3 39 34 12 22 
5 15 18 8 12 5 
6 38 21 37 2 33 4 
3 4 26 1 
3 9 24 8 
4 23 27 8 3 
2 3 5 
5 9 20 18 3 16 
2 4 15 
3 4 19 3 
3 9 27 15 
2 17 1 
3 15 33 4 
2 3 10 
2 8 1 
3 42 13 26 
2 1 12 
2 3 1 
3 23 11 1 
3 29 13 18 
2 6 2 
3 5 27 2 
2 1 8 
2 37 4 
1 36 
2 10 20 
2 1 8 
2 1 7 
2 32 6 
3 10 1 31 
2 10 1 
1 8 
2 1 8 
1 1 
2 23 2 

13 16 4 36 26 15 3 8 21 7 6 5 18 13 
5 11 3 7 4 41 
20 6 23 11 28 29 5 25 27 9 39 34 17 10 33 13 12 1 42 19 2 
2 2 1 
3 16 1 3 
2 1 3 
10 2 19 9 1 39 12 35 8 24 20 
7 14 22 28 40 7 31 1 
8 23 3 10 33 32 20 14 7 
5 17 22 3 9 15 
4 3 2 30 41 
7 24 29 37 21 7 3 27 
6 32 3 1 34 40 30 
3 8 26 9 
3 10 18 1 
2 5 1 
2 3 10 
2 1 15 
2 3 7 
2 7 9 
4 12 32 1 33 
4 10 8 36 23 
3 22 9 3 
2 12 7 
1 3 
2 14 1 
2 12 3 
4 3 31 8 42 
3 12 32 3 
2 11 13 
2 28 8 
5 13 29 39 9 21 
3 9 21 3 
2 3 13 
1 7 
2 1 22 
2 41 12 
0 
3 3 32 7 
2 8 13 
3 2 11 37 
2 3 28 

8 16 27 4 41 12 11 6 3 
14 13 3 34 6 14 37 21 15 10 27 17 5 32 31 
6 4 1 2 16 30 24 
19 10 25 3 14 7 32 36 26 5 13 33 1 30 22 42 8 28 11 9 
2 4 2 
6 18 35 2 28 1 7 
5 6 4 9 8 17 
3 7 19 4 
5 15 29 4 34 7 
5 12 23 33 4 2 
2 1 4 
3 1 10 29 
3 4 2 20 
3 21 2 4 
3 2 35 9 
5 3 20 18 1 37 
2 2 7 
2 16 6 
1 8 
2 13 16 
2 2 14 
2 4 31 
2 10 25 
1 3 
2 4 23 
2 38 4 
4 2 37 38 1 
3 6 42 4 
3 35 9 12 
3 3 36 4 
2 2 22 
2 2 4 
2 4 10 
2 2 9 
3 6 15 29 
2 30 4 
3 2 16 27 
2 27 26 
0 
0 
1 1 
2 28 4 

5 3 17 29 25 7 
12 42 3 30 4 13 23 10 5 21 22 26 14 
13 26 15 1 4 32 40 23 11 8 19 27 6 2 
6 27 16 2 3 9 5 
6 25 32 6 4 2 7 
11 39 8 9 41 18 19 12 3 38 5 31 
5 11 5 20 1 35 
7 3 13 6 22 10 40 36 
5 24 14 37 4 6 
5 2 39 33 8 12 
5 3 37 17 7 36 
4 10 15 6 42 
6 2 18 28 8 16 21 
2 9 2 
4 33 12 3 28 
2 13 4 
5 23 19 1 22 11 
2 13 6 
4 3 6 17 25 
3 24 39 7 
2 13 2 
3 17 8 2 
6 2 42 3 17 38 40 
4 31 9 36 20 
5 1 26 19 41 5 
3 2 3 25 
2 4 3 
2 13 15 
2 38 1 
1 2 
2 24 6 
3 3 39 5 
2 10 15 
0 
1 7 
3 8 11 24 
2 11 9 
3 23 6 29 
5 20 32 40 6 10 
4 8 39 23 3 
2 25 6 
3 12 2 23 

1 3 
7 15 3 6 5 4 11 33 
14 16 4 24 9 27 6 17 7 42 12 30 5 2 1 
9 3 2 26 32 34 37 18 17 24 
6 2 13 3 14 10 19 
11 15 41 3 27 9 12 7 8 2 18 11 
14 3 21 20 13 30 29 32 39 36 6 8 22 34 26 
5 7 38 41 29 6 
5 20 10 6 3 22 
4 5 9 35 25 
5 14 2 6 19 37 
3 33 3 6 
4 5 28 7 16 
4 42 21 5 11 
2 6 2 
3 13 34 3 
2 4 3 
2 4 6 
5 11 5 20 24 31 
3 19 7 9 
3 38 14 7 
2 9 7 
0 
4 19 4 3 29 
1 10 
2 7 4 
2 3 6 
1 13 
5 7 8 34 24 30 
3 29 3 7 
2 19 35 
2 4 7 
2 2 12 
4 16 29 4 7 
2 31 10 
1 7 
3 11 4 41 
2 21 8 
1 7 
0 
3 37 6 8 
2 3 14 

8 32 41 6 3 12 8 7 5 
6 20 3 4 27 10 18 
13 13 17 5 10 2 8 23 4 38 18 16 30 1 
6 3 29 11 14 6 2 
6 27 3 1 24 9 11 
7 15 33 4 9 1 41 7 
11 13 32 6 1 14 28 22 23 25 26 31 
4 33 1 3 25 
5 12 28 20 5 6 
8 15 2 39 16 26 3 19 21 
5 5 35 4 30 37 
3 1 22 9 
2 7 3 
2 4 7 
2 6 10 
3 10 3 36 
1 3 
2 2 3 
3 35 10 28 
3 23 2 9 
3 10 39 23 
2 12 7 
5 21 20 3 7 25 
2 5 31 
3 8 7 23 
2 10 7 
4 38 2 5 40 
4 31 7 19 9 
1 4 
2 11 3 
4 40 24 7 28 
2 1 7 
2 6 8 
0 
2 11 19 
1 16 
1 11 
2 27 3 
2 21 10 
2 27 31 
2 6 1 
0 

2 3 30 
13 17 5 4 14 21 28 3 9 8 27 34 13 6 
12 11 13 41 1 12 10 7 32 31 9 2 4 
13 20 23 6 26 25 2 39 31 36 3 15 12 5 
5 42 4 10 7 2 
15 38 23 27 15 4 22 8 17 33 25 32 35 42 2 16 
5 5 39 26 3 22 
7 14 2 6 16 28 18 11 
5 19 3 24 2 29 
3 36 5 3 
5 8 33 3 21 40 
6 40 18 20 37 3 4 
2 2 3 
5 34 2 38 8 17 
3 21 6 4 
3 6 19 8 
3 2 6 14 
2 12 8 
4 16 9 35 29 
3 4 42 12 
5 40 42 11 15 2 
2 6 7 
3 24 4 6 
3 9 23 40 
3 4 36 6 
2 4 7 
3 2 6 31 
5 34 37 8 2 36 
2 19 9 
2 39 1 
3 27 4 3 
2 3 6 
2 11 6 
3 14 28 2 
2 19 6 
4 10 28 25 4 
2 12 28 
2 14 6 
3 4 30 7 
4 12 24 11 21 
1 3 
4 5 20 6 21 

18 14 24 26 4 5 38 11 13 8 41 40 19 7 6 9 22 15 3 
1 3 
12 22 2 1 4 42 20 17 32 35 18 7 5 
5 12 3 17 1 8 
10 11 30 18 15 33 3 1 6 23 20 
2 1 5 
5 3 40 10 1 27 
7 29 4 13 19 26 9 1 
5 10 31 34 8 1 
7 31 36 9 7 25 30 14 
10 32 5 23 29 39 1 33 25 12 16 
2 11 4 
2 8 1 
2 10 1 
2 5 1 
3 19 11 24 
2 4 3 
3 5 3 30 
3 1 16 8 
3 38 5 3 
0 
2 3 1 
2 11 5 
2 1 16 
2 11 10 
4 8 29 1 35 
1 7 
1 41 
3 26 8 11 
3 10 5 18 
2 10 9 
2 11 3 
3 34 5 11 
2 33 9 
3 37 26 3 
1 10 
1 35 
2 1 20 
1 11 
2 1 7 
2 1 28 
1 3 

10 35 12 37 18 16 3 17 30 4 41 
9 5 6 8 7 3 9 21 11 15 
16 23 33 11 7 4 20 24 42 8 26 2 6 1 15 5 13 
4 22 9 3 1 
5 28 2 20 3 25 
6 2 14 13 39 12 3 
3 3 2 34 
4 3 17 2 10 
5 10 41 31 4 2 
2 9 8 
2 2 3 
2 1 6 
2 3 6 
7 28 39 16 27 6 38 21 
2 3 2 
3 21 1 14 
2 1 8 
4 37 1 36 24 
1 42 
2 3 5 
3 2 16 14 
2 37 4 
1 3 
2 3 18 
1 5 
2 3 28 
1 14 
4 34 26 5 14 
0 
2 1 41 
1 9 
0 
1 3 
3 7 35 28 
2 34 1 
1 18 
3 18 22 1 
1 14 
2 6 14 
0 
3 1 30 9 
2 3 19 

7 41 5 25 6 14 11 3 
8 3 18 17 10 4 8 14 40 
11 33 8 28 2 7 5 4 1 9 30 21 
4 2 3 26 7 
5 3 1 40 16 6 
4 5 22 15 1 
5 3 10 41 4 24 
11 23 2 3 32 34 16 29 9 19 42 13 
9 8 36 3 11 15 25 22 19 24 
2 2 7 
2 9 1 
4 18 30 14 23 
3 25 8 16 
5 2 1 12 24 37 
3 31 6 9 
6 8 5 13 32 27 19 
2 19 2 
3 12 2 29 
5 16 8 38 9 17 
2 21 22 
7 34 42 3 33 26 20 28 
4 32 6 20 9 
3 40 12 8 
4 36 7 9 14 
4 9 27 1 13 
3 4 21 29 
2 16 25 
2 21 3 
3 26 18 8 
3 3 12 36 
2 39 15 
3 16 22 8 
3 3 38 21 
3 8 35 21 
2 34 40 
3 24 30 9 
1 14 
2 19 33 
1 31 
4 5 23 35 2 
2 7 1 
2 21 8 

3 38 9 3 
7 17 3 5 27 6 38 4 
15 28 13 6 32 25 2 36 9 29 10 5 1 18 7 4 
14 32 2 25 16 11 14 3 30 10 19 7 8 39 12 
6 33 11 3 15 2 21 
4 8 3 36 2 
11 24 41 15 3 18 26 21 4 31 27 23 
3 4 6 28 
2 3 1 
5 4 18 12 3 37 
5 12 5 13 4 39 
9 17 30 10 23 28 4 11 27 42 
2 11 3 
4 21 4 34 38 
3 5 20 7 
4 38 26 20 4 
4 39 12 33 2 
3 3 7 10 
1 4 
3 16 15 29 
5 36 35 5 14 7 
0 
2 12 7 
2 7 37 
3 27 3 4 
3 32 16 7 
4 12 2 25 7 
3 3 8 12 
3 31 3 20 
4 31 35 12 4 
3 29 7 30 
3 3 4 26 
2 5 17 
1 14 
2 30 21 
3 6 21 3 
2 24 10 
4 2 16 1 14 
3 4 17 11 
0 
1 7 
1 12 

6 8 3 15 37 7 11 
10 39 6 9 18 3 20 5 24 4 21 
12 19 35 1 33 36 10 2 42 4 20 18 17 
9 5 2 25 16 3 8 34 13 12 
11 7 24 2 12 27 13 6 4 11 29 9 
7 10 39 33 17 5 2 15 
3 16 5 1 
2 4 1 
8 35 16 29 17 2 5 12 41 
4 3 6 22 13 
2 5 1 
5 5 9 19 4 33 
6 10 5 20 14 4 42 
3 13 34 24 
4 6 23 40 1 
3 9 7 4 
4 9 20 3 6 
3 39 3 2 
2 3 12 
5 2 3 13 17 22 
2 37 2 
2 20 10 
2 15 34 
5 35 30 2 14 5 
2 4 26 
2 42 25 
2 31 5 
0 
2 5 9 
1 24 
2 37 27 
0 
3 6 3 12 
3 23 14 4 
3 24 9 3 
1 3 
4 21 1 40 31 
0 
3 2 6 18 
2 15 37 
1 9 
3 26 13 3 

9 17 19 12 33 3 22 5 7 4 
12 3 20 14 4 28 9 6 17 36 40 41 24 
6 14 1 13 21 2 37 
15 6 21 2 30 27 33 19 39 15 11 1 23 8 5 20 
5 1 27 4 7 41 
8 4 11 31 2 12 10 16 13 
2 1 5 
4 4 37 27 19 
2 2 14 
3 28 42 6 
2 4 6 
6 38 40 6 14 1 25 
3 32 6 3 
6 36 38 9 12 2 3 
3 4 30 29 
4 6 26 22 28 
3 22 1 2 
0 
6 1 23 31 32 4 8 
4 35 4 2 21 
5 40 20 4 41 3 
4 23 1 16 17 
4 26 4 19 22 
1 2 
2 30 12 
2 23 16 
3 5 4 8 
3 2 16 10 
2 15 31 
4 25 4 34 15 
3 29 19 6 
2 13 19 
2 1 4 
1 30 
1 20 
2 2 14 
2 8 3 
2 12 14 
1 4 
4 41 12 2 21 
4 40 5 21 2 
1 10 

8 3 28 19 7 5 4 21 37 
17 34 6 37 26 15 20 41 23 24 7 17 12 9 11 18 8 3 
11 20 8 32 22 2 36 31 12 35 4 1 
11 33 3 5 15 36 21 23 30 14 10 1 
8 13 4 29 1 35 6 26 11 
2 5 2 
6 2 1 10 8 16 9 
6 25 2 3 26 40 7 
4 39 7 2 32 
4 15 4 29 7 
3 5 2 35 
4 32 18 2 3 
2 25 5 
2 4 42 
3 10 4 2 
2 7 18 
2 24 2 
5 31 2 12 16 22 
2 38 1 
2 2 3 
5 23 4 30 1 42 
3 18 3 34 
4 29 4 2 21 
2 2 17 
6 13 34 8 36 35 26 
5 2 25 8 5 28 
0 
3 26 1 37 
3 10 5 23 
2 4 21 
2 18 3 
3 12 9 3 
1 4 
4 22 25 38 2 
4 11 3 25 5 
3 25 3 4 
3 1 2 28 
2 34 19 
1 9 
1 8 
1 2 
2 14 21 

7 11 24 3 5 31 7 23 
10 19 4 40 14 3 16 42 21 38 25 
10 41 5 9 8 12 4 2 6 1 20 
6 3 9 36 6 18 2 
2 1 3 
6 42 40 16 3 4 13 
10 24 34 27 9 22 14 18 32 29 1 
1 3 
7 31 16 3 7 10 4 39 
3 25 9 17 
1 1 
2 3 39 
2 28 6 
3 7 40 2 
0 
5 25 6 9 19 2 
1 10 
2 7 4 
3 33 16 2 
1 3 
1 2 
1 7 
1 1 
4 1 7 27 38 
3 16 2 10 
0 
4 30 41 24 7 
1 13 
1 7 
1 27 
2 1 9 
1 7 
1 19 
2 42 7 
0 
2 38 4 
0 
3 24 2 36 
2 9 12 
3 2 6 14 
2 27 3 
3 2 34 6 

11 9 14 41 3 42 7 6 5 4 20 18 
8 27 8 5 20 3 40 7 13 
8 4 1 9 31 32 2 11 25 
2 3 1 
6 18 1 20 14 2 26 
9 27 1 32 24 11 7 8 21 19 
12 37 17 1 39 10 6 34 41 23 27 2 35 
4 13 6 30 2 
7 22 25 10 1 28 3 33 
3 29 9 7 
6 38 6 35 3 12 15 
4 42 11 13 39 
6 22 2 15 8 16 12 
4 36 40 5 1 
2 11 13 
4 13 17 33 29 
3 16 7 26 
2 1 5 
1 6 
3 2 5 1 
3 6 34 30 
2 9 13 
1 7 
2 28 6 
2 3 9 
2 17 5 
3 6 7 2 
3 31 9 24 
3 16 10 37 
2 21 8 
3 32 3 28 
3 6 31 3 
2 9 16 
2 7 21 
2 11 7 
1 14 
2 7 29 
1 11 
2 12 7 
2 2 14 
2 7 1 
2 1 12 

21 18 16 7 17 3 4 5 24 12 36 27 25 22 8 41 11 33 14 10 38 9 
1 3 
2 2 1 
9 24 31 33 22 6 28 36 19 1 
5 1 39 26 38 14 
8 8 10 12 18 11 42 16 4 
1 1 
5 10 12 1 17 6 
1 1 
5 8 1 23 6 24 
7 1 21 36 40 15 16 6 
6 6 8 13 27 1 30 
1 12 
3 5 1 15 
7 25 29 11 35 14 23 17 
4 6 1 30 11 
3 15 8 1 
6 35 19 1 21 6 28 
3 18 37 4 
1 22 
2 18 11 
3 4 20 1 
3 15 26 10 
3 10 4 1 
4 15 32 34 1 
3 23 29 5 
3 37 1 12 
4 33 18 41 4 
2 26 15 
2 12 16 
2 4 39 
2 34 25 
3 28 1 4 
2 25 32 
3 15 38 18 
3 11 1 4 
2 19 27 
3 1 5 35 
2 31 5 
1 11 
2 28 1 
1 6 

5 4 3 40 19 24 
0 
10 19 28 27 39 4 7 6 17 26 1 
12 5 23 3 33 12 18 1 6 21 30 35 26 
7 10 4 8 13 35 21 34 
5 3 9 23 4 42 
5 3 36 11 13 16 
3 5 15 40 
3 32 6 34 
2 5 20 
4 29 24 15 7 
1 4 
5 14 20 28 7 5 
3 13 31 37 
2 11 8 
3 7 31 29 
1 3 
3 32 19 4 
5 22 18 25 1 3 
2 13 10 
2 5 4 
3 38 30 19 
2 4 6 
2 1 11 
1 19 
2 3 4 
1 3 
4 13 3 37 40 
2 11 16 
2 4 22 
2 16 14 
2 9 18 
1 4 
2 5 9 
3 39 5 4 
1 7 
3 42 14 28 
1 22 
3 3 35 41 
3 28 1 8 
1 39 
2 6 37 

0 
13 32 6 3 17 10 11 16 13 8 34 5 21 4 
14 20 31 5 2 16 15 23 10 14 22 9 27 8 33 
4 2 7 23 20 
6 2 7 6 25 3 13 
7 2 18 9 5 15 12 19 
8 37 11 38 12 5 4 29 14 
4 42 32 3 2 
2 6 3 
2 2 3 
3 7 18 2 
4 7 6 35 30 
13 26 2 5 38 36 29 39 37 40 17 35 33 22 
3 7 3 24 
3 3 6 30 
3 2 3 28 
6 39 2 21 26 13 28 
2 6 11 
1 6 
2 4 3 
3 27 2 17 
4 3 36 13 34 
2 3 4 
2 14 25 
2 24 5 
2 13 17 
3 41 3 21 
2 17 16 
2 7 13 
3 12 15 31 
2 3 30 
2 8 2 
2 13 3 
2 2 22 
2 12 13 
3 41 13 22 
2 7 13 
3 13 42 7 
2 13 17 
1 13 
2 36 27 
2 8 38 

17 7 3 27 29 42 8 25 9 18 6 13 5 15 12 33 4 38 
1 3 
10 13 1 2 11 16 30 5 4 34 36 
9 23 20 7 3 6 35 24 1 21 
4 3 1 17 22 
14 24 1 41 19 32 9 37 10 14 39 4 40 15 8 
3 4 1 14 
5 32 10 6 1 22 
5 40 12 16 1 6 
4 11 19 6 8 
8 20 10 23 3 21 27 18 41 
2 9 1 
4 17 3 1 36 
5 30 29 28 7 6 
2 6 1 
4 38 34 3 9 
3 13 33 5 
3 1 28 11 
4 10 6 31 26 
2 11 4 
3 4 42 11 
2 8 5 
4 4 26 11 25 
2 4 6 
3 39 1 23 
3 23 35 19 
2 11 1 
4 31 37 18 14 
2 1 14 
2 14 3 
2 19 28 
2 8 6 
2 17 1 
2 3 16 
2 4 26 
2 13 3 
2 6 28 
2 1 16 
2 25 6 
2 6 9 
2 6 11 
2 1 21 

16 29 39 14 9 8 32 34 37 23 3 22 6 4 21 16 19 
4 4 26 3 27 
9 25 13 2 14 20 5 19 22 1 
16 8 9 6 16 18 27 24 30 12 5 1 7 2 23 10 28 
5 3 12 4 20 11 
4 7 4 1 38 
5 10 38 6 30 4 
3 4 36 1 
5 25 17 4 15 1 
7 4 34 13 7 33 17 11 
3 10 5 35 
4 5 4 29 42 
4 15 36 10 3 
5 21 3 1 37 32 
2 9 13 
2 4 1 
5 41 18 10 24 9 
3 17 31 4 
3 1 28 3 
7 26 39 3 42 40 41 5 
2 14 1 
3 3 1 35 
2 1 4 
3 40 4 17 
2 3 9 
3 2 33 20 
2 2 4 
2 4 19 
3 12 31 1 
2 4 7 
2 29 18 
2 1 14 
2 26 10 
2 10 1 
2 22 11 
2 8 13 
2 14 1 
2 7 6 
2 20 1 
2 20 24 
2 20 17 
2 20 12 

6 12 3 40 24 30 5 
4 16 4 40 3 
13 18 7 11 4 8 2 38 5 6 9 1 25 27 
5 10 7 19 2 3 
14 31 6 36 19 15 11 14 28 3 41 1 34 23 8 
8 9 38 30 5 42 15 3 13 
8 10 25 3 4 37 20 26 22 
3 3 5 12 
2 6 3 
4 22 7 21 4 
4 14 3 5 17 
5 13 1 8 32 21 
3 6 35 12 
5 33 18 17 11 5 
4 6 20 5 16 
5 15 24 2 41 34 
2 14 11 
5 35 14 42 3 27 
3 4 5 37 
4 7 15 23 29 
2 10 12 
4 26 10 7 31 
3 33 5 20 
4 1 29 16 28 
2 7 3 
3 7 39 22 
2 3 18 
3 24 5 32 
3 36 20 24 
3 1 39 6 
2 22 5 
2 12 28 
2 23 14 
2 16 5 
2 13 18 
2 5 29 
2 19 7 
2 3 6 
2 26 30 
2 2 1 
2 5 16 
2 18 6 

2 13 3 
10 34 41 6 10 4 5 3 38 26 7 
11 21 8 1 20 4 2 40 30 6 10 9 
4 2 5 3 37 
14 26 9 2 12 4 13 14 17 11 18 8 15 16 40 
8 22 3 17 7 19 23 33 2 
3 14 6 2 
4 5 3 11 25 
5 31 12 5 3 19 
5 23 21 15 3 2 
10 8 22 16 31 41 27 5 29 34 25 
3 36 9 5 
3 5 24 1 
6 28 32 29 7 5 39 
4 20 30 5 10 
5 5 24 11 42 18 
2 6 5 
3 27 16 5 
5 36 9 6 28 33 
2 15 3 
2 3 10 
2 6 11 
2 10 6 
4 38 32 16 13 
3 8 35 11 
3 5 37 2 
2 11 18 
3 14 35 19 
3 42 14 11 
2 3 15 
2 9 11 
2 14 24 
2 6 19 
3 2 39 11 
2 28 25 
2 19 12 
2 4 26 
2 24 2 
2 34 14 
2 3 5 
2 2 11 
2 16 29 

3 6 3 5 
15 3 41 25 16 14 4 35 21 6 12 7 13 30 8 11 
6 4 1 18 32 17 2 
11 3 12 9 2 37 27 15 18 5 11 28 
14 14 22 40 1 34 9 25 10 23 7 39 8 17 4 
2 2 1 
3 2 33 5 
4 15 2 19 5 
6 5 19 4 10 20 13 
2 5 9 
6 27 20 2 4 31 28 
3 2 4 22 
5 40 16 2 26 9 
4 23 2 5 21 
4 8 4 38 29 
5 36 31 2 26 13 
3 34 5 3 
2 4 3 
3 8 9 24 
7 38 42 37 33 9 39 11 
3 2 14 24 
2 5 12 
2 14 5 
2 21 19 
3 5 2 32 
2 16 13 
4 11 4 29 30 
4 4 11 42 35 
2 15 27 
3 2 27 41 
2 16 11 
3 3 25 36 
2 20 7 
2 17 5 
2 2 28 
2 16 32 
2 20 4 
2 15 20 
2 5 20 
2 5 13 
2 30 2 
2 20 28 

11 26 10 28 38 9 21 16 3 6 41 31 
3 3 4 33 
17 40 27 29 4 17 1 18 5 42 39 32 25 13 10 2 12 35 
15 9 6 14 30 8 3 5 33 22 12 29 2 7 39 15 
8 4 7 23 18 20 8 31 3 
5 1 11 19 17 4 
2 4 5 
6 5 15 16 28 13 4 
4 20 1 11 4 
3 1 3 32 
3 6 14 9 
2 4 3 
3 3 42 8 
5 4 24 23 19 11 
2 8 4 
2 1 8 
5 22 3 34 6 35 
5 26 24 21 3 5 
2 14 6 
2 5 9 
2 1 18 
3 4 17 30 
4 25 37 5 14 
2 14 18 
4 37 40 3 23 
3 27 1 18 
4 41 3 26 36 
3 38 1 8 
2 3 4 
2 22 4 
3 5 1 34 
2 10 3 
2 4 2 
2 17 31 
3 36 3 17 
2 35 27 
2 25 23 
2 28 1 
2 3 4 
2 25 3 
2 27 1 
2 13 3 

5 36 17 13 5 3 
14 30 34 4 12 22 10 6 7 16 21 8 3 26 15 
12 4 5 26 2 1 9 28 14 15 11 31 21 
5 6 20 3 33 2 
7 1 8 18 27 3 25 7 
9 19 13 20 2 4 10 14 36 37 
5 5 17 2 11 9 
3 5 2 23 
3 7 3 31 
4 23 2 32 6 
7 16 25 37 12 32 7 3 
2 2 11 
3 1 6 29 
5 6 24 3 35 18 
5 24 40 2 41 3 
3 2 19 11 
4 7 1 35 41 
3 22 14 5 
2 16 6 
2 6 4 
2 3 2 
4 28 40 18 2 
2 10 8 
4 15 33 29 14 
3 5 27 11 
3 39 2 3 
2 5 25 
2 22 3 
4 24 13 30 38 
2 29 2 
4 38 3 34 9 
2 10 11 
3 4 24 42 
2 31 2 
3 17 14 39 
2 6 1 
2 11 6 
2 29 31 
2 26 35 
2 15 22 
2 17 15 
1 33 

11 12 38 7 17 4 9 24 5 16 32 3 
7 6 3 11 4 9 5 36 
5 6 2 20 1 12 
7 13 1 7 32 30 31 2 
12 2 13 23 1 25 14 28 15 16 18 10 31 
5 2 3 10 8 14 
6 1 4 37 8 27 41 
2 7 6 
5 25 2 22 11 1 
4 5 6 30 41 
2 9 2 
5 3 36 15 1 40 
4 5 26 4 21 
4 5 21 6 17 
3 12 5 26 
2 5 1 
7 1 14 35 24 18 19 20 
3 17 19 5 
4 17 22 18 38 
3 17 3 34 
5 27 28 13 23 14 
3 19 42 9 
2 21 5 
3 34 1 17 
3 5 9 35 
3 13 15 29 
4 37 29 7 21 
3 39 5 21 
2 26 27 
3 4 42 10 
3 5 4 33 
3 4 33 1 
2 32 31 
2 24 20 
2 25 17 
2 12 2 
2 27 7 
2 1 19 
1 28 
1 12 
3 7 10 42 
3 41 30 22 

10 7 16 3 15 9 5 32 4 31 8 
1 3 
17 8 37 35 1 30 10 4 26 22 25 2 6 12 19 13 11 23 
13 17 1 6 36 27 39 3 19 5 7 16 13 40 
5 1 14 11 4 20 
11 24 29 28 25 3 4 9 38 10 36 37 
3 34 1 4 
4 22 1 24 3 
6 15 1 12 26 14 6 
4 38 6 3 21 
10 3 34 39 41 31 17 42 5 18 27 
2 3 9 
3 4 3 18 
2 9 5 
3 30 1 9 
2 4 1 
3 11 20 4 
2 13 11 
3 3 4 23 
3 5 21 17 
3 20 10 40 
2 3 8 
4 28 19 29 3 
3 8 32 6 
2 3 6 
2 3 9 
2 4 11 
2 6 23 
3 6 33 23 
3 3 15 41 
2 1 11 
4 1 33 24 35 
2 32 29 
2 7 11 
2 3 32 
4 6 39 4 40 
2 3 6 
2 6 10 
3 4 11 36 
3 36 21 4 
2 30 11 
1 11 

8 11 41 22 3 17 4 13 40 
6 7 5 42 3 31 4 
17 5 10 40 18 2 34 21 16 29 1 9 6 23 14 8 12 7 
3 2 10 1 
8 38 28 9 21 3 6 31 2 
7 17 28 15 29 37 3 5 
14 27 34 35 19 22 2 3 26 11 18 33 12 16 8 
5 30 20 3 35 7 
8 42 3 5 14 19 15 20 26 
2 4 3 
2 7 1 
3 3 13 7 
4 25 41 1 12 
2 3 9 
3 6 9 24 
4 24 3 7 36 
4 36 1 6 37 
4 25 7 39 3 
2 7 9 
4 32 23 9 8 
2 5 3 
3 39 7 1 
3 27 3 20 
2 16 15 
2 18 13 
2 7 9 
2 23 7 
2 6 5 
4 3 6 33 30 
3 29 8 32 
2 5 2 
2 20 30 
2 7 29 
2 7 3 
2 7 8 
2 16 17 
3 42 6 17 
1 5 
2 22 18 
2 3 1 
2 13 1 
3 2 9 37 

11 35 10 5 26 3 4 9 31 11 14 27 
1 3 
14 16 1 4 25 39 23 2 7 9 12 17 22 42 6 
17 1 5 3 18 25 33 28 14 7 8 30 10 40 12 39 11 23 
8 22 36 38 6 1 34 8 4 
5 3 29 20 5 35 
2 3 4 
5 5 15 36 19 4 
11 13 34 17 3 42 31 1 27 16 20 30 
3 4 1 19 
4 1 32 4 13 
4 15 4 3 21 
7 11 9 32 37 29 18 24 
2 4 1 
2 8 12 
3 40 3 9 
3 9 21 3 
3 38 4 13 
4 10 26 8 28 
2 6 9 
4 17 37 12 33 
2 3 5 
3 3 24 4 
2 13 23 
2 3 4 
2 19 1 
2 9 1 
2 19 4 
2 13 6 
2 9 4 
2 9 1 
2 11 13 
2 4 21 
2 9 5 
2 6 1 
3 38 8 5 
2 21 13 
3 36 18 5 
2 4 3 
2 4 16 
0 
2 9 3 

4 3 19 9 37 
3 3 4 36 
10 34 21 4 1 6 5 23 2 9 7 
16 12 2 22 18 20 7 17 36 3 8 31 6 28 26 30 5 
9 8 24 29 22 4 3 10 28 27 
9 20 24 4 14 3 16 15 42 11 
5 3 13 33 4 16 
7 18 32 5 29 10 4 41 
2 3 1 
7 38 12 5 34 11 13 8 
2 10 6 
7 35 25 26 4 10 19 14 
3 7 15 10 
3 6 25 12 
3 6 13 17 
2 6 7 
3 32 15 4 
4 4 8 35 27 
3 12 21 1 
2 6 4 
2 3 19 
4 23 4 5 30 
2 22 3 
4 5 6 31 33 
4 12 14 39 41 
4 42 4 39 12 
4 18 40 5 38 
3 5 37 4 
2 8 5 
3 4 22 40 
2 24 4 
2 17 8 
3 41 24 7 
3 10 41 3 
2 12 18 
2 2 4 
2 1 28 
2 10 27 
2 25 26 
2 30 27 
4 34 25 33 8 
2 6 26 

3 38 3 5 
7 4 24 11 14 39 10 3 
17 37 13 36 4 5 1 6 10 12 19 7 15 2 22 14 9 40 
9 25 12 3 17 23 2 6 38 9 
11 22 18 11 3 16 30 7 25 8 1 34 
3 8 4 3 
5 5 3 23 15 18 
3 6 5 13 
5 4 27 3 26 28 
2 3 2 
8 20 28 35 5 24 16 2 26 
4 41 3 30 4 
3 3 42 8 
5 17 2 20 3 31 
3 3 7 27 
3 32 5 11 
7 29 4 19 42 21 33 14 
5 40 21 5 29 7 
2 3 17 
2 14 11 
2 17 18 
2 5 3 
4 33 7 4 37 
2 2 11 
4 5 4 35 39 
5 34 41 32 11 9 
3 9 15 31 
2 11 9 
2 18 17 
2 12 5 
2 27 14 
2 16 26 
2 23 17 
2 26 5 
2 11 25 
1 3 
2 3 23 
2 4 1 
2 25 2 
2 3 18 
2 12 26 
2 13 17 

2 3 7 
11 12 32 9 5 17 18 14 38 19 3 4 
7 2 10 4 1 15 6 16 
9 36 5 32 21 2 3 22 6 41 
2 2 4 
10 8 20 23 7 3 10 4 11 30 13 
6 8 25 1 9 6 21 
4 6 14 7 33 
3 2 37 7 
15 40 37 35 25 19 27 6 15 3 13 24 12 16 11 34 
3 10 6 18 
4 10 2 24 17 
2 6 10 
2 2 8 
5 3 31 10 36 35 
2 3 10 
4 30 2 12 20 
2 2 11 
6 22 26 40 2 29 10 
4 6 17 23 42 
3 31 7 4 
4 4 19 42 28 
5 26 28 6 27 20 
4 29 10 12 33 
3 10 7 39 
2 19 23 
2 10 23 
2 23 22 
4 24 19 41 38 
2 17 6 
2 15 21 
3 4 2 36 
2 24 8 
1 10 
2 10 15 
3 32 15 4 
2 9 10 
2 2 29 
1 25 
2 10 19 
2 29 4 
2 22 20 

