6 3 9 5 36 16 23 
15 13 28 4 46 7 41 5 3 12 35 18 17 21 6 8 
10 1 29 11 41 15 2 4 6 32 23 
11 30 8 22 44 3 7 26 37 14 2 10 
4 40 12 2 1 
8 2 3 14 11 20 21 10 19 
3 4 2 9 
4 19 2 4 24 
3 1 13 7 
4 4 6 33 30 
5 45 6 31 3 39 
5 18 25 17 2 5 
8 9 2 27 38 20 39 24 26 
8 29 31 15 16 38 4 6 45 
4 14 3 27 34 
3 1 14 36 
3 44 2 12 
5 22 28 2 12 33 
3 8 25 6 
3 13 6 32 
3 40 6 2 
3 34 18 4 
2 1 3 
2 8 13 
2 19 12 
2 13 4 
3 13 15 35 
3 43 2 18 
3 14 3 42 
2 4 10 
2 11 14 
2 3 20 
2 18 10 
2 22 15 
3 37 27 2 
2 16 1 
2 35 4 
2 14 13 
2 11 13 
4 43 21 5 42 
2 2 3 
2 40 29 
2 40 28 
3 4 17 46 
2 11 14 
2 2 44 

20 45 5 26 42 14 10 7 20 37 39 12 3 8 25 36 33 4 40 9 24 
7 10 8 6 29 3 19 4 
4 2 1 13 34 
13 15 7 30 21 6 33 1 5 20 18 41 9 2 
7 43 1 23 38 40 4 35 
3 4 11 2 
13 1 11 12 16 13 4 44 21 45 37 46 14 23 
6 22 15 2 25 26 1 
5 16 17 4 1 22 
4 2 36 1 19 
2 7 6 
5 7 1 27 31 28 
2 7 3 
3 18 1 7 
3 8 31 4 
7 29 7 9 35 17 46 24 
3 9 16 34 
4 4 14 32 28 
2 10 2 
2 4 1 
2 4 7 
2 9 8 
5 41 7 5 44 27 
4 43 16 1 38 
2 8 1 
3 8 1 42 
4 23 30 32 12 
2 18 12 
2 16 2 
2 4 27 
2 15 12 
2 27 18 
3 4 1 39 
2 17 3 
2 5 16 
2 1 10 
2 7 1 
2 5 24 
2 1 33 
2 1 5 
2 23 4 
2 26 1 
2 5 24 
2 7 23 
2 1 7 
2 7 16 

16 24 22 23 7 45 5 21 15 42 25 4 3 9 6 29 13 
4 39 15 3 44 
16 16 8 1 23 9 41 30 17 27 2 43 5 28 46 4 26 
10 36 17 22 8 1 34 7 35 11 3 
6 3 20 6 46 40 1 
8 26 1 12 24 40 10 13 5 
9 31 38 37 21 30 28 10 1 4 
3 4 38 3 
3 11 3 1 
2 7 6 
10 37 42 12 43 14 33 9 32 4 18 
5 18 6 19 20 11 
4 1 6 14 39 
3 13 16 11 
4 27 2 19 1 
2 3 14 
2 4 3 
2 12 11 
2 15 12 
3 36 12 5 
2 1 7 
3 4 25 1 
3 31 3 1 
2 1 6 
2 22 1 
2 6 3 
2 3 15 
6 7 34 3 33 44 29 
3 1 32 28 
2 7 3 
2 23 7 
2 11 29 
3 28 11 35 
3 4 41 28 
2 4 33 
2 20 4 
3 11 7 45 
2 7 8 
2 2 13 
2 6 5 
2 3 34 
2 1 11 
2 11 3 
2 2 28 
2 37 1 
2 3 5 

12 4 5 23 30 35 7 19 13 8 9 12 3 
7 11 25 34 36 3 26 9 
18 39 8 37 6 2 5 18 21 22 1 4 7 19 44 13 20 10 15 
10 25 6 10 1 20 29 3 39 12 15 
3 3 1 43 
7 31 3 22 14 4 43 45 
8 1 16 18 3 34 27 33 29 
2 3 1 
4 11 2 1 17 
6 27 4 32 3 28 26 
6 9 46 23 42 32 2 
3 37 4 1 
5 24 3 40 14 1 
3 13 6 38 
5 3 16 17 4 44 
7 15 40 35 21 41 7 31 
2 9 15 
2 7 3 
3 1 3 28 
3 30 3 4 
2 16 3 
2 6 3 
4 11 42 1 24 
2 13 23 
2 4 2 
3 2 45 10 
3 7 10 33 
2 10 19 
2 4 7 
3 20 1 38 
2 6 16 
3 10 11 36 
2 27 7 
2 7 2 
3 41 1 16 
2 2 32 
2 12 3 
2 14 30 
2 4 3 
2 13 16 
3 16 35 46 
2 23 11 
2 6 5 
2 3 15 
2 26 6 
2 11 41 

13 3 14 20 8 10 25 35 7 11 26 4 16 19 
3 15 32 3 
15 2 22 13 32 29 18 28 4 20 30 15 33 1 5 6 
12 24 18 38 3 27 1 5 23 44 34 11 6 
6 9 17 22 3 12 4 
4 4 8 3 7 
6 42 6 1 12 24 10 
3 1 9 6 
4 8 5 36 43 
4 23 36 7 1 
4 42 4 14 1 
6 5 13 31 7 16 17 
3 3 12 45 
2 1 11 
9 43 26 41 28 3 39 21 46 2 
4 12 38 1 21 
5 5 29 19 45 12 
5 25 4 3 33 41 
3 17 1 39 
3 1 3 30 
2 16 15 
2 5 3 
5 27 35 10 4 37 
3 7 34 4 
3 18 1 40 
2 15 1 
2 4 23 
2 15 3 
4 46 31 3 17 
2 20 3 
2 12 29 
2 3 2 
2 18 3 
2 4 24 
3 23 1 37 
2 9 10 
2 23 35 
3 40 16 4 
2 19 15 
2 25 38 
2 18 15 
3 7 11 44 
2 9 15 
2 42 4 
2 13 17 
2 29 15 

9 3 25 14 4 17 23 24 5 9 
7 8 11 3 34 41 19 17 
18 6 35 5 43 2 36 13 41 16 4 12 9 38 27 1 10 18 29 
10 40 25 3 11 1 8 15 45 7 10 
10 15 1 7 3 24 23 26 31 46 6 
3 3 5 19 
4 28 4 5 36 
4 4 2 14 42 
5 3 1 28 21 33 
5 35 13 22 4 3 
11 44 40 2 20 30 12 27 4 21 26 32 
2 11 3 
6 18 39 3 10 22 37 
6 1 33 16 8 29 20 
2 4 5 
2 3 14 
2 1 2 
3 3 13 32 
2 2 6 
2 11 14 
2 9 11 
3 10 13 30 
2 5 1 
2 5 1 
2 1 4 
6 37 5 39 43 11 34 
2 11 3 
3 38 7 9 
3 3 14 42 
3 22 31 11 
2 5 30 
2 18 11 
2 9 14 
2 2 26 
2 3 10 
2 7 3 
2 13 26 
2 28 3 
2 26 13 
3 44 11 4 
2 3 2 
2 29 8 
2 3 26 
2 40 11 
1 4 
1 5 

12 4 28 9 5 39 42 26 43 11 3 8 7 
11 9 10 38 3 13 15 34 7 24 36 19 
15 6 32 33 1 15 17 13 22 4 30 23 2 8 5 19 
7 35 18 3 1 20 16 25 
3 1 3 6 
2 5 3 
9 11 40 10 12 30 46 45 1 2 
3 1 16 3 
5 27 1 2 12 41 
5 44 2 14 18 7 
2 1 7 
5 14 9 7 29 21 
3 2 17 3 
8 27 46 22 10 44 40 36 12 
2 2 3 
5 8 31 4 25 34 
2 13 3 
3 21 10 4 
6 24 2 3 20 26 29 
3 28 4 19 
4 37 18 23 12 
4 33 35 3 14 
2 3 21 
5 43 2 32 45 19 
2 16 4 
2 1 19 
2 9 14 
2 20 1 
4 38 31 12 19 
2 7 3 
2 29 16 
2 24 3 
2 22 3 
3 42 16 2 
3 4 22 37 
3 39 14 2 
3 21 35 41 
2 2 29 
2 36 1 
2 14 7 
2 9 37 
3 46 1 34 
2 1 24 
3 10 14 45 
3 44 24 7 
3 14 7 42 

4 3 18 17 4 
8 44 3 6 41 8 24 5 45 
15 17 6 5 14 1 43 4 41 26 39 2 11 7 33 15 
11 32 11 33 14 38 27 20 1 39 42 3 
11 3 37 28 7 27 19 2 10 44 8 16 
7 32 3 34 9 36 13 2 
5 3 5 12 10 31 
5 30 9 5 2 29 
12 42 26 16 8 24 15 23 6 12 37 20 22 
3 5 45 7 
3 4 13 3 
2 7 9 
8 18 22 29 6 19 11 28 46 
2 3 4 
4 36 9 3 34 
4 23 9 5 40 
4 3 1 35 21 
3 1 25 13 
4 21 13 5 35 
2 9 4 
2 17 19 
2 13 9 
3 16 9 25 
3 2 9 30 
2 23 18 
3 3 9 38 
2 5 4 
3 13 5 40 
4 8 46 13 31 
2 8 24 
2 7 29 
2 6 4 
2 4 3 
2 15 6 
2 19 17 
2 15 6 
2 9 5 
2 4 26 
2 3 4 
2 16 28 
2 3 2 
2 4 9 
1 3 
2 2 5 
2 10 2 
2 29 13 

2 3 6 
3 4 3 17 
21 1 24 43 9 21 46 2 6 13 7 27 38 4 11 29 45 19 39 5 41 12 
11 23 33 16 42 28 5 14 3 7 8 2 
13 41 14 46 17 35 16 4 9 3 8 10 31 13 
7 40 3 27 28 1 11 10 
2 4 3 
3 5 4 25 
3 5 22 3 
3 22 6 5 
10 18 39 20 3 26 12 6 37 15 29 
3 3 11 15 
2 5 3 
3 25 4 5 
6 11 12 23 31 42 43 
4 5 4 24 20 
4 19 2 5 18 
6 11 32 17 30 44 36 
5 17 21 26 3 32 
2 11 16 
2 3 19 
2 9 10 
3 37 15 4 
2 16 3 
2 14 8 
4 19 11 34 30 
2 3 6 
2 4 6 
7 44 3 38 35 11 33 45 
3 18 34 26 
2 5 15 
2 18 19 
2 4 29 
3 26 30 36 
2 29 5 
3 18 34 40 
2 11 23 
2 3 29 
2 3 11 
2 36 6 
2 5 3 
3 15 4 43 
3 42 3 15 
2 18 29 
2 3 29 
2 3 5 

6 9 19 4 3 7 21 
14 35 31 8 11 20 17 10 18 3 12 25 5 13 14 
6 15 2 34 4 1 5 
11 6 26 8 41 17 18 33 40 1 16 3 
20 10 25 30 45 14 6 32 33 37 31 43 2 3 20 12 13 11 7 19 23 
4 9 37 5 4 
4 5 1 24 38 
4 15 28 2 4 
2 6 1 
3 5 27 2 
3 2 5 22 
2 2 5 
7 41 16 2 22 21 5 40 
3 5 30 2 
2 8 3 
3 4 13 26 
8 44 39 4 27 23 29 28 2 
3 2 4 36 
2 1 5 
4 42 45 2 5 
2 13 1 
3 24 11 13 
3 17 5 44 
6 36 7 29 22 32 39 
2 2 5 
3 4 16 38 
2 17 10 
3 8 42 17 
3 24 35 17 
2 14 5 
4 2 46 5 34 
3 43 5 24 
2 4 5 
2 3 31 
2 29 2 
2 24 18 
2 6 5 
2 7 26 
2 17 24 
2 13 4 
2 13 4 
2 28 20 
2 32 5 
2 17 23 
2 5 20 
1 31 

8 15 7 3 12 5 6 36 45 
11 18 5 4 24 27 11 3 22 46 7 42 
10 9 4 1 38 8 14 13 11 2 23 
7 26 8 2 6 10 39 3 
6 21 1 15 20 18 2 
8 17 30 4 9 22 45 1 12 
4 23 2 29 1 
3 16 3 4 
11 16 6 37 19 10 3 34 30 25 32 41 
4 14 4 33 9 
3 3 2 40 
5 1 6 13 19 31 
3 3 21 12 
2 3 10 
7 27 5 44 1 31 17 33 
3 20 8 9 
4 6 28 15 32 
2 2 5 
3 12 9 26 
2 16 5 
4 46 24 13 5 
4 25 2 6 43 
3 38 7 3 
4 21 2 40 28 
3 22 34 9 
2 4 19 
3 2 29 15 
2 17 24 
2 7 27 
3 9 43 6 
4 42 36 12 15 
3 17 9 35 
2 15 10 
7 37 39 25 44 35 41 9 
2 34 32 
2 1 31 
2 34 9 
3 46 3 23 
2 34 4 
2 11 24 
2 34 9 
2 31 2 
2 22 30 
2 15 34 
2 6 1 
3 21 2 38 

2 20 3 
18 23 42 22 14 3 9 12 28 11 5 30 39 17 45 7 4 15 6 
13 42 5 21 14 29 4 2 6 18 1 8 27 34 
5 16 15 3 10 2 
8 3 19 9 7 31 34 25 2 
4 25 40 3 2 
4 2 13 8 5 
9 10 11 28 35 16 13 33 7 3 
7 17 5 24 2 36 39 44 
3 24 4 8 
7 19 26 12 31 8 35 2 
3 22 2 11 
3 23 8 7 
4 43 3 18 2 
3 4 2 37 
4 4 32 8 38 
6 20 46 2 9 27 21 
2 3 14 
2 11 5 
4 29 17 1 26 
3 3 36 17 
2 12 2 
2 13 2 
5 41 9 10 45 33 
4 32 30 5 6 
2 11 20 
2 17 3 
3 41 2 8 
3 44 3 20 
2 25 2 
4 37 46 5 11 
3 43 25 16 
2 24 8 
2 3 5 
4 11 8 40 38 
2 9 21 
2 15 31 
2 16 35 
2 9 2 
2 35 6 
2 24 28 
2 2 3 
2 32 14 
2 9 29 
2 2 24 
2 17 31 

3 24 3 14 
6 32 8 3 7 4 40 
19 5 11 8 28 9 24 32 27 1 15 2 17 19 16 13 4 6 46 12 
19 9 10 41 5 26 6 37 31 43 45 12 7 22 23 3 2 20 44 30 
4 4 11 3 38 
3 3 42 4 
8 44 13 4 17 22 25 2 23 
4 2 10 19 3 
4 3 14 15 4 
2 8 4 
2 3 5 
2 3 4 
9 25 7 40 3 43 30 26 18 28 
5 16 1 39 9 27 
5 3 38 9 45 21 
6 33 36 14 3 20 21 
4 31 7 18 3 
4 17 35 13 36 
4 8 35 3 39 
4 16 4 33 29 
2 15 16 
2 4 7 
2 4 7 
3 29 1 3 
2 7 13 
2 4 13 
2 3 14 
2 13 3 
3 46 24 20 
3 34 13 4 
2 4 17 
2 2 3 
3 20 16 34 
2 30 33 
2 19 18 
2 18 16 
1 4 
2 5 15 
2 19 14 
2 2 13 
1 4 
1 6 
2 4 13 
2 4 7 
2 15 4 
2 3 29 

12 11 3 13 7 4 5 6 10 20 36 14 8 
7 4 43 38 40 46 18 3 
2 1 2 
17 38 22 23 16 37 2 8 28 14 5 7 21 1 27 32 6 13 
10 42 26 9 29 12 27 19 4 1 15 
8 25 4 1 9 36 37 17 24 
15 10 20 46 44 21 33 40 4 16 1 11 29 19 26 12 
7 42 1 28 17 22 4 15 
3 5 32 6 
2 7 1 
3 1 41 7 
2 7 5 
2 4 1 
5 33 1 4 18 39 
4 35 5 8 31 
3 4 7 34 
2 8 6 
2 14 2 
2 7 5 
5 1 7 45 34 25 
5 35 45 4 7 23 
3 8 24 4 
2 21 4 
3 22 30 6 
4 6 30 44 20 
2 7 5 
4 41 5 39 4 
3 8 31 4 
2 5 7 
2 25 24 
3 43 15 28 
2 9 4 
2 7 14 
2 16 20 
2 15 21 
4 6 37 1 42 
3 36 4 6 
2 2 4 
2 14 27 
3 41 7 2 
3 40 11 27 
3 5 8 36 
2 2 31 
2 7 25 
2 20 21 
2 2 7 

3 3 4 19 
5 3 44 6 22 8 
18 31 14 4 33 10 6 9 2 5 26 28 36 46 17 7 29 1 21 
9 8 27 9 1 11 39 32 3 5 
11 7 38 18 13 4 3 23 39 11 28 37 
10 16 14 22 17 3 19 2 12 35 44 
6 3 5 13 18 16 42 
4 12 4 2 30 
4 4 10 15 3 
3 9 3 27 
7 35 24 37 5 34 40 4 
5 15 21 6 23 8 
2 5 7 
3 6 3 36 
3 9 24 12 
5 6 45 20 7 42 
3 6 3 43 
3 5 7 25 
6 25 20 1 6 45 43 
2 19 16 
2 3 12 
3 6 2 26 
2 5 12 
5 11 41 15 33 32 
4 29 19 46 18 
3 22 31 3 
2 10 4 
4 5 38 34 3 
3 3 25 30 
2 29 8 
2 3 26 
2 4 24 
2 24 3 
2 28 11 
2 11 6 
2 3 14 
2 5 11 
2 28 5 
2 5 4 
1 11 
1 24 
2 16 7 
2 17 19 
2 6 2 
2 19 16 
2 25 3 

12 3 31 27 35 11 40 4 5 22 26 21 15 
1 3 
24 7 23 19 46 17 10 28 11 9 5 4 29 13 6 38 14 16 2 20 18 43 12 24 1 
5 44 7 3 10 1 
7 15 8 1 37 39 3 6 
3 3 5 42 
12 34 8 4 19 20 25 17 40 3 45 31 14 
5 9 5 45 30 7 
2 8 3 
4 3 21 4 12 
6 16 42 3 28 46 1 
8 13 26 3 10 43 39 36 30 
6 3 18 22 12 25 23 
4 3 27 33 7 
5 33 5 41 1 32 
4 36 35 3 11 
2 7 3 
3 3 13 29 
3 3 37 7 
2 7 3 
4 10 44 1 24 
2 1 13 
2 3 13 
2 21 3 
3 13 32 7 
3 1 12 41 
2 14 1 
2 3 11 
2 18 3 
2 8 12 
2 1 7 
2 25 15 
2 14 15 
1 7 
2 1 16 
4 41 16 12 40 
2 5 19 
1 3 
2 12 5 
3 36 7 1 
3 36 15 26 
2 6 11 
2 3 12 
2 4 21 
2 7 8 
2 11 3 

19 7 40 11 10 3 16 12 33 14 6 28 5 35 4 32 38 25 8 37 
3 46 3 31 
17 16 7 9 15 4 1 20 2 5 42 13 6 19 21 8 41 24 
7 10 3 11 17 1 39 26 
5 12 38 18 3 1 
8 15 1 23 32 3 43 13 9 
2 1 3 
3 3 1 45 
3 6 3 27 
5 4 18 41 39 1 
5 45 1 23 4 22 
3 5 14 1 
2 6 3 
4 1 46 12 22 
12 26 29 31 3 35 20 44 6 19 34 17 40 
2 1 3 
2 4 15 
2 10 5 
8 15 44 29 21 24 36 3 27 
2 15 3 
3 3 19 42 
2 14 11 
4 30 11 37 6 
5 28 19 3 43 25 
2 1 24 
2 15 4 
3 36 9 19 
4 34 30 1 24 
2 19 15 
2 23 28 
2 2 15 
2 6 1 
2 34 1 
4 15 33 38 28 
2 1 15 
2 19 27 
2 1 23 
3 34 1 5 
2 10 4 
2 15 1 
2 3 10 
2 3 21 
2 24 6 
2 15 19 
2 8 11 
2 2 14 

13 17 29 3 25 42 6 33 19 11 7 9 4 22 
9 17 4 38 3 11 19 5 16 9 
8 12 30 43 20 1 5 2 8 
12 6 40 22 1 12 7 27 10 37 43 2 26 
4 34 2 31 3 
9 8 1 4 15 29 28 10 30 44 
11 26 23 21 15 24 4 14 25 1 39 27 
4 6 34 3 28 
9 21 33 39 18 13 2 16 1 14 
3 4 24 6 
7 45 1 35 2 20 13 37 
3 18 3 4 
2 11 9 
4 31 44 9 7 
3 36 6 7 
3 35 2 9 
2 2 1 
2 9 12 
2 2 1 
3 42 11 3 
4 32 9 23 7 
3 38 4 1 
2 21 7 
2 10 7 
2 7 1 
2 7 4 
2 7 4 
2 8 6 
3 1 6 32 
2 3 6 
2 14 5 
3 21 29 33 
3 32 1 9 
2 5 8 
2 16 11 
1 15 
2 4 11 
2 2 22 
2 7 9 
1 4 
0 
2 1 20 
2 4 3 
2 6 14 
1 11 
0 

6 25 20 22 23 3 6 
6 17 36 4 23 3 13 
12 16 38 34 5 8 2 4 12 22 31 1 30 
4 12 3 2 5 
16 9 7 4 14 37 6 32 45 15 16 19 36 35 33 11 3 
17 20 38 30 1 9 27 10 18 8 35 13 24 34 7 26 29 5 
8 28 5 21 25 15 46 6 27 
2 3 6 
6 29 31 40 10 5 6 
7 17 39 6 11 14 33 9 
3 42 5 10 
3 32 3 4 
4 2 6 28 42 
4 5 45 18 10 
4 7 24 5 26 
4 5 3 21 19 
2 10 2 
2 14 6 
2 5 16 
2 6 1 
2 7 16 
2 1 3 
2 1 2 
3 6 15 44 
3 41 1 7 
2 15 6 
5 40 7 6 37 43 
2 7 13 
2 9 6 
2 3 6 
2 9 3 
3 5 45 12 
2 5 10 
3 6 36 3 
3 41 6 5 
5 5 2 41 34 46 
2 27 5 
2 6 3 
3 40 10 46 
3 9 27 39 
3 35 36 25 
2 13 11 
1 27 
1 24 
3 5 32 14 
3 7 39 36 

8 43 6 7 14 3 36 42 16 
13 6 11 45 32 18 25 8 4 10 3 15 9 5 
11 5 17 8 2 9 34 35 20 19 4 1 
4 2 3 20 45 
10 41 3 23 12 2 21 39 15 24 22 
9 46 2 12 39 16 1 13 7 24 
5 6 1 43 32 28 
8 13 31 21 37 26 2 11 3 
4 46 10 2 3 
3 35 9 2 
5 27 8 37 14 2 
8 44 22 33 6 17 26 5 36 
3 6 18 8 
2 11 1 
6 40 5 38 23 2 41 
2 6 1 
2 12 3 
5 25 13 27 19 2 
3 3 18 28 
2 4 3 
3 29 8 5 
2 12 5 
4 33 5 15 34 
2 6 5 
2 18 2 
4 8 12 30 29 
2 18 11 
2 7 19 
2 21 26 
3 39 26 41 
1 8 
2 7 2 
3 23 12 44 
2 3 23 
2 10 3 
2 1 12 
2 8 11 
2 43 15 
3 5 6 30 
2 46 15 
3 30 15 5 
1 1 
3 38 1 7 
2 33 12 
2 4 2 
3 40 9 6 

10 12 6 23 3 25 9 46 37 44 7 
17 19 3 22 16 8 38 5 21 36 46 14 4 25 45 10 23 7 
19 18 33 27 9 4 1 32 39 12 28 14 37 17 29 6 15 38 40 2 
5 2 34 5 11 3 
2 4 2 
4 3 1 8 19 
9 26 2 20 15 1 39 43 22 11 
6 10 6 2 13 26 35 
3 1 13 3 
4 2 8 41 18 
7 29 7 20 30 45 4 40 
9 41 21 17 24 43 34 3 1 31 
6 8 33 16 9 32 30 
2 3 2 
2 7 3 
5 28 31 2 27 13 
2 3 12 
2 10 3 
2 6 2 
3 7 11 35 
2 12 2 
2 2 7 
3 24 2 1 
2 23 12 
3 1 2 36 
2 8 7 
2 3 16 
4 31 16 30 3 
2 3 11 
4 13 38 11 28 
4 44 16 12 28 
3 40 13 3 
2 13 3 
2 4 12 
2 8 20 
2 2 25 
2 3 1 
3 30 2 3 
2 3 7 
3 11 3 32 
3 10 42 12 
1 41 
2 12 7 
2 1 31 
2 2 11 
2 2 1 

19 31 32 26 4 8 3 6 18 24 20 5 44 7 45 41 37 16 39 29 
2 12 3 
8 10 21 34 2 5 1 4 6 
7 3 18 46 1 33 23 24 
16 21 28 23 1 38 44 3 11 30 9 35 34 8 15 17 7 
3 43 1 3 
11 5 33 35 1 15 12 17 19 11 16 9 
4 14 1 5 19 
8 7 10 26 25 5 27 31 13 
3 9 3 29 
3 22 7 5 
5 38 32 2 13 7 
4 9 30 14 12 
2 8 13 
3 7 5 42 
2 7 1 
5 40 7 25 36 5 
5 1 40 20 27 4 
4 22 8 7 28 
2 1 18 
2 3 5 
4 39 11 19 46 
2 4 5 
3 41 4 1 
4 17 43 9 36 
2 9 1 
2 18 9 
2 19 5 
2 10 1 
2 5 13 
2 1 9 
2 12 1 
2 7 4 
2 3 5 
2 7 5 
3 44 25 17 
1 1 
3 42 12 5 
2 22 1 
3 18 42 17 
2 24 1 
3 40 38 15 
2 25 6 
3 36 5 1 
1 1 
2 22 4 

9 10 3 21 23 5 8 16 4 29 
5 3 20 31 15 6 
22 12 43 18 11 10 9 1 13 6 14 8 17 4 15 16 5 22 2 41 33 45 28 
7 3 14 1 36 20 9 27 
11 13 22 44 1 3 19 12 18 7 11 32 
7 3 7 25 28 41 37 2 
2 6 5 
4 3 37 17 1 
5 4 3 40 35 44 
3 29 1 3 
2 3 5 
2 5 3 
6 5 3 19 24 31 34 
2 4 3 
3 2 3 26 
3 1 3 42 
3 38 8 3 
4 5 34 43 3 
2 5 13 
11 2 39 4 33 38 30 24 21 32 26 23 
3 1 20 25 
4 5 27 36 3 
2 20 1 
4 20 46 13 30 
2 21 6 
2 15 20 
2 4 22 
2 6 3 
3 1 45 10 
2 20 24 
3 13 2 37 
2 5 20 
2 20 3 
2 13 18 
1 9 
2 22 4 
3 8 6 31 
2 17 20 
2 20 42 
1 9 
2 3 6 
2 39 16 
2 18 3 
2 5 9 
2 3 29 
1 24 

7 5 6 16 3 4 14 10 
1 3 
9 1 23 4 8 2 6 20 39 18 
12 11 13 15 36 17 9 5 24 23 3 1 31 
17 38 37 15 12 31 29 7 1 28 11 10 4 8 33 35 46 22 
9 17 30 34 1 3 41 25 7 21 
10 5 25 12 6 27 36 44 21 29 9 
6 41 5 40 3 46 13 
6 26 42 4 43 7 20 
5 5 40 14 1 32 
2 4 5 
2 7 5 
2 4 8 
3 1 10 37 
6 27 43 4 16 26 5 
5 19 1 18 15 33 
5 22 39 19 6 4 
2 3 16 
2 16 17 
4 3 24 34 9 
3 7 6 30 
3 17 35 5 
2 4 3 
2 4 20 
2 6 7 
2 9 15 
2 7 15 
3 45 5 35 
2 7 5 
2 21 6 
3 46 5 4 
1 10 
2 5 16 
2 20 6 
4 28 39 5 22 
3 7 4 42 
3 5 14 40 
1 5 
3 3 35 17 
3 8 10 37 
2 6 8 
2 36 9 
2 9 15 
1 7 
1 28 
3 8 31 5 

8 5 44 13 4 3 8 33 15 
15 6 8 18 22 12 3 38 24 19 32 43 5 31 26 39 
15 4 23 2 42 24 11 10 35 1 9 38 16 37 21 40 
8 25 42 1 14 6 33 3 23 
5 27 11 7 1 2 
7 34 2 36 7 28 4 13 
3 6 17 5 
10 12 18 41 9 31 10 2 22 1 15 
6 3 21 29 8 20 16 
3 27 3 8 
5 35 3 20 5 14 
2 8 2 
6 30 17 6 29 40 1 
3 11 41 4 
2 1 8 
4 34 39 3 9 
3 30 7 13 
3 8 2 19 
5 37 25 26 2 18 
2 9 11 
2 3 9 
4 2 8 44 46 
2 4 3 
2 2 3 
3 19 4 28 
2 2 19 
4 45 10 5 32 
2 6 25 
3 9 38 13 
3 13 17 45 
2 2 8 
2 27 2 
2 4 1 
2 6 16 
3 42 3 11 
1 6 
2 19 3 
3 2 29 3 
2 16 2 
3 3 13 44 
2 8 14 
3 4 3 35 
1 2 
3 1 40 22 
2 27 30 
1 22 

3 3 6 17 
7 14 27 4 11 8 25 3 
14 10 7 42 24 5 2 6 41 1 26 40 4 11 15 
7 5 3 22 2 21 46 20 
13 12 37 4 3 24 13 33 18 16 34 10 17 9 
13 16 8 27 7 45 1 28 23 15 3 35 21 19 
3 6 3 38 
5 2 6 35 9 33 
5 31 18 8 5 12 
4 14 5 13 3 
3 3 2 20 
2 5 9 
2 10 5 
4 29 10 19 2 
4 6 32 23 3 
4 5 6 43 44 
6 42 1 5 36 37 22 
2 9 5 
2 6 14 
4 4 25 44 11 
5 4 34 30 6 39 
2 4 17 
2 6 15 
4 3 5 36 45 
3 46 20 2 
1 3 
3 28 2 6 
2 6 27 
2 14 32 
1 21 
1 9 
2 29 15 
2 8 5 
3 21 43 5 
3 8 6 45 
2 17 24 
2 17 5 
1 7 
1 21 
1 3 
1 3 
2 17 3 
2 34 16 
2 20 16 
3 24 6 35 
2 25 4 

1 3 
6 5 6 11 24 4 3 
25 28 10 8 36 11 23 26 29 15 19 16 6 5 18 4 12 2 1 32 9 21 34 7 42 25 
9 12 24 2 8 10 13 41 30 3 
7 7 14 18 9 3 13 2 
2 2 3 
9 26 19 15 31 21 32 5 20 3 
6 3 23 4 22 40 46 
2 5 3 
4 4 27 14 3 
5 39 3 38 25 2 
6 3 33 4 30 41 16 
8 17 35 33 4 5 45 44 22 
3 5 17 10 
3 3 7 46 
7 12 27 3 38 29 35 37 
5 39 43 14 45 13 
3 20 5 3 
2 7 3 
2 7 18 
2 3 7 
3 29 13 8 
2 3 8 
2 4 2 
3 3 11 26 
6 3 28 25 30 7 36 
4 10 16 40 43 
2 26 3 
3 22 3 16 
6 39 12 41 4 31 26 
4 38 32 7 30 
4 46 7 3 31 
2 13 12 
1 3 
2 16 13 
2 26 3 
1 16 
3 16 11 31 
4 17 30 45 11 
2 27 8 
3 4 30 12 
1 3 
2 27 17 
1 13 
3 39 17 13 
3 32 15 8 

14 3 5 12 8 27 17 4 24 25 36 7 14 26 9 
4 31 16 9 3 
20 19 20 4 41 33 5 44 28 40 22 31 7 39 17 15 11 1 45 2 6 
2 1 3 
8 1 20 6 14 46 16 13 3 
4 18 3 5 11 
6 1 3 13 10 45 8 
3 1 15 7 
7 30 2 10 1 34 26 21 
7 42 23 37 44 9 43 7 
6 6 12 21 24 38 3 
4 41 11 1 27 
4 7 32 19 5 
3 1 5 18 
4 43 8 22 3 
2 2 5 
3 25 1 3 
3 6 14 35 
4 29 3 13 35 
2 3 5 
4 31 11 9 40 
4 44 28 3 15 
1 10 
2 1 11 
2 1 17 
2 9 1 
2 1 12 
2 3 22 
1 19 
1 9 
6 2 37 34 3 36 21 
1 13 
1 3 
2 31 9 
2 19 18 
2 1 31 
2 10 31 
2 43 11 
1 3 
3 3 42 21 
2 12 3 
2 10 40 
3 10 38 15 
3 3 22 10 
2 7 3 
1 5 

6 19 39 21 28 3 25 
9 11 14 20 8 30 6 4 3 35 
16 13 23 45 5 37 6 15 26 24 4 2 10 21 40 32 1 
13 2 37 22 16 30 14 41 31 3 5 24 44 43 
7 8 4 3 22 10 42 7 
12 27 39 25 46 9 18 11 29 16 7 3 2 
7 6 9 5 20 29 13 12 
4 12 38 5 2 
4 6 17 7 33 
3 5 28 3 
6 19 23 6 41 17 2 
3 8 7 31 
3 3 7 32 
3 4 2 15 
2 3 14 
2 6 4 
9 36 43 46 33 9 18 34 27 11 
2 17 6 
2 1 11 
3 7 29 2 
2 3 1 
3 23 5 4 
5 32 28 22 11 3 
4 4 30 3 34 
4 6 1 40 37 
2 33 3 
3 6 36 17 
4 23 10 1 38 
3 6 7 20 
4 24 2 4 42 
2 4 12 
4 3 46 23 13 
3 9 26 17 
3 39 17 24 
1 2 
2 17 27 
3 4 3 25 
2 28 8 
3 6 1 34 
2 25 3 
2 11 4 
2 30 5 
2 4 17 
1 4 
1 3 
3 17 6 32 

10 6 7 43 22 20 12 24 3 27 31 
9 19 40 42 17 5 4 46 8 3 
14 7 11 27 5 16 2 1 10 21 26 4 17 13 6 
8 3 15 2 42 18 37 10 25 
7 20 2 33 9 23 3 32 
5 8 38 30 1 3 
3 23 3 1 
10 29 15 2 6 16 28 14 11 25 9 
4 5 31 13 8 
6 18 3 29 4 12 44 
4 34 3 14 8 
4 1 19 10 33 
3 9 3 26 
2 8 11 
3 43 8 4 
2 3 8 
4 3 22 39 2 
2 4 10 
2 2 12 
2 1 5 
4 40 3 26 45 
2 1 17 
2 7 5 
1 1 
2 4 8 
3 21 3 13 
3 42 1 3 
1 8 
2 10 8 
1 6 
3 38 1 9 
2 5 36 
4 35 5 34 12 
2 33 11 
1 33 
1 32 
2 44 4 
2 31 6 
1 17 
2 21 2 
0 
3 2 4 27 
2 15 1 
2 37 10 
1 21 
1 2 

2 3 30 
12 37 18 3 31 45 5 4 24 29 42 23 10 
15 33 20 9 8 6 2 17 5 4 15 7 19 12 27 1 
9 7 25 6 10 2 34 35 37 3 
6 2 38 11 14 15 3 
12 16 17 26 8 24 13 43 3 40 4 11 14 
5 3 13 26 22 4 
5 3 34 9 27 6 
9 3 18 12 8 42 28 23 29 19 
3 2 44 4 
4 45 6 31 5 
7 25 21 22 36 9 46 3 
5 40 16 6 7 20 
2 5 6 
3 5 21 3 
2 13 6 
2 3 6 
3 34 9 2 
5 3 9 32 36 21 
3 3 13 40 
3 12 19 15 
5 24 45 12 7 35 
4 36 9 2 30 
4 2 6 46 22 
3 12 4 28 
4 37 7 35 6 
2 3 8 
2 9 25 
2 9 2 
2 1 23 
3 41 2 11 
2 38 19 
1 3 
3 4 18 8 
3 26 22 4 
4 23 41 19 12 
3 26 2 4 
4 5 44 39 32 
1 38 
4 45 13 20 6 
2 36 31 
2 9 2 
1 6 
2 10 38 
4 40 11 22 2 
2 12 24 

6 3 4 41 13 16 15 
12 6 10 37 4 25 7 5 36 3 8 15 27 
16 1 23 2 24 5 17 33 46 22 9 21 19 39 31 16 11 
3 1 2 12 
8 20 7 31 36 2 10 3 6 
7 5 39 40 8 26 2 13 
4 38 5 2 18 
10 35 38 12 11 6 30 2 14 28 9 
2 8 3 
6 2 26 5 18 42 14 
5 3 8 30 44 45 
5 29 8 4 46 43 
2 1 6 
7 22 25 8 43 10 27 23 
3 1 2 32 
2 1 3 
2 3 38 
3 7 32 10 
3 3 35 32 
3 41 30 5 
3 39 46 3 
2 14 3 
2 3 14 
1 3 
3 14 2 28 
4 10 33 6 36 
2 14 2 
2 8 25 
1 12 
3 11 8 20 
3 3 39 5 
4 19 15 41 18 
4 43 3 44 26 
0 
2 8 19 
3 26 5 2 
1 2 
3 7 17 8 
4 21 6 31 3 
1 6 
3 20 1 32 
1 10 
3 12 33 14 
2 11 33 
1 11 
3 12 3 21 

3 45 46 3 
9 28 27 3 30 10 5 8 9 4 
17 16 21 9 8 34 22 24 6 33 1 4 23 2 25 14 7 15 
12 6 11 3 13 19 29 24 39 5 2 37 22 
5 36 7 2 4 13 
2 4 3 
8 33 11 12 16 37 5 3 10 
2 2 3 
2 2 3 
8 18 43 2 41 23 20 7 44 
8 38 12 7 14 4 40 17 20 
10 7 34 40 17 26 21 11 15 31 19 
3 4 35 5 
3 11 3 32 
2 12 3 
6 20 34 17 7 3 24 
3 12 11 16 
3 10 33 19 
4 12 4 40 18 
5 10 16 11 21 37 
8 42 32 35 3 20 12 28 41 
2 3 4 
2 3 10 
4 3 29 16 4 
1 3 
1 12 
3 2 34 44 
2 2 21 
2 4 24 
1 2 
1 12 
2 21 14 
3 7 3 18 
4 27 12 16 3 
2 13 21 
1 5 
4 4 20 45 7 
1 11 
1 4 
3 12 19 11 
2 21 10 
1 21 
1 10 
2 10 27 
2 37 1 
1 1 

6 16 20 12 3 13 15 
6 24 35 13 3 4 19 
21 39 42 4 21 44 27 1 22 36 17 26 11 32 9 5 2 10 33 8 14 24 
16 2 7 31 12 29 37 26 5 28 21 43 3 6 27 22 38 
11 11 6 16 3 30 46 20 9 7 4 15 
8 36 4 34 44 39 8 5 29 
2 4 5 
3 3 18 6 
3 5 10 3 
2 9 3 
3 5 25 3 
3 4 14 1 
7 1 17 40 2 35 38 19 
2 3 12 
3 18 1 5 
2 5 1 
2 3 13 
4 15 45 8 25 
2 13 2 
3 1 5 27 
2 3 4 
7 4 3 41 44 26 31 46 
1 36 
2 3 2 
4 11 28 29 18 
4 4 22 3 32 
3 20 3 4 
2 4 25 
6 30 25 6 4 38 43 
2 29 5 
3 4 42 22 
3 42 26 3 
1 3 
2 35 6 
3 13 34 2 
4 23 3 6 39 
1 4 
3 13 29 4 
3 3 6 36 
1 13 
1 22 
3 32 31 3 
2 29 4 
3 22 6 3 
1 18 
2 5 22 

5 4 46 3 13 42 
1 3 
15 43 26 1 5 4 38 8 24 15 12 2 41 21 13 23 
12 45 1 28 20 6 29 10 40 7 3 5 21 
10 9 3 4 33 43 25 6 8 20 11 
9 39 11 33 7 5 10 4 14 22 
6 16 4 9 23 6 27 
6 3 24 30 35 5 16 
6 7 17 38 37 12 5 
7 40 17 19 14 6 15 4 
2 6 5 
4 27 9 29 3 
2 1 3 
2 6 10 
3 10 3 46 
3 8 7 23 
3 9 10 18 
1 17 
5 30 10 23 41 25 
4 31 5 33 4 
4 32 4 43 3 
1 6 
4 19 3 16 7 
2 3 8 
3 19 28 5 
1 3 
2 7 12 
2 25 4 
3 4 37 12 
4 41 19 8 45 
1 20 
2 34 21 
3 5 6 20 
3 32 40 45 
1 8 
0 
3 9 29 42 
2 9 3 
1 6 
3 4 34 10 
3 30 3 19 
2 37 1 
3 21 3 5 
0 
3 34 30 4 
2 1 15 

6 7 41 5 4 8 3 
3 3 8 13 
10 23 26 5 1 4 2 28 6 9 10 
5 43 3 1 23 37 
6 35 1 6 30 3 12 
6 3 18 5 33 45 7 
3 6 45 1 
8 42 1 9 14 2 17 32 11 
14 24 27 18 32 11 12 14 46 10 8 3 17 38 21 
6 36 30 29 27 3 9 
7 37 22 43 15 35 8 9 
2 9 5 
3 28 39 2 
2 9 8 
6 19 26 35 37 31 11 
4 22 18 45 32 
5 41 18 9 36 8 
4 17 16 9 6 
5 31 15 44 30 36 
3 32 25 34 
1 9 
2 11 16 
2 4 3 
2 9 44 
2 20 34 
2 3 15 
2 10 9 
2 13 3 
1 10 
3 5 10 19 
2 15 19 
4 9 16 20 8 
1 6 
2 20 25 
3 11 5 15 
3 17 10 19 
3 15 4 11 
1 9 
1 13 
1 42 
2 1 17 
2 40 8 
2 4 11 
2 24 19 
4 7 6 46 16 
2 45 9 

6 36 23 9 3 4 16 
2 5 3 
17 45 5 7 10 37 6 8 2 35 40 4 1 24 11 30 15 36 
14 7 14 27 18 32 1 9 13 12 3 34 39 22 19 
10 27 21 6 12 2 23 8 3 10 24 
4 5 3 38 33 
4 3 37 4 15 
8 29 20 30 18 17 26 5 3 
5 11 17 4 1 33 
7 25 43 14 13 31 5 3 
2 3 9 
4 16 4 5 13 
6 20 10 38 21 12 4 
6 22 15 16 10 4 19 
4 7 14 44 3 
4 25 14 12 1 
3 24 8 9 
5 20 4 8 25 19 
4 14 18 4 28 
3 13 8 18 
2 13 5 
6 31 26 4 14 33 34 
3 29 1 5 
3 3 5 17 
4 10 41 18 16 
2 8 22 
3 5 40 4 
1 19 
3 23 31 8 
4 36 39 8 3 
3 29 22 10 
3 4 42 34 
3 22 6 9 
3 32 22 4 
1 3 
5 1 30 3 44 39 
3 3 7 40 
2 6 13 
3 30 36 4 
4 46 3 27 37 
1 25 
1 32 
1 10 
2 15 36 
1 3 
1 40 

14 12 3 19 7 4 9 22 27 34 15 6 38 5 21 
1 3 
4 1 2 4 8 
15 18 43 1 9 8 24 13 5 34 3 7 19 41 14 6 
7 10 1 13 4 11 42 27 
3 4 1 11 
2 1 4 
16 4 3 12 41 37 32 16 45 25 14 22 24 10 20 31 26 
5 21 1 4 23 17 
2 8 5 
2 6 5 
4 16 1 45 8 
3 4 5 41 
7 8 26 41 31 44 21 4 
4 28 22 20 1 
3 42 8 12 
2 9 25 
2 4 19 
3 4 18 1 
2 15 8 
3 14 9 1 
4 1 15 28 8 
1 9 
3 29 8 4 
2 8 17 
3 8 14 32 
2 1 5 
3 15 22 39 
3 35 24 34 
1 46 
3 8 14 40 
5 42 8 46 26 43 
1 44 
4 4 38 29 1 
1 29 
0 
1 8 
2 34 1 
1 28 
1 31 
4 4 13 8 14 
3 5 32 16 
2 4 32 
2 33 14 
2 8 12 
2 32 30 

11 3 29 21 4 26 25 45 38 46 34 5 
7 14 15 8 7 3 24 36 
17 10 19 39 4 25 43 22 13 12 17 5 1 28 34 44 7 2 
13 1 6 8 9 10 31 15 3 41 42 36 23 11 
5 1 6 3 42 35 
7 11 4 20 9 5 18 14 
3 3 2 16 
3 12 2 4 
2 4 6 
3 3 36 4 
3 4 6 28 
2 3 8 
8 37 3 26 20 16 33 43 40 
5 6 2 39 44 15 
7 29 2 30 4 17 14 42 
3 36 7 13 
3 3 18 15 
3 31 17 6 
1 3 
6 25 13 29 6 38 23 
1 1 
1 3 
3 20 4 32 
1 2 
4 3 39 20 1 
4 13 1 46 35 
1 28 
3 27 11 3 
7 40 35 1 20 30 15 33 
3 45 15 29 
2 4 18 
1 23 
2 13 29 
2 1 3 
3 29 26 5 
4 10 4 16 2 
2 13 44 
2 1 20 
3 14 3 25 
2 13 29 
1 4 
4 15 46 4 5 
2 13 3 
3 37 14 3 
2 30 1 
3 1 26 42 

1 3 
5 3 19 41 4 20 
18 10 40 12 5 6 17 8 13 37 27 9 30 1 39 4 24 2 22 
8 42 43 3 14 2 33 5 17 
10 4 20 6 37 11 41 7 30 26 3 
9 8 39 3 5 29 46 7 38 16 
5 6 36 25 28 5 
2 6 3 
2 3 37 
2 3 13 
4 32 5 35 18 
5 33 22 3 27 38 
3 3 26 10 
6 17 4 16 30 19 45 
2 28 23 
2 14 6 
4 4 14 3 43 
1 11 
6 14 2 27 24 20 29 
6 39 44 2 21 19 5 
1 20 
3 3 12 41 
2 15 40 
5 31 46 19 30 3 
1 7 
3 5 13 32 
3 12 19 3 
3 15 33 7 
2 19 6 
4 3 5 24 14 
1 24 
3 37 11 26 
3 12 4 28 
1 40 
1 11 
1 7 
4 3 5 32 9 
2 6 12 
3 3 20 6 
3 3 23 34 
3 2 5 22 
1 4 
2 4 17 
1 20 
1 14 
2 24 6 

6 4 3 26 33 10 18 
3 7 38 3 
19 13 7 9 34 40 46 2 12 8 27 1 19 4 36 31 24 42 5 32 
10 5 6 1 15 20 3 45 10 27 8 
9 41 16 4 40 23 3 6 30 9 
5 5 32 4 11 28 
2 2 3 
7 11 13 21 12 4 9 3 
4 5 3 8 10 
5 1 9 35 34 4 
3 8 6 16 
6 3 15 8 21 31 14 
3 8 3 15 
4 44 22 18 12 
5 4 23 35 12 13 
8 18 33 34 11 5 24 25 38 
1 23 
6 14 27 19 26 16 1 
2 3 18 
3 4 29 40 
2 8 12 
2 45 14 
7 15 28 5 32 46 42 17 
2 16 3 
1 16 
2 1 18 
3 3 18 4 
2 6 23 
5 31 32 36 20 44 
1 5 
3 12 3 29 
5 43 29 3 6 23 
2 16 1 
3 16 3 10 
2 10 15 
2 3 29 
0 
2 16 2 
0 
3 3 5 20 
2 45 5 
2 23 3 
1 32 
2 29 14 
3 22 4 41 
2 23 3 

1 3 
6 4 5 13 3 25 7 
10 12 17 7 6 20 4 11 1 5 2 
13 44 22 17 8 38 35 3 23 20 13 2 14 6 
6 24 40 8 2 3 42 
2 4 3 
9 2 3 21 25 13 39 12 43 19 
5 30 29 4 5 25 
3 11 44 14 
2 33 41 
8 9 3 38 16 14 23 18 15 
6 3 17 36 37 21 7 
5 7 2 35 17 4 
3 11 4 9 
1 11 
4 44 11 24 22 
7 26 22 4 13 28 12 3 
1 11 
2 20 7 
3 3 19 4 
3 42 7 12 
3 16 4 17 
7 31 11 35 4 37 39 34 
2 16 5 
5 43 29 7 2 8 
1 17 
0 
1 17 
2 25 8 
1 8 
1 23 
0 
1 10 
1 23 
4 13 45 23 4 
1 12 
2 12 23 
2 4 11 
2 7 23 
1 5 
1 10 
2 5 21 
3 46 25 7 
3 16 9 4 
1 35 
1 43 

12 36 21 20 13 30 44 8 40 3 34 4 6 
19 6 27 45 9 31 43 3 12 14 24 4 23 15 10 5 34 13 7 11 
2 2 1 
11 40 2 5 37 8 7 10 41 44 28 1 
2 4 2 
3 1 2 31 
9 29 9 18 2 10 11 23 12 4 
11 27 4 45 1 24 21 10 39 16 37 9 
4 7 14 2 8 
7 7 8 29 30 4 2 22 
3 7 2 36 
7 7 46 2 15 38 25 19 
3 28 2 1 
5 44 15 9 32 2 
6 28 14 16 2 26 12 
8 15 21 46 27 19 8 26 45 
3 39 18 30 
2 17 7 
2 12 16 
2 35 1 
5 16 1 8 34 36 
1 10 
4 34 7 31 2 
2 2 8 
1 12 
3 15 40 16 
3 2 16 8 
6 42 13 4 32 33 15 
2 7 10 
3 10 1 17 
5 2 43 6 23 33 
2 14 28 
2 28 31 
5 21 2 23 1 41 
1 20 
5 11 1 21 41 37 
4 36 4 8 43 
1 12 
2 8 17 
3 26 4 1 
3 4 36 34 
1 28 
3 2 31 37 
3 4 14 1 
3 16 8 2 
2 12 16 

11 12 10 8 17 36 3 9 4 37 39 7 
9 16 41 5 40 42 13 23 3 6 
11 2 43 28 8 39 9 25 4 17 1 13 
2 1 3 
11 24 36 12 16 9 15 19 37 31 18 2 
12 11 26 30 32 22 29 14 23 17 35 2 21 
2 25 1 
4 39 1 45 3 
7 3 32 46 1 17 25 5 
1 1 
1 6 
2 1 5 
6 33 3 2 18 42 16 
1 6 
8 27 33 38 42 39 26 19 5 
4 2 43 13 5 
4 6 1 9 3 
2 5 13 
4 5 22 15 20 
1 19 
1 6 
2 6 19 
2 6 2 
1 5 
6 41 28 7 3 38 9 
2 6 15 
2 15 29 
2 25 3 
2 6 27 
1 6 
1 5 
2 6 9 
3 13 35 15 
0 
2 33 6 
2 1 5 
2 5 1 
2 15 25 
4 1 15 8 3 
1 2 
2 2 25 
4 13 46 2 15 
2 16 3 
0 
1 8 
2 42 9 

7 4 28 18 11 3 17 6 
1 3 
2 2 1 
7 5 11 15 1 20 46 42 
5 14 30 35 4 6 
9 27 37 22 5 1 28 16 7 30 
3 12 6 20 
1 36 
7 11 10 32 41 38 26 15 
1 9 
7 14 1 18 31 9 4 19 
2 7 23 
4 31 21 33 45 
6 5 19 18 34 27 11 
2 9 4 
3 22 33 6 
4 21 40 1 26 
4 44 1 11 14 
2 11 14 
3 4 43 7 
7 29 24 13 44 35 25 17 
3 6 16 24 
1 12 
4 29 22 21 32 
1 21 
2 9 17 
2 14 6 
3 6 38 1 
2 21 24 
2 6 5 
2 13 11 
4 9 34 24 45 
3 13 46 16 
2 32 14 
2 21 5 
1 8 
1 6 
2 28 9 
0 
1 17 
1 9 
1 4 
1 20 
2 21 18 
2 32 13 
2 4 33 

14 15 3 33 45 32 30 5 9 12 7 27 29 8 6 
0 
14 10 1 8 18 24 4 12 13 20 30 5 29 16 28 
9 11 3 23 31 6 5 26 7 14 
7 45 3 7 1 4 9 19 
6 1 22 41 32 17 4 
13 46 13 8 15 22 10 4 37 1 33 5 21 12 
11 1 34 44 16 41 26 7 31 3 38 9 
8 1 5 34 15 35 25 8 42 
3 3 14 7 
3 4 21 36 
7 19 20 39 1 3 32 7 
2 7 3 
3 4 27 10 
4 9 1 33 7 
2 3 8 
8 27 46 23 37 30 25 6 39 
4 43 24 3 35 
2 12 5 
2 12 3 
2 7 11 
2 7 6 
3 17 4 42 
3 45 18 3 
2 17 9 
4 38 8 43 4 
4 17 1 40 14 
2 3 29 
4 44 3 28 1 
3 17 1 3 
2 8 4 
3 6 1 12 
3 7 1 15 
3 9 8 36 
2 18 9 
2 34 11 
3 40 17 7 
2 8 26 
2 17 12 
2 27 37 
2 6 8 
2 23 9 
2 26 18 
2 29 8 
3 24 1 5 
2 17 7 

0 
9 18 4 40 3 10 17 31 23 32 
11 2 4 38 14 5 42 7 9 29 22 6 
3 3 24 2 
8 34 39 26 19 3 13 35 11 
5 3 10 36 26 33 
4 3 17 35 8 
2 7 11 
10 31 19 28 24 15 3 25 44 21 20 
7 22 12 2 41 6 14 37 
8 16 25 23 8 5 21 38 43 
5 43 27 13 16 10 
3 41 5 12 
2 3 10 
2 9 20 
2 12 11 
4 18 2 45 7 
2 2 17 
2 5 9 
6 37 9 15 30 46 34 
2 11 9 
3 42 3 10 
2 2 11 
2 9 4 
3 28 11 9 
2 5 6 
1 12 
2 9 25 
2 36 3 
1 20 
2 9 2 
2 2 40 
1 6 
2 20 5 
3 5 7 44 
2 6 29 
3 39 20 10 
2 3 11 
3 5 37 46 
2 32 2 
2 13 10 
2 22 3 
2 11 12 
2 9 35 
1 17 
2 39 20 

8 17 14 23 7 10 6 3 4 
1 3 
14 4 1 11 8 30 39 20 28 12 6 2 5 16 34 
14 22 1 32 18 19 11 5 31 3 9 28 30 38 13 
11 4 45 13 9 3 7 19 8 25 26 34 
7 43 21 27 32 14 3 1 
6 12 15 1 18 22 5 
4 23 5 16 3 
11 15 33 5 27 36 21 20 31 17 4 10 
4 9 45 24 1 
4 40 3 46 4 
2 7 3 
2 4 5 
2 6 1 
10 37 35 36 9 24 42 29 7 46 40 
4 3 25 8 44 
3 1 35 9 
4 4 7 26 29 
2 5 4 
2 9 3 
3 9 38 6 
3 39 7 4 
2 8 1 
3 15 10 41 
3 16 44 5 
2 18 5 
2 6 9 
3 37 3 4 
2 18 15 
2 4 3 
2 9 4 
3 33 6 4 
3 32 42 9 
2 5 3 
2 17 15 
2 15 9 
2 28 15 
4 4 41 43 21 
2 3 22 
2 11 15 
2 38 24 
2 15 33 
2 38 6 
2 16 25 
2 10 5 
2 11 15 

1 3 
10 4 11 6 43 5 3 20 19 23 7 
17 1 22 37 24 25 38 8 40 17 4 9 46 14 2 5 33 18 
6 2 3 8 15 10 26 
5 2 25 3 30 6 
4 5 7 32 2 
7 21 10 2 12 6 45 35 
14 13 27 36 3 43 15 18 11 9 4 24 41 32 21 
10 34 8 44 28 12 40 3 22 31 17 
4 4 23 7 19 
5 31 8 14 13 2 
3 7 9 42 
6 27 11 16 26 28 8 
2 11 3 
4 8 29 16 4 
3 30 15 13 
3 9 36 3 
2 3 8 
4 2 10 20 39 
4 42 19 29 2 
4 7 8 33 44 
2 3 9 
3 2 10 38 
2 3 8 
2 3 5 
2 4 13 
2 13 8 
2 9 13 
3 34 20 15 
2 16 5 
3 37 9 11 
2 8 6 
2 3 21 
4 35 29 9 45 
2 7 34 
3 8 17 39 
2 3 31 
2 3 23 
2 19 36 
3 41 9 3 
2 40 8 
2 12 20 
2 2 8 
2 21 9 
3 46 34 7 
2 3 45 

12 3 23 4 9 33 11 15 6 5 38 46 32 
5 3 20 4 15 31 
13 39 1 28 18 5 2 8 27 36 24 30 17 9 
9 29 22 19 7 12 1 35 11 2 
7 13 3 6 16 29 12 1 
11 7 23 8 5 33 1 21 10 32 20 19 
3 6 4 14 
7 16 10 3 18 17 41 6 
2 3 1 
5 6 8 26 21 46 
3 41 4 1 
5 5 13 4 28 14 
7 40 12 5 27 37 31 22 
3 12 38 7 
5 37 26 1 24 2 
2 5 8 
4 8 43 3 44 
2 8 3 
3 4 6 25 
5 34 2 6 42 45 
3 30 10 6 
3 13 25 4 
3 6 1 44 
2 3 15 
2 22 19 
2 15 10 
2 13 3 
2 12 3 
2 5 4 
3 21 36 3 
4 40 34 2 13 
3 6 1 35 
2 1 6 
2 31 20 
2 32 4 
3 30 39 3 
2 15 13 
2 14 1 
2 36 3 
2 31 13 
4 8 42 11 43 
2 41 20 
3 41 45 17 
2 23 17 
2 20 43 
2 10 1 

10 31 34 7 27 4 36 3 8 45 20 
3 25 5 3 
19 11 5 29 1 4 25 15 46 2 8 30 24 20 9 10 6 22 13 37 
13 41 17 22 42 3 26 13 6 7 31 23 35 1 
7 21 17 14 2 24 40 3 
7 12 37 11 16 3 32 4 
6 28 9 1 33 30 4 
7 19 44 12 42 29 3 1 
11 3 16 10 26 15 38 45 43 40 7 27 
7 41 46 19 18 3 9 14 
3 34 3 6 
3 39 8 6 
3 4 3 23 
4 5 10 21 18 
2 9 3 
3 9 33 6 
3 4 43 5 
3 38 14 10 
2 10 8 
2 3 1 
3 36 14 5 
2 4 3 
2 4 13 
2 5 3 
3 3 35 2 
3 28 9 4 
2 9 1 
3 26 44 7 
3 3 8 32 
2 7 3 
2 1 4 
3 39 6 29 
2 16 7 
2 11 1 
2 25 4 
2 21 1 
2 6 3 
2 9 18 
2 32 12 
2 5 9 
2 4 10 
2 8 4 
2 17 9 
2 28 8 
2 1 9 
2 3 10 

3 4 3 5 
2 3 7 
12 1 8 15 25 4 21 44 2 12 30 28 45 
15 33 9 34 1 8 21 16 10 3 13 6 26 31 5 7 
14 13 18 9 30 11 1 4 33 6 14 36 40 32 29 
4 44 4 5 11 
9 10 38 27 20 34 36 2 4 32 
2 3 4 
5 46 4 17 5 12 
11 41 37 26 23 35 22 14 24 7 15 4 
5 35 6 24 16 5 
3 9 19 3 
5 42 25 4 17 5 
4 31 10 5 45 
5 3 38 29 19 10 
3 11 18 4 
3 9 23 13 
2 16 5 
4 15 22 20 12 
2 19 7 
2 3 4 
2 10 19 
2 17 10 
4 27 11 39 10 
3 3 28 13 
2 10 4 
2 24 7 
3 3 40 25 
2 15 5 
2 3 5 
3 4 14 37 
2 7 5 
2 4 5 
2 4 7 
4 11 42 10 43 
2 5 7 
3 31 39 10 
2 7 15 
3 24 37 41 
2 28 5 
3 39 10 43 
2 35 13 
2 41 35 
2 6 3 
2 14 3 
1 9 

4 3 42 17 5 
15 3 46 5 18 8 35 6 10 9 7 16 15 42 30 4 
16 2 16 38 17 39 45 11 43 13 1 28 29 4 14 23 31 
6 27 3 12 6 2 36 
8 24 2 25 41 1 35 37 27 
11 34 12 26 4 22 10 21 7 8 2 25 
6 2 22 11 14 20 6 
5 6 32 24 9 2 
6 32 8 28 44 2 13 
4 26 6 2 18 
4 20 7 3 15 
2 4 6 
3 9 3 34 
2 7 3 
2 11 2 
3 19 3 2 
6 21 1 31 40 3 19 
3 10 41 2 
5 33 23 38 16 17 
2 7 11 
2 17 6 
2 6 7 
2 3 19 
4 5 8 36 30 
2 5 6 
2 10 6 
4 5 40 29 4 
3 9 3 33 
2 3 27 
2 24 2 
2 3 17 
2 9 8 
3 46 28 19 
3 6 39 13 
2 5 2 
3 24 37 4 
2 36 5 
2 3 19 
3 3 44 34 
4 45 27 43 17 
2 5 18 
2 2 1 
2 40 3 
2 39 9 
3 3 40 46 
3 2 45 33 

5 3 5 6 45 44 
14 3 12 8 33 7 20 41 43 16 10 25 4 14 32 
15 16 9 7 4 23 13 11 17 2 6 1 26 28 8 20 
5 5 3 18 38 2 
2 1 4 
7 29 11 37 15 1 3 17 
10 24 21 29 40 9 10 23 18 2 3 
4 3 45 46 2 
2 3 7 
7 14 30 22 7 13 2 35 
3 12 6 3 
3 2 39 11 
7 37 42 3 10 19 24 34 
3 2 15 10 
5 32 19 6 14 22 
2 2 3 
5 27 38 6 3 35 
4 4 31 42 7 
4 21 27 15 13 
5 3 31 36 2 41 
2 7 19 
2 15 10 
3 7 33 3 
7 28 25 34 7 30 13 26 
2 2 24 
2 24 3 
3 46 19 17 
2 24 3 
2 6 7 
5 10 36 40 44 24 
3 20 18 43 
3 2 15 39 
2 23 2 
2 24 13 
2 17 10 
2 30 20 
2 6 13 
2 4 17 
2 32 12 
2 7 30 
2 20 2 
2 13 18 
2 31 2 
2 1 30 
2 1 8 
2 27 8 

5 13 6 38 3 16 
10 10 46 15 36 21 18 12 25 3 4 
9 24 5 30 9 20 7 2 1 4 
17 2 32 8 19 29 3 34 37 9 13 25 35 27 5 15 18 6 
8 4 3 23 43 8 39 11 14 
4 4 35 7 1 
3 3 17 6 
8 32 22 11 39 5 37 4 33 
4 3 10 27 4 
5 28 12 9 34 2 
2 8 5 
3 2 10 26 
7 1 16 4 14 29 31 19 
3 13 46 5 
6 4 44 21 20 2 38 
6 17 1 23 26 36 13 
4 45 16 22 7 
2 2 4 
3 4 30 13 
5 40 31 28 3 15 
4 41 15 2 43 
2 17 8 
4 16 5 33 24 
2 3 23 
2 2 4 
2 12 16 
2 9 4 
2 20 10 
3 4 41 13 
3 3 42 19 
2 20 13 
2 4 8 
2 8 23 
3 42 4 10 
2 4 6 
4 16 44 40 2 
2 8 4 
2 15 1 
2 8 5 
2 20 36 
2 29 21 
2 34 30 
2 5 21 
2 36 15 
1 17 
2 2 14 

7 5 34 6 33 20 14 3 
8 25 14 7 8 4 3 9 28 
9 37 2 39 33 7 4 24 1 5 
19 44 11 41 23 45 20 8 26 12 21 17 18 24 10 6 3 15 2 32 
3 1 3 13 
2 4 1 
9 27 2 36 44 34 9 3 10 16 
2 4 2 
3 2 45 7 
8 12 15 30 7 40 11 19 4 
6 31 10 23 38 13 4 
4 4 10 46 16 
5 11 5 28 22 18 
2 2 1 
9 43 29 10 46 21 42 17 4 30 
3 7 12 22 
3 15 4 31 
4 13 25 19 4 
5 38 18 27 10 39 
2 1 4 
3 26 4 15 
2 13 16 
3 32 11 4 
2 3 4 
2 2 18 
2 21 4 
4 29 19 35 7 
2 13 2 
3 27 43 15 
3 40 15 10 
3 37 17 11 
3 4 36 23 
2 3 1 
4 35 7 1 42 
3 27 41 34 
2 7 32 
2 31 3 
2 19 11 
2 3 19 
2 30 10 
3 4 45 35 
2 15 34 
2 15 29 
2 7 4 
3 9 4 41 
2 15 12 

13 12 17 5 35 4 16 15 18 7 3 29 24 25 
8 3 8 4 23 27 41 30 6 
6 7 14 1 2 5 9 
6 1 38 6 2 36 10 
8 23 11 1 27 3 39 21 43 
3 8 2 4 
9 34 3 13 10 1 9 43 21 32 
6 6 35 42 2 15 22 
3 16 7 3 
7 4 46 28 33 11 7 37 
9 5 34 10 29 30 13 22 12 31 
3 11 20 1 
6 11 45 26 7 14 19 
8 26 44 19 45 3 13 40 17 
3 8 1 18 
2 1 9 
6 1 14 42 37 25 39 
5 15 24 38 20 1 
3 14 44 13 
3 12 32 18 
2 7 5 
2 8 11 
2 5 2 
2 1 18 
2 1 17 
6 14 41 36 33 28 13 
2 2 5 
2 10 26 
2 1 11 
4 2 31 11 40 
2 11 30 
2 7 20 
2 10 26 
2 11 7 
2 8 1 
2 4 26 
2 17 10 
2 18 4 
2 17 5 
2 30 14 
2 26 2 
2 17 8 
2 7 5 
2 19 14 
2 13 14 
1 10 

3 3 23 9 
19 25 3 7 8 45 16 32 22 37 33 5 4 26 29 14 12 36 43 6 
14 29 5 8 20 21 38 2 1 30 16 4 18 13 7 
6 39 6 3 19 2 38 
8 2 37 24 26 27 15 10 3 
12 10 44 12 9 4 32 19 14 2 35 17 11 
4 34 20 2 3 
3 35 2 3 
6 18 21 13 25 1 6 
4 6 31 11 5 
2 10 6 
2 6 2 
2 9 3 
3 15 2 6 
10 17 14 39 42 45 27 5 24 34 41 
2 3 2 
7 6 42 41 44 31 28 15 
2 9 3 
2 4 6 
3 7 3 23 
5 9 22 36 3 46 
2 2 21 
2 1 20 
2 5 15 
3 28 9 2 
2 5 2 
2 15 5 
4 17 33 30 25 
2 3 2 
3 28 3 40 
2 10 17 
2 2 6 
2 28 2 
2 15 7 
4 8 6 43 46 
2 21 2 
2 2 5 
2 4 3 
2 15 4 
1 30 
3 17 15 46 
2 15 17 
2 35 2 
2 17 6 
2 15 2 
3 41 35 21 

6 12 8 18 3 6 4 
14 9 45 15 22 10 8 3 4 40 7 31 28 23 12 
8 6 5 1 21 22 2 20 16 
15 20 35 26 13 1 17 7 18 16 32 2 9 41 5 15 
4 29 35 3 4 
5 1 3 14 11 30 
6 24 43 2 4 10 34 
5 46 11 1 2 19 
6 13 42 30 2 14 4 
3 27 7 2 
6 41 39 8 21 6 26 
3 25 2 1 
2 4 9 
8 33 28 9 42 34 27 17 6 
4 38 4 2 19 
3 4 24 3 
2 14 4 
4 23 32 4 1 
5 15 8 38 44 39 
4 36 45 4 3 
3 3 11 46 
2 3 2 
4 37 31 18 2 
4 16 7 29 25 
3 24 12 43 
2 11 4 
2 10 14 
2 14 2 
4 36 33 24 5 
2 9 6 
3 2 44 23 
2 4 18 
4 14 29 37 40 
2 14 7 
2 4 5 
2 29 20 
3 40 33 23 
2 19 15 
2 19 11 
3 33 37 2 
2 11 4 
2 14 9 
2 7 25 
2 31 19 
2 2 20 
2 21 8 

9 46 13 21 4 22 8 7 3 30 
4 18 6 12 3 
11 32 14 6 29 11 1 18 2 16 4 5 
20 26 21 15 42 44 1 5 3 23 29 9 20 39 38 7 19 17 14 27 8 
6 3 33 32 4 13 9 
7 11 28 17 3 10 2 41 
5 4 42 26 43 1 
7 36 1 41 4 37 35 45 
11 33 45 24 22 4 25 16 23 10 12 5 
2 9 6 
3 3 34 6 
3 2 15 9 
7 27 25 31 5 28 1 19 
5 30 3 4 24 34 
4 12 40 4 39 
5 3 35 20 9 36 
2 6 4 
2 3 2 
2 13 4 
2 4 16 
3 4 1 31 
4 37 38 9 1 
3 44 9 4 
2 14 9 
2 9 13 
4 4 43 7 46 
2 13 4 
2 6 13 
2 4 3 
2 1 14 
2 13 21 
2 5 3 
3 40 5 9 
2 11 14 
2 16 8 
2 8 16 
2 8 22 
2 22 4 
2 15 4 
2 33 15 
2 8 6 
2 4 7 
2 26 7 
2 4 23 
2 9 8 
2 26 1 

6 3 41 7 8 4 19 
1 3 
11 2 32 5 13 4 39 6 1 11 34 27 
20 1 45 3 39 11 5 21 16 43 14 7 13 27 36 18 9 6 26 25 8 
14 4 20 36 35 9 10 19 17 12 18 3 31 22 28 
7 32 46 4 25 15 10 3 
4 40 1 4 16 
9 40 12 20 4 26 30 14 23 1 
7 5 29 4 38 24 23 15 
3 35 6 5 
2 4 3 
4 24 5 8 31 
6 17 37 4 44 3 46 
3 8 33 4 
2 6 9 
3 22 4 7 
3 5 13 44 
4 29 41 5 4 
4 5 42 1 21 
2 8 5 
4 30 4 28 19 
3 5 42 16 
2 9 8 
2 12 9 
3 4 6 34 
3 8 33 4 
3 4 37 3 
2 5 21 
2 18 9 
2 21 8 
2 5 12 
2 3 6 
3 26 45 14 
2 25 3 
2 5 10 
2 5 4 
2 27 13 
1 9 
2 4 3 
2 7 8 
2 1 18 
2 22 19 
1 4 
2 17 13 
2 4 33 
2 13 6 

6 18 38 5 16 3 42 
10 10 3 15 6 26 43 4 12 11 28 
12 5 2 7 13 4 22 9 17 1 35 41 6 
11 36 33 10 29 3 34 7 8 32 12 2 
3 1 20 3 
8 2 38 9 14 15 22 3 21 
15 32 8 27 16 4 19 20 13 21 37 26 3 11 44 25 
6 23 7 37 19 42 4 
4 39 6 3 25 
8 4 27 2 40 35 34 17 39 
5 2 14 7 24 46 
2 2 4 
3 7 3 24 
2 11 6 
4 2 45 6 31 
4 33 7 29 1 
3 3 18 10 
4 1 40 23 17 
2 8 7 
2 5 7 
2 7 6 
5 30 3 28 6 41 
3 8 30 18 
2 11 13 
2 9 7 
2 2 7 
3 10 7 46 
3 2 36 22 
3 16 4 31 
2 23 22 
3 15 45 29 
3 4 44 7 
2 16 4 
4 10 43 38 4 
2 3 10 
2 4 28 
2 7 8 
3 6 34 1 
2 10 9 
2 10 18 
2 3 22 
2 1 8 
2 34 2 
2 7 32 
2 31 15 
2 11 27 

5 17 23 4 27 3 
14 4 13 5 6 8 10 9 18 23 3 36 12 15 20 
7 2 1 12 7 11 38 30 
10 2 29 20 1 6 11 18 9 5 16 
7 8 2 15 13 31 4 14 
12 29 25 17 39 2 4 26 41 7 44 34 14 
2 6 3 
9 43 35 21 19 45 5 34 37 2 
4 36 10 4 2 
7 22 46 9 45 2 19 16 
2 3 4 
2 2 3 
5 42 37 28 2 5 
3 6 33 5 
2 2 5 
5 22 24 10 4 26 
4 21 1 6 33 
2 2 4 
5 30 8 10 32 41 
4 4 40 24 2 
3 28 17 8 
2 16 10 
4 31 27 2 1 
5 39 43 25 20 16 
2 24 6 
2 6 16 
2 1 23 
2 21 13 
2 4 6 
2 19 3 
4 5 32 35 23 
2 19 31 
3 14 43 17 
2 8 6 
2 8 31 
2 2 9 
2 13 8 
1 3 
2 24 6 
1 20 
2 6 19 
1 13 
3 33 8 24 
1 6 
2 8 10 
1 10 

6 4 3 19 27 36 42 
2 3 7 
15 14 35 10 27 6 8 37 26 4 2 9 1 5 21 38 
13 29 44 9 7 17 22 1 3 30 46 5 24 38 
12 20 6 31 10 16 36 4 45 43 3 13 26 
9 14 5 33 3 12 8 35 15 42 
5 11 32 37 4 2 
11 20 28 34 18 25 6 32 23 3 29 12 
5 3 4 11 31 21 
3 3 22 5 
3 45 9 7 
9 16 8 39 25 15 23 17 6 13 
3 5 19 12 
2 3 6 
5 39 6 41 12 24 
2 5 12 
4 40 4 12 18 
2 8 17 
2 13 1 
3 5 8 44 
3 3 9 28 
2 4 10 
2 8 12 
2 4 15 
2 8 12 
2 5 3 
3 1 3 40 
3 8 33 21 
4 8 30 4 34 
2 29 4 
2 5 9 
2 7 8 
5 40 28 44 6 38 
2 29 8 
2 3 6 
2 5 1 
2 7 3 
4 42 4 33 3 
2 15 12 
3 27 33 17 
1 15 
3 38 6 1 
1 5 
4 46 20 33 4 
2 5 11 
2 44 4 

3 3 15 23 
7 3 6 27 4 25 18 32 
19 34 26 28 10 19 1 8 4 2 9 36 31 33 38 42 18 43 11 5 
20 24 34 16 6 2 31 7 14 35 10 15 17 13 26 20 12 5 3 8 44 
3 3 4 16 
3 7 2 4 
9 29 9 46 33 23 17 4 6 14 
3 3 11 4 
2 3 7 
3 19 4 3 
6 27 29 8 36 3 12 
9 44 46 25 21 41 40 4 11 13 
5 4 45 37 12 21 
6 22 42 39 7 4 28 
2 1 4 
5 30 4 41 20 5 
3 7 35 4 
2 3 2 
4 3 37 10 22 
3 4 16 40 
3 24 12 13 
3 14 19 30 
2 7 1 
2 21 4 
4 32 2 12 39 
3 3 38 4 
2 2 11 
2 14 3 
2 11 7 
2 22 16 
2 3 4 
2 2 25 
2 7 3 
3 3 41 4 
2 4 17 
2 3 11 
2 19 13 
3 26 3 43 
3 14 46 25 
2 12 20 
3 16 34 12 
2 3 14 
2 3 38 
2 12 4 
1 13 
3 12 39 7 

5 23 4 6 29 3 
2 5 3 
13 17 27 5 1 8 30 9 12 2 14 19 4 18 
9 7 15 6 20 9 25 3 1 8 
13 16 2 29 17 3 14 15 13 7 36 10 20 28 
2 4 1 
5 4 43 12 34 5 
3 11 4 3 
6 46 21 10 3 4 11 
4 5 9 23 36 
5 27 9 8 13 21 
7 3 35 37 40 22 7 24 
8 45 18 33 44 11 39 38 5 
4 41 5 3 46 
4 4 5 16 26 
6 42 32 19 15 5 31 
2 5 3 
8 22 28 25 3 43 26 13 34 
2 16 3 
2 5 4 
4 11 9 45 24 
5 12 18 30 41 37 
5 10 35 1 33 39 
2 12 21 
2 18 4 
2 18 15 
2 3 11 
2 18 5 
2 5 1 
2 3 22 
1 16 
1 16 
2 13 23 
2 18 7 
2 12 23 
3 10 5 45 
2 12 22 
1 13 
2 13 23 
1 12 
3 14 22 43 
1 16 
3 41 18 7 
1 13 
3 21 13 36 
2 14 9 

4 4 37 3 29 
8 23 30 3 20 31 15 16 26 
10 35 40 1 10 18 6 4 7 5 2 
13 17 26 11 8 14 5 1 18 19 29 3 43 7 
10 39 13 17 6 20 4 38 8 9 3 
8 11 33 3 37 44 10 5 45 
5 3 4 14 15 9 
5 40 5 4 22 42 
5 39 12 41 5 7 
9 32 6 13 24 3 27 42 33 12 
2 6 4 
4 10 9 25 16 
5 19 28 5 36 10 
6 24 7 22 4 23 25 
4 7 2 32 21 
5 12 2 21 45 30 
3 4 5 43 
3 28 4 3 
2 13 4 
3 38 2 5 
2 16 15 
2 14 8 
6 34 2 14 27 31 46 
2 10 14 
3 12 44 14 
2 2 4 
3 36 23 10 
2 13 18 
3 4 32 1 
4 2 16 31 42 
4 40 2 23 30 
4 44 15 10 29 
2 10 6 
2 38 23 
1 3 
2 27 13 
2 1 6 
3 20 5 34 
2 5 9 
3 31 3 8 
1 9 
3 8 10 30 
2 17 4 
3 25 32 6 
2 16 6 
1 23 

11 42 4 24 5 14 43 31 22 44 33 3 
3 39 3 6 
19 1 13 8 6 4 9 44 17 2 20 5 29 11 46 10 7 19 12 23 
8 1 3 18 32 46 24 10 38 
9 13 37 40 7 1 15 28 21 3 
3 3 2 40 
6 5 23 8 9 3 35 
5 3 21 7 31 25 
10 3 28 20 41 7 11 26 12 25 18 
3 14 3 4 
5 45 36 3 34 9 
2 9 3 
7 3 15 17 5 22 37 27 
3 16 1 10 
3 13 16 5 
2 14 15 
2 3 13 
4 26 9 19 4 
3 18 38 3 
2 3 9 
2 8 5 
3 13 33 1 
8 45 27 35 36 34 7 3 29 
3 1 30 4 
2 9 8 
3 43 9 18 
2 13 23 
2 9 5 
2 23 3 
1 24 
3 34 1 8 
2 4 35 
2 1 22 
4 11 31 23 41 
3 7 32 23 
2 23 11 
2 13 5 
2 19 4 
1 2 
2 6 5 
2 9 34 
1 1 
2 1 26 
2 1 3 
3 46 23 11 
3 4 3 45 

7 18 24 42 6 5 3 4 
7 21 9 12 10 3 4 8 
5 1 13 12 38 2 
11 36 22 5 1 23 29 8 13 27 2 35 
9 7 1 26 11 6 14 4 43 15 
13 42 46 38 19 1 41 9 44 16 5 7 32 17 
2 5 6 
4 22 2 11 4 
5 10 24 14 6 2 
6 18 20 9 31 2 33 
4 5 40 39 8 
12 31 21 28 2 20 3 37 32 33 19 23 29 
3 15 3 4 
9 40 34 9 5 16 28 26 45 30 
3 5 13 17 
5 39 6 14 43 30 
3 25 6 15 
5 10 37 46 25 1 
3 41 6 12 
2 12 10 
2 12 2 
2 8 4 
3 45 4 12 
3 9 27 1 
2 18 17 
2 5 14 
5 42 32 30 24 4 
2 14 12 
3 4 41 12 
3 14 16 27 
2 12 10 
3 12 27 6 
2 12 10 
1 14 
2 4 39 
1 4 
2 18 12 
2 3 6 
3 11 35 16 
2 14 11 
3 19 6 29 
3 6 1 27 
2 5 16 
1 6 
2 23 14 
2 6 18 

4 19 4 27 3 
5 24 4 23 3 37 
13 2 13 38 6 42 33 5 1 22 39 11 7 8 
19 31 20 9 1 30 21 5 32 7 13 6 42 18 2 11 19 33 17 43 
10 12 29 15 3 14 45 18 28 4 25 
7 4 3 41 32 8 12 17 
3 25 3 4 
9 44 10 9 20 3 23 14 6 24 
3 8 10 4 
4 27 9 16 8 
2 3 4 
4 6 5 31 29 
6 22 16 37 15 3 4 
4 5 8 30 38 
4 5 21 13 36 
2 10 13 
2 4 6 
4 4 40 5 28 
3 4 45 1 
2 8 4 
5 15 4 26 36 34 
3 46 3 13 
2 2 8 
3 2 26 8 
2 5 7 
2 24 21 
2 1 10 
4 34 5 36 18 
2 12 5 
2 14 4 
2 12 4 
2 4 6 
3 3 35 4 
2 21 28 
2 44 33 
3 15 21 28 
2 13 2 
2 3 14 
1 3 
1 18 
1 6 
2 3 4 
1 4 
2 35 8 
2 5 19 
1 22 

2 5 3 
4 14 3 4 34 
13 7 15 12 5 6 2 1 21 11 27 4 17 37 
13 2 17 22 15 8 31 7 3 27 12 9 14 45 
7 6 8 13 3 1 40 23 
5 3 41 42 5 44 
9 19 11 44 3 46 4 33 10 20 
9 29 18 5 40 16 41 9 38 4 
5 29 4 8 22 10 
13 25 26 20 35 7 36 13 30 9 34 19 32 23 
5 42 3 7 16 18 
2 4 3 
5 25 30 5 10 33 
2 4 2 
5 46 28 3 4 24 
7 36 28 43 21 11 38 8 
4 3 4 26 45 
2 11 8 
3 7 24 10 
3 7 32 10 
3 16 31 3 
5 43 4 37 39 9 
2 5 10 
2 19 15 
3 10 34 13 
2 10 17 
2 3 4 
2 16 15 
3 9 35 8 
2 10 13 
2 4 21 
6 46 35 40 39 20 10 
2 13 7 
4 25 10 2 44 
3 10 29 32 
2 16 10 
2 3 22 
3 16 8 43 
2 22 32 
4 8 5 41 32 
3 8 40 6 
2 6 11 
3 38 22 16 
3 6 34 7 
2 17 4 
3 15 32 7 

6 4 3 34 9 6 18 
3 4 3 5 
9 19 7 27 11 1 29 17 10 2 
18 37 44 26 30 9 42 34 24 14 36 5 21 2 8 41 7 1 12 
7 6 26 14 32 4 2 40 
7 5 1 46 19 22 13 11 
14 16 23 10 46 12 21 38 3 30 25 8 4 20 13 
3 7 4 15 
4 4 16 1 23 
3 15 3 7 
5 20 22 40 3 6 
7 43 24 7 17 36 28 4 
2 7 6 
3 4 35 5 
2 10 8 
6 9 45 18 44 7 25 
3 41 3 12 
4 16 32 31 1 
4 38 6 27 3 
2 7 11 
3 33 4 7 
4 6 28 11 39 
2 7 9 
2 4 12 
2 16 7 
2 5 4 
2 3 19 
2 22 12 
1 3 
3 7 4 39 
1 18 
2 5 18 
1 21 
3 4 35 1 
2 14 34 
2 4 12 
1 4 
2 19 7 
2 30 22 
2 11 5 
2 17 4 
1 4 
1 12 
2 16 4 
1 16 
2 6 7 

7 33 27 13 3 7 14 4 
3 3 10 4 
8 7 24 2 5 8 11 1 18 
12 19 2 9 27 6 17 21 8 29 41 5 1 
7 10 3 4 37 6 34 22 
8 9 4 15 42 12 11 5 21 
8 24 31 42 1 32 22 3 19 
5 26 34 3 20 4 
7 45 4 43 6 18 16 17 
3 14 2 5 
5 28 12 23 3 6 
8 20 11 15 36 43 31 13 6 
2 1 12 
5 16 10 25 38 1 
4 28 6 40 12 
3 9 14 35 
2 4 9 
2 9 3 
3 7 4 36 
3 46 8 12 
10 23 40 4 29 25 38 41 6 37 26 
2 5 7 
2 21 11 
2 3 7 
3 14 29 21 
3 21 45 8 
2 1 4 
2 11 15 
5 4 21 35 25 31 
0 
3 12 29 7 
5 7 39 37 33 42 
2 1 32 
2 8 5 
2 29 16 
2 12 19 
3 5 21 32 
2 14 21 
1 32 
2 21 15 
2 4 21 
4 6 32 7 43 
3 42 12 9 
0 
2 9 26 
1 20 

12 12 4 25 34 35 3 9 6 5 26 20 21 
5 3 11 42 17 4 
4 2 1 8 42 
11 8 16 2 10 43 1 5 6 17 7 21 
2 1 4 
12 40 10 18 11 4 27 28 13 1 23 7 12 
7 40 30 25 36 6 44 4 
5 4 14 44 9 3 
3 30 1 8 
9 20 46 34 4 6 33 19 39 15 
10 29 37 26 24 15 18 2 13 23 6 
3 1 6 31 
6 16 29 33 6 14 11 
3 8 22 13 
3 10 11 19 
6 27 35 13 4 41 32 
4 24 2 4 22 
3 38 11 6 
2 15 10 
4 31 10 1 38 
2 1 4 
3 17 14 30 
3 46 6 11 
2 17 11 
2 7 1 
3 1 30 11 
2 16 6 
2 32 6 
2 11 13 
6 33 7 26 39 9 22 
2 12 20 
2 28 16 
4 30 13 39 10 
3 35 10 1 
3 1 16 34 
1 7 
1 11 
2 18 20 
3 10 33 30 
2 7 6 
2 16 44 
2 2 3 
2 4 44 
5 8 7 41 45 43 
1 44 
2 10 23 

14 21 8 9 28 37 18 10 3 30 16 17 6 7 32 
9 36 4 13 5 3 11 10 31 8 
7 5 4 2 39 22 7 1 
8 30 46 45 6 3 2 24 34 
6 41 25 3 2 15 38 
5 40 1 35 16 4 
10 20 42 44 21 9 24 12 3 1 25 
6 31 11 1 23 28 2 
12 43 27 34 1 33 32 19 40 12 13 36 7 
8 43 35 15 2 1 18 14 17 
6 14 29 38 8 41 2 
2 9 7 
5 33 27 2 9 26 
2 11 10 
2 10 5 
4 1 20 6 19 
2 10 1 
2 10 1 
6 42 37 16 46 26 9 
2 16 7 
2 7 1 
1 3 
2 28 8 
2 4 7 
2 7 5 
2 19 13 
3 36 9 13 
3 1 23 8 
1 11 
6 39 4 41 1 37 32 
2 2 8 
3 9 30 1 
2 13 9 
2 4 9 
3 6 10 43 
4 27 9 45 2 
3 30 19 1 
2 11 5 
3 30 3 45 
2 6 9 
3 5 30 11 
2 19 7 
3 35 10 9 
1 7 
4 36 39 46 4 
3 45 4 19 

4 3 18 35 46 
8 6 42 29 17 3 4 5 10 
22 8 9 17 15 42 21 31 14 27 30 43 41 10 2 1 11 5 4 37 32 20 6 
6 12 22 3 7 2 23 
9 2 24 31 3 9 14 26 36 7 
8 38 3 2 13 16 25 23 11 
4 4 34 8 5 
4 7 39 3 20 
7 21 3 19 5 27 16 33 
12 41 29 38 24 12 3 13 2 25 19 43 15 
2 3 6 
7 4 30 28 45 10 34 33 
7 36 35 44 6 26 22 10 
2 3 5 
2 10 3 
2 6 9 
3 18 3 2 
3 17 1 46 
2 10 9 
2 3 8 
4 9 3 22 23 
3 21 13 4 
3 6 21 4 
2 5 10 
2 6 10 
3 5 39 13 
2 3 9 
2 29 12 
3 2 10 28 
2 3 12 
3 5 3 45 
2 3 44 
2 9 12 
2 7 12 
2 13 1 
2 5 13 
1 3 
2 10 6 
2 8 26 
0 
2 3 10 
2 2 3 
2 3 10 
2 32 13 
2 31 12 
2 1 18 

9 22 28 15 6 5 3 14 8 10 
6 3 31 4 7 27 32 
29 39 34 37 13 20 10 18 43 24 12 9 31 6 1 32 36 19 14 35 17 5 29 7 16 4 2 28 30 11 
6 25 40 8 2 3 38 
2 3 1 
9 13 25 42 9 3 18 15 12 1 
2 3 2 
2 1 4 
4 6 11 3 20 
5 3 26 45 1 19 
3 3 9 17 
3 3 16 6 
4 45 6 3 22 
3 40 1 3 
3 6 1 23 
5 12 3 21 33 41 
5 11 24 35 46 3 
2 6 3 
3 40 10 3 
2 9 3 
1 16 
3 39 13 1 
4 37 45 15 32 
2 3 17 
2 6 4 
2 10 28 
1 2 
3 1 3 26 
1 3 
1 3 
2 3 2 
3 23 3 2 
1 16 
1 3 
2 3 17 
2 40 3 
2 3 23 
2 4 44 
2 22 3 
4 4 19 14 36 
1 16 
1 6 
1 3 
1 38 
3 13 10 23 
1 17 

4 23 4 13 3 
6 45 6 3 5 19 18 
9 2 8 5 31 1 7 9 4 32 
8 25 12 11 20 10 30 1 3 
6 2 27 6 33 29 3 
11 14 5 29 2 17 31 7 12 15 21 37 
15 32 3 8 34 40 24 26 21 15 13 38 11 9 6 43 
2 3 7 
5 7 18 10 16 3 
4 9 4 17 42 
2 4 7 
5 16 41 4 39 6 
8 14 19 1 23 34 7 46 22 
3 6 13 46 
2 7 6 
8 22 40 30 12 36 9 33 44 
2 10 6 
2 9 2 
4 13 27 21 2 
3 29 4 34 
5 46 19 7 23 6 
4 16 13 39 44 
6 21 36 42 13 1 26 
1 7 
3 44 4 30 
2 7 23 
2 5 19 
1 43 
5 37 6 5 41 20 
3 4 16 25 
4 38 3 6 33 
2 3 7 
3 5 16 31 
3 13 7 20 
0 
2 23 16 
2 29 6 
2 7 31 
2 12 22 
2 7 16 
2 12 29 
2 10 23 
2 7 28 
3 25 16 22 
1 2 
3 21 13 14 

10 30 25 26 5 36 27 3 14 9 8 
6 3 18 7 17 32 4 
9 40 41 2 15 21 4 1 13 6 
15 8 2 13 19 27 43 15 17 9 20 3 5 14 6 22 
6 1 37 41 44 4 31 
7 4 19 7 22 21 3 33 
9 11 24 2 12 35 34 6 10 16 
6 4 39 38 24 1 35 
4 1 11 10 4 
2 9 7 
4 7 12 23 9 
4 28 11 16 7 
3 3 36 4 
4 4 46 30 1 
3 20 4 3 
2 12 7 
5 4 38 45 28 2 
5 42 2 27 20 43 
3 24 4 6 
4 44 18 15 4 
5 35 6 3 25 39 
2 6 4 
2 11 26 
4 28 7 8 19 
2 21 1 
2 1 23 
3 18 4 1 
4 12 17 24 35 
1 37 
2 14 1 
1 5 
1 2 
1 6 
1 7 
5 7 8 36 28 21 
3 35 1 13 
2 5 29 
3 8 17 41 
2 8 21 
1 3 
3 38 3 5 
1 18 
2 18 4 
2 20 5 
1 17 
1 14 

5 24 42 33 7 3 
8 42 6 5 9 4 25 3 31 
24 15 4 36 9 38 12 2 44 13 21 18 43 37 8 6 45 7 1 17 11 14 22 26 5 
2 3 2 
5 3 19 39 8 2 
2 3 2 
7 16 3 12 30 10 11 1 
15 10 40 5 14 19 15 34 32 21 13 23 24 27 33 3 
10 20 16 2 44 37 3 34 41 25 36 
3 7 8 17 
3 3 35 7 
4 7 27 18 3 
3 8 28 3 
5 28 29 3 41 8 
2 3 8 
2 7 9 
5 28 10 29 18 3 
5 17 25 32 3 12 
2 8 5 
1 9 
2 3 8 
4 26 3 29 23 
3 22 8 34 
3 8 38 1 
5 33 2 18 43 9 
2 3 22 
2 12 8 
4 39 17 13 14 
4 22 14 17 31 
1 7 
4 45 42 29 2 
2 18 8 
4 1 25 42 8 
5 8 40 9 46 23 
1 11 
5 45 44 3 9 37 
3 9 36 3 
2 3 24 
2 28 5 
2 34 8 
2 14 9 
4 1 33 2 31 
2 3 25 
3 9 3 36 
3 36 31 3 
1 34 

16 24 37 22 3 26 15 6 13 23 20 16 40 9 5 31 4 
3 3 8 13 
5 2 1 32 4 12 
11 28 19 5 12 25 7 3 11 16 21 1 
11 1 8 7 15 14 41 4 10 9 6 46 
7 38 1 17 35 43 31 5 
6 33 23 11 5 4 14 
7 5 21 43 2 39 45 27 
8 18 5 32 19 10 44 1 25 
2 9 5 
5 44 30 4 7 42 
6 3 46 40 18 4 20 
2 2 1 
2 5 7 
3 1 5 43 
3 31 4 1 
5 6 35 46 26 29 
2 9 12 
4 4 23 9 20 
3 12 1 19 
3 8 22 4 
3 21 1 45 
3 19 1 7 
3 38 1 30 
3 46 9 4 
2 17 1 
1 8 
2 4 39 
1 17 
3 24 32 11 
3 6 1 16 
3 3 9 30 
2 40 7 
0 
2 17 6 
0 
1 1 
2 24 6 
2 8 28 
3 1 12 33 
1 5 
1 11 
3 8 15 6 
2 11 9 
2 8 22 
4 17 12 5 25 

6 3 5 38 42 12 8 
15 30 44 21 23 19 16 3 11 43 4 7 46 14 9 29 
13 23 2 35 26 40 10 5 13 11 4 20 18 1 
12 22 2 7 12 33 6 27 19 15 18 43 3 
10 36 42 9 24 8 15 3 1 6 41 
6 10 5 32 4 31 14 
5 39 24 28 2 4 
5 13 25 5 1 26 
4 2 5 16 38 
4 3 6 17 25 
3 3 2 34 
2 1 4 
2 3 8 
3 22 6 2 
4 4 5 27 30 
7 33 29 35 17 9 28 2 
5 16 26 36 10 29 
4 4 3 39 24 
2 4 2 
1 3 
1 2 
2 4 14 
3 2 34 3 
4 7 37 5 18 
2 10 8 
4 3 34 17 8 
2 4 15 
2 7 16 
3 16 17 2 
4 45 41 2 15 
1 6 
2 6 36 
2 16 4 
3 11 23 26 
2 3 16 
3 32 5 17 
2 38 24 
3 9 1 37 
2 7 18 
2 42 3 
2 5 30 
3 1 40 5 
2 2 4 
1 2 
1 30 
1 2 

12 8 4 28 21 38 19 22 40 34 23 15 3 
1 3 
14 11 12 2 1 33 5 4 10 7 37 29 36 44 45 
11 16 1 31 17 12 10 3 6 36 15 5 
9 22 9 6 3 23 20 30 16 4 
6 17 5 4 25 7 35 
9 21 9 13 29 3 6 18 8 26 
2 1 7 
7 19 42 5 35 7 18 11 
7 43 24 4 3 42 20 39 
4 9 27 3 14 
2 3 4 
6 32 44 27 37 17 7 
1 11 
2 4 1 
3 30 5 4 
4 4 6 13 28 
6 21 29 34 7 9 20 
3 22 1 9 
4 5 18 45 10 
4 7 18 1 31 
4 19 35 5 1 
2 1 5 
1 10 
3 6 33 41 
1 7 
2 13 11 
2 17 1 
3 3 18 7 
2 5 16 
4 39 21 4 37 
2 13 46 
3 36 25 3 
3 1 18 40 
3 9 6 22 
3 3 4 33 
3 3 13 31 
1 1 
2 31 10 
2 34 1 
1 25 
2 10 9 
2 10 45 
2 13 3 
3 43 20 3 
1 32 

6 35 7 23 3 4 5 
4 10 6 12 3 
17 25 9 10 4 12 14 29 2 17 1 27 5 37 8 6 44 20 
4 3 11 1 26 
20 21 22 16 8 34 17 9 3 18 20 19 36 1 41 24 45 31 25 11 42 
5 3 29 7 2 15 
3 13 1 6 
2 3 5 
7 3 37 14 16 15 13 5 
3 31 3 2 
2 5 4 
9 27 2 13 14 24 26 3 46 25 
4 9 7 12 41 
4 12 3 33 9 
3 6 39 9 
4 9 5 34 41 
2 5 3 
2 5 28 
2 37 5 
3 43 3 5 
1 5 
1 5 
2 31 1 
2 12 5 
3 12 5 3 
3 40 4 12 
2 3 12 
1 18 
5 3 30 38 32 6 
2 29 32 
3 10 23 5 
2 29 30 
1 14 
3 5 16 46 
1 1 
1 5 
3 9 19 3 
1 29 
1 15 
1 26 
5 44 5 13 16 45 
1 5 
1 20 
2 41 3 
2 5 41 
2 34 12 

6 32 22 23 38 39 3 
15 5 44 29 11 8 12 9 24 3 17 31 4 14 6 45 
18 43 10 15 45 4 29 8 11 2 39 13 23 24 1 32 5 7 14 
9 21 10 2 7 6 31 35 3 18 
4 25 2 36 3 
6 20 2 41 22 4 9 
7 25 3 19 27 4 16 28 
10 3 40 16 12 35 17 46 34 2 37 
2 2 6 
2 3 4 
5 28 30 2 3 36 
2 2 8 
4 3 22 35 21 
4 18 3 2 41 
5 3 33 24 32 30 
4 7 26 8 45 
2 8 2 
4 4 19 27 14 
5 46 33 18 7 38 
2 6 28 
3 23 13 4 
3 13 6 1 
4 32 1 3 21 
3 3 15 2 
4 5 7 38 40 
4 43 16 40 39 
2 7 18 
5 34 20 7 39 11 
2 3 2 
3 46 15 11 
2 2 4 
4 3 23 1 15 
2 19 15 
2 28 8 
3 13 8 4 
2 11 5 
1 8 
3 19 1 25 
4 3 28 26 1 
5 25 44 43 26 8 
3 14 6 42 
1 41 
3 26 40 3 
2 40 2 
3 16 3 2 
3 30 8 19 

7 10 3 15 5 19 4 7 
8 4 24 17 9 10 26 3 6 
5 2 39 6 7 1 
11 8 27 2 31 18 30 29 5 40 1 13 
5 42 31 1 4 45 
3 14 3 2 
13 16 8 1 26 3 20 36 17 28 12 44 9 13 
6 24 11 22 7 4 38 
2 7 2 
4 2 1 34 13 
1 8 
2 7 15 
7 21 7 19 27 4 10 33 
2 6 46 
3 20 1 12 
3 36 7 18 
2 7 2 
3 4 16 42 
4 1 13 37 41 
3 28 15 7 
2 26 13 
3 26 8 30 
3 40 30 33 
2 2 8 
0 
7 7 2 22 38 21 42 44 
2 13 4 
2 7 20 
1 4 
3 4 22 23 
2 5 4 
0 
2 23 13 
1 10 
0 
2 7 16 
1 19 
2 26 8 
1 3 
2 4 23 
2 43 19 
3 26 5 18 
1 41 
2 26 7 
1 5 
1 14 

4 19 24 7 3 
13 8 23 12 11 10 13 20 32 4 6 3 5 7 
14 33 46 9 2 17 4 16 18 1 8 20 15 45 29 
9 27 17 3 21 40 6 5 2 25 
7 4 29 25 27 2 22 10 
4 31 4 24 2 
4 1 9 11 2 
2 3 2 
4 40 3 25 7 
7 37 12 34 2 11 25 5 
7 32 14 7 22 2 10 23 
2 10 2 
2 2 30 
3 11 15 16 
4 43 3 21 14 
2 3 14 
9 46 21 3 19 18 34 4 20 23 
2 17 3 
5 1 17 28 35 45 
5 2 3 35 29 17 
5 38 15 33 4 17 
2 5 11 
4 11 27 2 17 
2 6 1 
4 10 9 4 5 
0 
6 32 23 43 41 4 5 
1 19 
3 3 5 20 
1 13 
3 36 41 6 
4 2 11 33 27 
3 3 32 21 
3 10 37 17 
2 19 20 
1 31 
2 34 10 
2 21 39 
1 38 
2 4 9 
3 27 31 42 
2 41 44 
2 15 27 
1 42 
3 46 19 3 
3 17 45 3 

6 41 6 5 23 3 21 
14 4 3 17 9 21 25 14 30 38 18 23 26 24 40 
10 7 20 41 16 27 13 2 1 4 10 
7 8 9 5 32 3 2 42 
8 35 4 19 6 15 1 8 12 
5 5 11 1 32 7 
2 6 3 
2 5 4 
3 4 26 2 
1 3 
3 41 6 12 
8 5 14 19 40 11 43 13 15 
4 12 3 16 14 
3 12 2 13 
4 37 5 12 28 
7 23 18 39 13 21 3 35 
1 2 
5 36 31 46 16 2 
4 22 5 38 12 
4 37 3 28 44 
5 35 34 16 2 1 
2 19 36 
4 2 16 1 26 
2 44 2 
1 2 
5 9 38 30 23 2 
1 3 
6 39 32 20 42 15 30 
0 
7 42 2 28 45 33 26 34 
1 18 
3 28 6 4 
1 30 
2 21 30 
3 21 16 5 
2 22 18 
2 15 20 
3 2 19 26 
2 28 16 
3 2 41 12 
5 3 11 43 1 40 
3 28 4 30 
2 12 41 
2 20 24 
1 30 
1 18 

6 24 35 4 36 25 3 
8 7 44 14 34 3 33 29 10 
8 4 46 14 31 2 5 38 1 
11 1 28 21 5 35 6 8 32 27 3 19 
10 22 4 23 3 20 9 6 37 8 12 
2 4 5 
9 29 2 13 46 28 12 15 36 17 
6 31 26 10 30 5 4 
7 37 11 20 16 5 34 28 
2 2 8 
3 38 43 9 
8 22 5 7 46 14 29 25 39 
3 39 19 7 
4 18 2 12 3 
1 7 
2 9 37 
3 24 7 45 
2 45 14 
2 13 4 
2 9 5 
2 4 22 
6 5 27 44 33 12 21 
1 5 
3 34 17 1 
2 12 1 
1 8 
4 33 22 4 42 
4 40 4 9 7 
5 2 7 35 12 31 
2 36 8 
3 8 3 29 
1 4 
3 2 27 22 
4 2 24 9 43 
3 1 29 4 
3 30 7 1 
3 9 16 5 
2 3 11 
2 12 13 
1 28 
1 44 
1 27 
2 34 11 
3 2 41 22 
2 17 18 
3 3 7 12 

6 39 5 41 3 26 4 
2 4 3 
14 20 7 19 5 29 46 12 28 37 2 15 6 8 1 
11 1 2 32 16 25 20 9 11 34 31 12 
2 1 3 
7 12 42 9 3 11 7 15 
6 33 16 28 6 3 43 
4 23 3 44 11 
13 13 21 45 37 15 24 41 22 4 39 10 6 17 
7 41 13 9 29 26 38 45 
4 31 4 8 6 
9 3 6 20 18 19 30 4 25 16 
2 9 10 
0 
4 6 3 17 9 
4 4 12 40 7 
3 9 18 15 
2 17 12 
5 3 26 12 27 36 
3 12 3 4 
2 30 9 
1 9 
3 43 32 8 
1 9 
2 12 4 
3 19 1 10 
1 19 
2 3 7 
2 3 10 
2 21 12 
2 11 4 
3 23 42 4 
2 7 34 
2 33 4 
0 
2 40 19 
3 9 3 39 
1 10 
3 9 37 1 
2 36 16 
3 1 10 9 
2 6 32 
3 23 7 46 
1 8 
2 9 10 
2 3 43 

14 41 3 31 9 26 10 7 18 12 4 15 14 36 5 
3 3 16 14 
8 11 2 38 1 19 42 4 28 
2 1 3 
8 10 24 15 1 6 44 27 7 
7 16 35 5 13 27 10 8 
8 43 36 5 13 1 28 30 14 
9 23 17 9 43 18 6 19 45 11 
5 23 1 8 14 33 
4 5 39 6 1 
2 8 3 
4 44 21 1 38 
3 6 7 31 
6 17 2 7 30 9 1 
2 5 1 
4 6 18 2 40 
11 24 41 14 45 21 8 22 42 46 37 33 
3 8 1 16 
2 3 8 
3 22 25 26 
2 17 12 
2 17 20 
3 8 38 9 
2 17 5 
4 29 36 40 20 
3 1 20 42 
5 34 35 6 5 32 
2 7 3 
1 25 
2 14 7 
2 1 13 
1 27 
2 17 9 
1 27 
2 6 27 
3 25 1 7 
1 17 
3 12 3 23 
1 10 
2 16 25 
2 1 17 
3 17 3 26 
2 8 7 
2 5 12 
2 17 8 
1 17 

13 44 39 24 23 4 15 9 28 8 5 3 6 11 
8 13 29 4 3 45 42 28 30 
2 1 2 
10 44 9 5 11 8 2 20 6 1 24 
10 46 4 30 12 22 1 6 39 32 7 
8 20 5 42 33 13 1 4 18 
5 5 16 10 37 8 
6 27 21 4 7 1 17 
2 1 4 
2 7 13 
9 17 35 4 24 32 1 29 19 15 
2 5 22 
3 6 10 2 
3 43 25 44 
9 21 25 38 40 31 34 26 11 1 
2 34 7 
3 37 8 11 
1 6 
3 30 11 23 
3 6 23 4 
4 39 29 8 15 
3 5 28 12 
3 20 1 19 
4 43 1 4 11 
2 14 15 
3 27 45 15 
2 8 26 
4 22 2 41 1 
3 11 2 21 
5 2 19 45 5 33 
1 15 
3 11 40 5 
3 6 30 35 
3 16 36 15 
2 11 33 
1 34 
2 7 17 
1 15 
3 1 21 5 
3 15 32 46 
1 28 
2 6 2 
2 24 14 
3 1 4 14 
3 26 2 30 
2 5 40 

3 31 3 25 
0 
15 39 7 15 34 42 33 31 9 1 44 45 6 5 25 10 
6 40 46 12 7 19 38 
4 10 3 11 12 
6 14 17 3 35 21 20 
11 29 20 16 3 14 18 4 8 17 22 24 
1 7 
8 31 3 37 13 32 35 46 43 
2 3 5 
3 5 16 33 
7 18 5 25 4 23 21 27 
3 9 37 27 
2 6 7 
1 3 
3 7 19 11 
3 6 26 7 
3 36 7 12 
3 16 4 22 
2 6 7 
2 6 12 
2 19 7 
1 12 
5 40 32 26 43 7 
3 3 1 12 
2 24 17 
2 13 12 
0 
3 30 7 38 
2 29 41 
3 1 3 9 
3 24 34 9 
2 3 11 
2 3 32 
3 9 6 36 
2 35 18 
2 13 9 
2 29 4 
1 3 
3 24 4 41 
2 30 40 
1 3 
2 9 24 
1 3 
1 3 
2 9 4 

0 
2 4 3 
8 39 5 7 2 15 28 17 4 
14 13 20 2 9 41 36 8 5 6 34 44 7 3 12 
13 32 12 41 30 11 24 35 4 45 46 27 3 6 
3 10 5 4 
13 22 38 18 11 35 8 36 20 4 15 24 3 9 
6 26 14 37 7 4 29 
8 4 38 37 10 26 22 32 7 
7 9 46 18 6 25 43 16 
6 7 21 27 14 13 5 
2 5 4 
4 17 19 4 11 
5 21 43 19 8 11 
3 16 3 7 
4 23 15 31 10 
3 23 3 13 
3 7 10 28 
2 14 13 
4 39 33 4 7 
2 14 11 
2 7 9 
2 17 16 
3 7 29 5 
3 10 30 42 
4 34 45 9 8 
3 40 5 11 
3 3 33 18 
2 24 8 
2 25 5 
1 16 
3 42 9 5 
3 40 20 28 
2 4 26 
2 7 5 
2 7 4 
2 8 9 
3 7 44 9 
2 20 3 
2 33 27 
2 5 4 
2 25 32 
2 14 10 
2 38 4 
2 5 26 
2 10 5 

13 37 36 29 14 5 10 13 6 4 45 9 7 3 
4 38 18 3 11 
9 16 40 7 44 2 4 1 31 6 
11 3 25 1 5 39 16 8 40 35 28 43 
9 38 4 1 27 21 13 26 41 35 
4 9 3 1 12 
5 8 10 3 1 41 
9 12 4 19 20 7 24 23 36 14 
6 45 1 19 6 32 39 
7 11 17 7 37 15 22 1 
2 10 2 
2 6 8 
5 15 1 28 20 5 
2 8 1 
2 13 10 
3 17 4 3 
10 30 18 25 42 21 10 16 46 26 34 
4 24 32 2 17 
3 31 9 8 
4 23 8 13 22 
3 5 17 42 
5 20 33 43 27 10 
3 20 8 30 
2 18 8 
2 17 4 
2 5 17 
4 29 22 46 5 
3 34 4 13 
2 1 27 
2 17 23 
2 19 3 
4 18 9 44 33 
2 22 32 
2 17 28 
2 4 5 
2 8 1 
2 10 1 
2 2 5 
2 4 9 
2 4 3 
2 5 7 
2 21 17 
2 4 22 
2 3 32 
2 9 1 
2 17 27 

8 18 28 3 39 5 19 4 21 
1 3 
12 7 4 32 26 16 1 11 2 34 19 10 17 
21 21 3 8 12 9 25 5 30 13 1 24 41 16 6 31 20 7 15 40 46 17 
12 33 11 1 37 6 4 8 12 38 9 14 20 
5 41 42 5 4 13 
9 46 14 3 4 18 15 45 27 35 
2 5 4 
7 42 36 33 4 5 10 26 
2 3 9 
2 3 5 
5 28 5 43 4 29 
4 4 44 6 30 
4 5 36 25 7 
3 32 7 4 
3 4 3 23 
3 3 37 4 
6 7 22 24 27 29 1 
4 1 43 23 3 
3 5 22 4 
2 1 4 
3 40 20 18 
3 31 19 16 
2 4 18 
4 4 38 14 39 
3 9 3 34 
3 7 35 18 
2 12 1 
3 44 12 18 
2 4 13 
2 4 23 
2 15 3 
3 45 5 9 
2 3 26 
2 27 7 
2 9 14 
2 17 5 
2 5 25 
2 1 25 
2 4 22 
2 6 4 
2 9 6 
2 19 12 
2 13 29 
2 33 7 
2 7 4 

9 5 3 8 4 7 21 29 12 19 
8 3 20 23 17 11 4 6 10 
20 2 1 11 31 5 16 38 9 23 39 10 7 30 15 24 17 45 13 44 14 
10 2 42 30 33 26 12 1 6 14 8 
2 1 3 
3 36 2 4 
3 18 1 3 
10 46 22 4 9 1 19 18 43 40 25 
6 13 3 35 8 41 15 
3 2 38 3 
4 3 35 36 2 
3 28 4 1 
6 27 28 9 22 42 3 
3 4 16 3 
4 9 20 37 3 
5 3 26 14 32 24 
3 2 21 3 
3 44 8 7 
5 39 41 8 1 25 
2 15 2 
6 37 33 27 34 1 17 
2 13 8 
2 3 2 
3 16 31 3 
2 8 19 
2 16 4 
3 21 13 29 
4 13 45 34 12 
2 1 27 
2 4 3 
4 43 24 32 3 
2 31 16 
2 4 21 
3 21 28 40 
2 9 11 
2 11 6 
2 15 21 
2 3 10 
2 19 3 
2 8 34 
2 9 19 
2 4 13 
2 8 31 
2 18 3 
2 3 28 
1 8 

10 13 42 11 26 40 30 33 3 4 8 
7 3 32 5 10 9 7 36 
11 15 6 11 43 27 2 22 41 35 1 4 
14 29 12 30 43 5 34 16 9 1 15 18 20 3 6 
11 22 46 8 45 14 2 32 29 4 35 19 
10 13 37 3 27 17 10 7 24 23 4 
3 6 16 2 
6 23 5 39 14 1 41 
3 4 37 2 
4 21 12 2 6 
3 25 1 3 
5 24 38 20 4 10 
4 21 1 6 19 
3 5 8 17 
3 26 3 4 
3 4 7 18 
3 31 14 6 
2 4 16 
2 5 13 
4 4 44 33 12 
3 28 10 13 
4 5 3 28 45 
5 6 34 42 25 8 
2 12 6 
3 36 23 11 
3 46 15 1 
2 6 3 
2 22 21 
3 5 4 31 
3 44 1 4 
2 29 17 
2 2 5 
3 1 40 20 
2 23 4 
2 3 5 
3 2 25 38 
3 9 39 6 
2 12 36 
2 37 8 
2 1 33 
2 8 3 
2 23 1 
2 3 4 
2 30 20 
3 22 46 5 
3 5 45 26 

1 3 
14 32 13 18 6 31 36 4 44 11 8 3 12 33 7 
13 39 5 4 25 8 24 22 1 23 41 20 10 2 
14 14 31 15 3 26 38 23 36 41 7 9 5 6 2 
10 11 3 45 44 9 12 32 13 19 4 
11 43 22 33 2 16 4 14 26 35 40 10 
5 17 20 4 21 2 
3 2 3 28 
3 21 5 4 
6 40 3 16 45 42 6 
3 5 2 17 
5 5 29 24 15 2 
2 2 5 
4 6 4 19 30 
2 4 12 
7 6 46 18 35 29 27 10 
2 11 7 
4 16 2 34 42 
4 25 5 39 14 
2 3 7 
2 9 7 
2 6 3 
2 3 4 
4 12 37 38 3 
2 19 3 
5 28 4 6 27 34 
2 16 26 
2 26 8 
4 43 16 30 12 
2 14 29 
2 2 4 
2 5 2 
2 2 6 
2 26 18 
3 6 37 16 
2 2 4 
2 24 35 
2 24 4 
2 3 19 
2 10 6 
2 4 3 
3 10 46 18 
2 6 29 
2 2 5 
2 5 10 
2 42 16 

3 4 8 3 
4 3 9 20 16 
12 31 7 1 28 5 11 2 4 32 21 8 20 
12 33 14 6 5 19 1 3 41 24 22 25 9 
6 23 3 6 29 10 4 
12 12 5 23 17 7 25 15 4 38 46 33 22 
4 32 13 6 3 
9 1 21 10 35 12 24 19 18 3 
5 11 4 2 43 36 
2 8 5 
4 9 3 35 42 
7 16 13 6 18 8 31 15 
6 12 14 17 39 42 7 
4 29 4 13 46 
3 12 27 6 
2 2 12 
3 34 13 6 
4 12 45 8 39 
2 8 4 
5 3 44 2 30 34 
8 40 27 44 37 8 3 30 45 
4 38 26 6 4 
2 6 5 
2 4 8 
4 37 4 6 26 
5 22 28 40 41 25 
3 21 36 15 
2 26 3 
2 14 5 
2 20 21 
2 12 3 
2 7 3 
2 4 6 
2 17 20 
2 8 11 
2 9 27 
2 21 25 
2 22 6 
2 13 18 
3 26 21 43 
2 4 26 
2 11 13 
2 9 40 
2 20 21 
2 21 18 
2 14 6 

