7 9 4 22 6 28 3 7 
7 10 21 3 8 4 5 22 
7 5 18 1 12 8 7 2 
10 13 6 1 17 25 16 14 21 10 2 
2 2 3 
3 4 1 9 
3 3 1 11 
9 19 2 3 12 16 24 26 23 14 
4 15 1 6 13 
5 4 27 11 20 2 
2 10 7 
2 3 8 
4 4 9 25 15 
2 4 8 
4 9 27 13 17 
5 8 24 19 23 4 
4 26 4 15 18 
2 17 3 
3 16 8 20 
2 10 19 
2 4 2 
3 28 2 1 
2 16 8 
2 8 16 
2 4 13 
2 17 8 
2 10 15 
2 22 1 

10 6 11 26 15 4 3 23 9 24 13 
2 21 3 
13 2 18 1 7 21 16 8 20 4 17 23 10 5 
4 5 1 3 12 
12 8 28 7 12 13 19 3 22 27 9 6 4 
4 5 1 10 22 
2 5 3 
2 3 5 
2 1 5 
7 15 11 3 6 14 16 25 
3 1 14 10 
2 5 4 
3 5 19 1 
4 11 18 24 10 
2 10 1 
4 26 3 17 10 
3 3 28 16 
3 3 14 20 
2 5 13 
2 3 18 
2 2 3 
4 25 6 5 27 
2 1 3 
2 1 14 
2 22 10 
2 1 16 
2 22 5 
2 5 17 

15 8 13 16 19 6 18 14 5 3 7 23 27 15 4 10 
5 5 3 13 6 9 
5 20 4 8 2 1 
6 11 28 3 12 1 19 
8 26 2 21 10 1 25 17 9 
4 2 23 1 7 
3 6 24 1 
6 17 3 12 22 1 11 
2 5 2 
4 28 15 5 1 
4 8 4 16 14 
2 8 4 
4 18 1 25 2 
2 11 1 
5 10 22 26 21 1 
2 11 1 
3 8 20 5 
3 1 13 27 
2 1 4 
2 3 17 
2 5 15 
3 8 24 15 
2 6 1 
2 7 22 
2 13 5 
2 15 5 
2 18 1 
2 4 10 

6 14 3 5 16 4 9 
5 4 13 17 3 24 
8 6 7 14 1 28 8 2 27 
14 15 2 1 26 22 5 10 11 12 28 25 23 17 20 
10 4 10 7 6 18 27 1 19 9 21 
7 15 5 11 3 19 8 18 
3 16 5 3 
4 3 13 6 24 
3 5 1 26 
2 5 4 
3 12 4 6 
3 11 22 4 
3 25 2 8 
2 1 3 
2 6 4 
2 1 7 
4 4 20 23 2 
3 5 21 6 
2 6 5 
2 4 17 
2 5 18 
2 12 4 
2 4 17 
2 2 8 
2 13 4 
2 4 9 
2 3 5 
2 3 4 

5 9 5 14 4 3 
8 4 16 6 3 7 15 8 5 
2 1 2 
14 7 2 28 13 9 6 16 8 20 10 1 11 26 27 
2 2 1 
6 4 19 10 11 12 2 
2 4 2 
4 2 4 22 17 
7 4 12 20 25 24 1 22 
3 6 13 4 
3 4 6 21 
5 9 27 17 6 15 
7 24 4 19 23 14 18 10 
3 23 1 13 
2 12 2 
3 2 4 21 
5 25 18 12 26 8 
2 13 17 
2 6 13 
2 9 4 
2 11 16 
2 8 9 
2 13 14 
2 13 9 
2 17 9 
2 17 4 
2 12 4 
1 4 

7 25 5 3 9 13 10 12 
10 15 27 28 4 7 16 11 13 24 3 
11 9 5 17 2 8 4 6 7 1 18 24 
3 2 8 3 
5 20 3 6 1 16 
3 5 3 17 
6 28 15 12 3 2 19 
6 11 14 26 3 4 21 
4 3 20 1 10 
5 18 9 1 14 23 
3 2 8 22 
2 1 7 
3 23 2 1 
2 8 10 
3 7 2 25 
2 5 2 
2 6 3 
5 19 3 10 21 27 
2 18 7 
2 9 5 
3 8 22 18 
2 21 11 
2 10 13 
2 3 2 
3 15 1 28 
1 8 
2 18 2 
3 25 2 7 

6 3 7 12 10 5 4 
4 18 6 3 5 
19 9 12 27 10 28 14 13 24 2 15 6 20 23 17 11 8 1 22 4 
9 28 27 15 18 17 3 22 1 16 
6 26 2 8 1 23 16 
5 11 20 3 7 2 
4 6 1 13 19 
4 21 5 3 9 
4 8 3 26 21 
3 3 1 19 
5 3 25 24 6 14 
2 1 3 
2 3 7 
2 3 11 
2 4 3 
2 5 4 
2 3 4 
2 2 4 
2 7 10 
2 6 3 
2 9 8 
2 3 4 
2 3 5 
3 11 26 3 
1 11 
3 5 9 24 
2 3 4 
2 3 4 

7 18 12 3 13 8 9 17 
9 4 7 5 17 9 22 13 3 6 
5 4 1 15 2 14 
10 14 22 5 3 11 19 26 25 2 20 
5 6 16 11 2 4 
6 5 21 8 7 2 27 
10 2 16 12 10 27 6 15 23 28 24 
4 1 23 10 6 
2 1 2 
3 7 25 8 
3 4 5 19 
2 1 7 
3 18 1 2 
3 4 21 3 
3 7 3 20 
2 7 5 
2 2 1 
3 13 1 24 
2 4 11 
2 4 15 
2 14 6 
2 4 2 
3 8 7 25 
2 18 7 
3 23 4 10 
1 4 
2 6 7 
1 7 

9 13 22 3 7 4 24 26 25 15 
3 3 6 12 
12 11 9 6 17 18 5 1 8 23 2 22 4 
10 19 13 10 1 17 20 14 7 3 5 
4 3 11 9 4 
4 8 16 3 2 
3 1 25 4 
4 28 6 12 3 
5 20 14 5 10 3 
2 4 9 
2 5 3 
5 2 18 8 21 15 
5 23 28 1 4 24 
3 16 9 4 
3 12 21 1 
2 14 6 
3 4 3 19 
2 3 12 
2 4 17 
2 4 9 
2 15 12 
3 26 1 3 
2 3 13 
3 13 28 1 
2 7 1 
2 1 22 
0 
3 24 8 13 

6 3 14 8 5 23 17 
7 7 3 4 20 6 27 8 
10 2 1 14 10 18 4 5 6 11 7 
8 21 3 18 2 13 19 23 9 
5 27 3 16 1 15 
6 13 2 3 9 10 19 
2 3 2 
3 1 11 2 
5 21 17 12 4 6 
6 6 3 25 28 22 26 
6 26 3 16 24 8 12 
2 11 9 
3 4 22 6 
3 3 15 1 
3 5 14 20 
2 5 11 
2 9 1 
2 4 3 
3 4 24 6 
2 2 15 
3 4 9 27 
2 13 10 
3 1 26 4 
2 19 11 
1 10 
4 23 27 11 10 
4 26 21 5 2 
1 10 

6 17 25 28 4 3 6 
4 3 17 19 4 
11 2 20 7 8 5 9 18 11 23 25 1 
7 8 7 6 2 5 28 1 
7 14 19 18 3 23 4 22 
3 10 4 1 
5 3 4 22 10 14 
5 9 4 13 21 3 
2 3 8 
7 16 12 7 13 20 6 11 
4 15 12 10 3 
3 10 16 11 
3 10 8 15 
3 7 5 26 
3 13 11 27 
2 12 10 
2 1 2 
2 3 5 
2 5 2 
2 10 3 
2 28 8 
2 5 7 
3 3 25 5 
0 
3 3 23 1 
1 14 
1 15 
3 21 1 4 

3 3 8 5 
7 6 4 17 3 9 5 7 
15 2 6 28 12 22 1 4 9 27 26 21 8 10 13 18 
4 3 7 22 2 
5 2 19 14 23 1 
6 25 3 13 11 2 26 
6 20 4 23 2 12 16 
3 14 3 1 
7 11 3 25 17 16 2 10 
2 3 9 
4 15 6 9 28 
2 3 7 
5 3 21 15 20 6 
2 5 8 
3 13 11 18 
3 9 7 19 
2 9 2 
2 3 15 
3 21 16 5 
3 7 13 27 
5 19 3 13 24 26 
3 4 24 3 
2 7 5 
2 21 22 
2 6 9 
3 6 21 3 
2 20 3 
2 11 3 

3 15 12 3 
8 12 14 20 8 4 5 3 19 
13 1 27 11 17 6 13 24 8 26 7 10 4 2 
4 6 5 2 3 
6 4 13 19 18 2 10 
7 4 17 11 3 22 7 9 
4 3 23 6 27 
5 9 15 22 3 2 
2 8 6 
3 14 3 5 
3 3 6 21 
2 2 1 
6 3 5 25 21 26 16 
3 2 10 16 
2 1 8 
4 13 24 14 28 
2 6 3 
1 5 
2 2 5 
2 2 24 
4 27 11 24 13 
2 6 8 
1 7 
4 20 3 16 21 
1 13 
2 3 13 
3 3 21 7 
1 16 

8 15 8 6 3 5 10 20 23 
10 26 20 11 14 27 3 4 7 28 6 
10 1 11 7 24 23 9 5 4 2 13 
6 3 26 12 2 18 14 
6 16 8 3 1 9 22 
3 25 1 2 
4 10 25 3 2 
2 5 1 
4 5 3 12 17 
2 7 1 
3 13 3 2 
3 9 4 19 
5 15 3 27 11 18 
2 2 4 
4 17 13 16 1 
2 15 5 
3 15 9 18 
4 20 4 17 13 
1 12 
3 2 18 1 
1 23 
1 5 
3 3 1 21 
2 3 25 
3 24 7 6 
2 2 4 
3 2 28 13 
2 27 2 

14 12 3 11 28 4 25 26 18 17 23 27 16 6 5 
1 3 
12 8 7 5 11 2 1 4 10 19 6 9 21 
4 14 3 1 24 
5 9 13 1 18 3 
5 16 3 7 1 8 
2 6 3 
2 3 6 
4 10 23 3 5 
6 17 25 13 3 9 28 
7 12 15 1 3 24 22 20 
4 11 14 1 27 
3 10 5 20 
3 15 4 12 
2 11 14 
2 6 1 
3 1 22 10 
5 28 1 5 21 19 
3 3 21 18 
3 13 11 24 
3 19 3 18 
2 17 11 
2 9 1 
3 11 20 4 
2 10 1 
1 1 
2 1 12 
3 1 10 18 

4 3 17 26 23 
8 20 3 12 5 7 4 8 11 
12 2 6 26 1 13 16 28 23 27 11 4 5 
8 9 20 17 6 2 22 15 3 
7 3 7 16 9 2 13 25 
4 4 8 19 3 
5 12 5 10 28 2 
4 2 6 18 14 
4 15 4 5 10 
3 21 9 7 
3 14 2 3 
3 2 22 7 
2 3 5 
2 8 11 
2 4 9 
3 5 19 3 
2 4 1 
2 21 8 
3 22 6 16 
2 4 2 
3 18 10 26 
3 19 4 12 
2 1 3 
0 
1 5 
3 21 3 1 
1 3 
2 3 7 

6 7 21 14 3 4 5 
3 3 27 11 
8 23 16 1 28 4 2 26 13 
11 5 3 19 20 1 26 7 8 6 11 21 
6 4 1 17 10 9 6 
4 8 5 15 4 
7 16 1 28 4 12 14 22 
8 12 6 23 13 4 10 25 9 
4 19 5 8 24 
3 5 8 17 
2 4 2 
2 8 7 
2 8 3 
2 1 7 
4 24 18 19 6 
3 3 24 7 
2 5 10 
1 15 
3 9 4 15 
2 4 21 
4 4 1 20 25 
1 7 
2 8 3 
3 15 9 16 
2 8 21 
3 27 3 4 
2 2 26 
2 3 7 

3 8 4 3 
3 10 6 3 
18 10 4 6 2 20 1 11 21 5 18 9 25 17 7 8 14 16 13 
5 12 1 3 24 5 
5 7 3 4 24 15 
3 28 3 2 
5 19 3 16 5 23 
7 22 13 1 9 11 3 12 
3 8 14 3 
4 17 3 2 22 
4 27 28 3 8 
2 4 8 
4 15 18 8 3 
2 3 9 
2 13 5 
5 18 22 24 7 3 
2 10 3 
3 16 13 3 
2 7 20 
4 3 19 27 25 
1 3 
3 10 16 8 
1 7 
3 5 4 16 
2 20 3 
0 
2 11 20 
2 6 11 

8 9 13 12 10 3 28 4 22 
3 4 7 3 
8 9 27 2 11 1 23 5 6 
11 12 8 27 18 1 19 10 26 2 5 7 
4 6 3 4 15 
10 15 3 17 21 5 14 18 16 20 13 
7 4 19 14 8 17 24 2 
3 4 23 7 
2 3 1 
3 11 4 1 
2 10 3 
6 15 4 20 25 1 21 
3 1 6 18 
2 6 7 
5 5 6 27 12 19 
2 6 26 
3 7 6 26 
3 4 13 6 
3 4 7 15 
2 6 12 
2 12 6 
2 23 1 
3 3 8 22 
1 7 
1 12 
3 4 17 16 
3 4 3 15 
1 1 

4 5 28 3 4 
3 11 3 17 
12 1 8 5 23 11 13 12 17 22 4 24 2 
10 6 7 9 26 14 10 8 1 3 13 
9 9 10 7 20 6 3 18 1 27 
2 4 5 
3 20 5 4 
4 16 27 3 4 
5 4 15 12 5 19 
2 5 4 
3 24 3 2 
2 3 9 
2 4 3 
3 28 16 4 
1 9 
3 8 25 14 
3 25 2 3 
2 5 22 
2 20 9 
4 19 7 21 5 
1 20 
2 3 18 
2 26 3 
2 3 11 
2 17 16 
2 4 23 
2 8 5 
2 14 1 

2 3 4 
1 3 
9 1 20 5 6 10 9 8 4 2 
12 1 24 3 7 27 11 15 12 10 19 6 5 
2 3 4 
16 26 28 7 21 4 3 22 16 9 14 17 13 11 8 20 25 
2 6 4 
4 14 3 6 15 
2 6 3 
2 3 4 
3 4 28 6 
3 14 4 25 
4 6 21 15 25 
4 12 8 22 6 
7 16 19 18 4 13 8 21 
3 6 23 15 
1 6 
1 15 
2 15 4 
2 3 6 
3 6 13 15 
4 26 24 14 6 
1 16 
2 22 4 
3 12 13 6 
2 22 6 
1 4 
2 11 6 

14 9 6 5 15 25 3 8 4 11 24 22 7 23 21 
3 3 25 16 
9 5 12 17 14 4 1 13 2 16 
9 27 13 8 3 28 10 20 11 1 
5 6 1 3 24 9 
7 19 18 1 5 7 23 14 
2 1 6 
2 4 1 
3 5 1 23 
2 4 19 
6 18 1 13 27 4 12 
4 24 3 16 11 
3 4 11 3 
2 3 6 
2 17 1 
3 3 2 12 
4 15 18 3 23 
3 11 6 17 
5 6 10 25 21 22 
1 4 
2 1 19 
2 19 1 
4 9 6 17 1 
4 12 5 26 1 
3 2 1 19 
2 24 28 
2 11 4 
2 4 26 

1 3 
5 26 4 3 12 9 
13 26 6 28 4 20 7 5 1 14 22 17 2 10 
4 3 2 5 10 
8 25 6 3 23 8 4 11 27 
13 20 3 19 17 18 8 11 13 16 12 21 7 5 
2 3 6 
3 21 5 6 
2 10 2 
8 3 12 19 18 20 26 4 9 
2 6 5 
4 17 10 2 6 
2 15 6 
2 3 22 
1 13 
2 6 27 
3 3 6 12 
2 10 6 
2 10 6 
3 10 3 6 
2 6 8 
2 14 3 
1 5 
0 
2 5 26 
5 3 2 28 10 25 
2 16 5 
2 3 26 

7 14 5 3 22 4 20 7 
1 3 
10 1 19 4 8 2 7 9 14 15 22 
8 15 18 5 16 1 3 6 12 
7 25 10 26 17 6 4 1 
2 4 5 
5 1 28 15 13 3 
4 3 15 9 22 
2 8 3 
3 5 16 23 
0 
2 24 4 
6 7 14 19 21 25 18 
4 27 13 3 1 
4 3 4 7 8 
2 10 4 
1 5 
3 13 4 24 
2 13 3 
1 1 
1 13 
3 8 3 1 
1 10 
2 18 12 
2 5 13 
1 5 
1 14 
1 7 

7 3 13 11 21 15 12 16 
2 4 3 
10 7 17 19 6 1 5 2 8 4 27 
6 7 3 5 22 6 2 
2 3 4 
3 3 13 4 
10 21 3 4 12 24 17 8 25 28 11 
7 3 24 9 23 19 7 13 
5 21 16 11 10 8 
1 9 
3 7 1 9 
2 1 7 
4 6 8 26 1 
1 23 
2 18 1 
2 1 9 
3 7 3 27 
2 15 27 
3 8 20 3 
2 28 19 
3 9 1 7 
1 4 
2 14 8 
2 7 8 
1 7 
1 13 
3 17 3 18 
2 20 7 

9 6 21 3 19 12 9 5 18 4 
8 8 27 16 17 7 6 5 3 
7 17 2 1 26 4 10 28 
2 1 3 
8 12 9 27 2 20 24 1 11 
4 2 10 1 21 
6 15 8 10 2 14 20 
3 9 7 2 
6 5 23 28 18 8 1 
3 6 7 3 
1 5 
4 1 5 14 13 
1 12 
4 17 12 7 23 
7 16 22 19 18 7 26 25 
2 15 2 
6 25 26 14 3 2 28 
3 15 1 9 
2 1 15 
2 5 7 
3 1 6 24 
1 15 
2 9 14 
2 5 21 
2 15 17 
3 3 15 17 
2 2 5 
3 9 17 3 

4 4 18 3 13 
6 3 27 12 9 17 7 
2 1 2 
4 15 1 22 7 
2 20 11 
2 13 9 
7 2 16 11 22 4 13 8 
1 7 
7 27 2 6 21 14 10 12 
1 9 
5 5 23 25 14 7 
3 9 28 2 
5 19 7 1 6 23 
3 15 9 11 
2 14 4 
1 7 
4 2 26 20 18 
3 25 1 17 
1 13 
3 5 17 24 
1 9 
2 4 7 
3 11 13 24 
2 20 23 
2 18 11 
1 17 
2 9 2 
1 12 

11 22 14 24 11 10 21 15 3 17 5 4 
0 
8 15 9 10 6 5 7 4 1 
4 3 8 5 1 
7 8 3 1 6 14 13 4 
7 19 5 3 26 21 22 17 
1 3 
3 11 5 4 
9 23 28 16 10 12 11 14 20 3 
3 1 9 3 
4 8 1 9 15 
3 9 16 18 
1 5 
4 9 26 5 1 
3 1 3 11 
3 12 9 24 
4 6 25 1 19 
3 24 20 12 
4 17 22 21 6 
2 9 18 
4 1 19 6 25 
5 1 23 19 6 28 
2 22 9 
3 18 1 16 
2 21 17 
3 14 6 27 
1 26 
2 22 9 

0 
1 3 
16 10 17 20 7 23 4 11 8 16 19 5 6 13 2 18 9 
1 3 
7 6 3 13 28 9 7 8 
2 5 3 
3 5 27 3 
3 3 14 5 
2 5 3 
4 3 21 12 23 
5 18 22 12 27 3 
4 24 11 10 15 
2 3 5 
1 8 
4 16 19 12 26 
2 15 3 
3 26 3 20 
2 3 11 
3 3 25 15 
2 17 3 
1 10 
1 11 
2 3 10 
3 28 25 12 
2 19 24 
2 17 15 
2 11 7 
2 24 5 

8 25 21 24 13 14 3 10 6 
4 7 23 3 4 
14 17 15 4 22 28 1 18 5 2 26 9 27 8 19 
13 2 6 3 13 12 18 11 17 9 27 28 5 7 
2 4 3 
2 4 1 
6 24 8 2 14 10 4 
4 3 16 11 7 
2 4 3 
3 20 7 1 
6 4 22 8 12 16 25 
2 4 11 
3 4 26 1 
4 15 7 19 1 
3 23 3 14 
2 11 8 
4 21 3 4 20 
2 3 4 
2 3 14 
2 17 10 
2 17 1 
2 11 3 
2 15 2 
2 7 1 
2 1 11 
2 13 3 
2 4 3 
2 4 3 

3 3 5 9 
5 24 4 13 21 3 
11 1 4 10 5 6 14 25 8 2 16 7 
8 2 15 21 20 3 12 18 6 
11 20 12 19 25 3 17 1 9 28 10 15 
6 7 8 11 4 27 3 
5 11 17 6 3 23 
4 18 13 3 6 
3 1 23 5 
3 16 5 3 
3 14 6 7 
3 5 4 28 
2 2 8 
3 19 11 3 
3 22 4 5 
4 26 10 3 24 
3 5 7 27 
2 8 4 
3 22 14 5 
2 4 5 
2 4 2 
3 26 19 15 
2 9 7 
2 16 2 
2 3 5 
2 16 22 
2 17 6 
2 5 12 

5 23 10 3 5 4 
3 7 3 18 
15 23 2 25 7 9 18 10 5 14 26 1 17 24 8 4 
7 3 1 11 6 13 27 8 
5 20 6 1 3 9 
3 4 15 5 
3 2 3 28 
4 12 11 4 3 
6 12 20 21 5 3 15 
4 3 1 16 19 
6 14 4 8 28 13 21 
3 9 8 17 
3 24 11 4 
5 26 3 16 11 22 
2 6 9 
3 14 19 10 
2 12 3 
2 3 2 
2 16 10 
3 27 5 9 
4 22 11 25 9 
2 14 21 
2 3 1 
2 13 3 
2 3 21 
2 3 14 
2 20 4 
2 11 7 

10 28 25 3 22 19 11 21 8 20 7 
7 16 17 4 8 3 5 6 
8 1 18 4 20 2 5 13 27 
11 3 28 14 7 9 10 24 6 17 12 2 
4 3 2 10 9 
6 11 2 26 12 4 14 
2 1 4 
2 2 1 
2 4 5 
3 5 4 13 
3 18 6 1 
2 4 6 
5 10 26 15 16 3 
5 23 15 22 6 4 
2 13 14 
3 13 2 19 
5 25 23 4 21 2 
2 3 11 
3 27 16 1 
2 1 3 
2 1 17 
2 1 14 
3 17 24 14 
2 4 23 
2 17 1 
2 6 13 
2 3 19 
2 4 1 

7 14 24 4 3 17 26 8 
2 3 9 
14 19 11 5 9 14 2 8 6 10 1 4 7 13 27 
5 3 5 1 23 12 
5 4 10 6 12 3 
6 22 3 23 7 24 5 
5 3 22 11 6 21 
3 1 16 3 
4 15 2 18 3 
8 5 19 26 3 18 15 28 20 
2 7 3 
6 16 4 5 20 13 28 
2 3 12 
4 17 3 27 1 
3 9 10 25 
3 12 21 8 
2 14 1 
2 10 9 
2 3 10 
2 12 10 
2 7 16 
2 7 6 
2 4 6 
3 25 1 6 
2 24 15 
2 1 10 
2 14 3 
2 12 10 

8 11 16 23 3 8 13 4 28 
8 3 25 14 12 5 6 7 18 
12 6 17 20 12 22 14 24 5 10 4 2 1 
6 18 13 10 1 27 3 
11 7 9 2 21 15 16 19 17 3 26 11 
5 26 8 23 2 3 
3 21 2 5 
3 1 9 6 
3 20 5 8 
3 15 4 3 
2 1 5 
3 3 2 28 
2 1 4 
3 3 2 25 
2 5 10 
2 1 5 
3 3 24 5 
3 2 4 19 
2 18 5 
3 22 9 3 
2 5 7 
2 3 20 
2 6 1 
2 17 3 
2 14 2 
2 5 6 
1 4 
2 1 12 

11 5 13 6 20 22 25 16 26 15 3 8 
5 23 6 12 3 4 
5 11 2 9 4 1 
7 5 9 8 3 7 2 18 
11 10 28 16 14 1 21 7 4 22 27 19 
6 12 2 24 18 17 1 
2 4 5 
6 10 4 14 26 23 1 
4 15 13 3 4 
3 8 11 5 
2 3 10 
2 2 6 
3 9 19 1 
3 5 8 20 
3 1 28 9 
5 21 5 27 1 17 
3 25 16 6 
2 4 6 
2 13 5 
2 1 14 
2 5 16 
3 24 1 5 
2 2 8 
2 6 22 
2 1 17 
3 8 1 27 
3 26 16 5 
2 15 5 

9 25 9 26 3 27 12 19 11 7 
8 17 8 4 5 3 21 6 18 
11 22 28 1 7 13 24 8 5 4 2 9 
4 3 6 23 2 
7 3 19 10 11 16 15 2 
5 10 2 14 18 4 
8 14 22 13 3 21 12 15 1 
2 3 2 
3 3 1 20 
3 6 5 20 
5 5 1 27 16 28 
2 1 7 
2 7 3 
3 6 26 7 
3 5 17 7 
4 25 5 23 11 
2 2 15 
2 2 6 
2 5 1 
2 10 9 
3 7 2 24 
2 3 7 
2 4 16 
2 3 21 
2 16 1 
2 14 1 
2 1 11 
2 11 3 

7 11 14 4 9 16 3 6 
1 3 
15 15 28 22 10 27 21 1 13 5 14 12 2 4 11 6 
6 1 3 7 5 18 8 
9 23 10 4 24 20 8 7 3 17 
3 3 1 24 
4 5 4 13 17 
5 22 5 9 4 23 
3 1 19 8 
3 5 16 3 
3 12 3 1 
4 18 11 26 3 
5 19 15 20 3 7 
2 3 1 
2 3 13 
3 21 10 1 
3 25 7 5 
2 12 4 
3 13 27 9 
4 5 25 13 28 
2 16 3 
2 8 3 
2 5 8 
2 5 6 
2 17 20 
1 12 
2 19 3 
2 20 3 

3 3 4 18 
9 15 22 13 11 3 8 10 28 5 
7 1 2 7 23 9 6 4 
6 3 7 26 20 5 1 
7 14 8 6 19 25 4 2 
6 3 9 16 26 12 5 
3 3 4 19 
5 2 25 17 11 5 
8 16 15 23 12 24 10 6 3 
3 2 14 9 
4 8 13 2 24 
4 18 21 9 6 
2 2 11 
2 5 10 
2 2 9 
4 17 9 27 6 
3 20 8 16 
2 1 12 
3 21 7 5 
2 4 17 
3 26 12 19 
1 2 
2 3 9 
2 9 11 
2 8 5 
3 4 21 6 
1 16 
1 2 

1 3 
2 4 3 
10 1 15 8 2 17 6 28 5 21 4 
9 20 16 5 7 3 25 11 2 13 
6 4 3 21 19 6 22 
13 7 3 10 19 5 15 16 23 26 9 12 13 8 
6 22 4 6 9 14 11 
7 6 3 14 26 20 10 17 
2 6 7 
5 8 24 6 25 12 
4 7 4 28 18 
3 6 10 24 
2 4 6 
2 8 7 
3 6 18 3 
2 4 6 
2 8 3 
3 27 15 11 
2 6 5 
2 8 4 
4 22 5 3 27 
3 21 7 5 
1 6 
3 28 12 10 
2 10 4 
2 6 8 
2 21 18 
3 11 3 24 

3 4 3 10 
5 9 16 5 3 21 
13 8 1 6 4 13 18 11 2 20 14 7 22 24 
9 11 26 13 10 20 6 5 1 3 
5 8 19 17 4 2 
3 4 7 3 
6 6 3 9 17 18 23 
2 5 3 
4 14 7 2 19 
5 1 26 12 15 4 
6 15 28 12 22 3 4 
2 11 10 
2 3 4 
2 3 9 
4 10 24 16 11 
5 27 23 25 2 15 
2 5 7 
2 7 3 
2 9 5 
3 4 23 3 
2 27 2 
2 11 3 
3 20 7 16 
2 3 15 
1 16 
2 4 10 
2 16 21 
1 11 

4 12 8 5 3 
11 25 3 4 20 11 17 5 7 18 28 24 
11 2 27 13 11 15 20 4 18 1 10 6 
6 24 9 3 6 2 16 
9 23 22 1 12 14 7 2 9 8 
5 4 3 21 15 22 
4 2 26 5 25 
5 26 17 5 1 10 
3 5 4 27 
5 3 16 8 14 13 
2 2 3 
3 1 5 21 
3 19 3 10 
2 5 10 
2 3 6 
2 10 4 
2 2 8 
2 2 3 
3 27 13 21 
3 3 28 2 
4 12 6 25 19 
2 5 6 
1 5 
2 4 2 
3 7 21 2 
2 8 7 
3 19 9 3 
2 20 2 

1 3 
3 3 14 4 
16 6 9 5 24 8 7 4 22 28 2 18 12 10 13 1 11 
13 17 2 13 25 3 22 20 6 21 16 7 5 11 
7 23 10 3 15 24 4 16 
3 23 4 3 
10 17 4 3 12 9 26 8 18 27 19 
3 3 14 7 
4 7 3 28 21 
2 3 5 
3 20 4 3 
5 19 15 3 7 26 
2 4 3 
2 2 8 
2 12 5 
2 5 4 
2 7 4 
3 3 19 7 
3 12 18 7 
4 4 11 23 28 
2 4 9 
2 4 3 
3 6 20 5 
2 3 5 
1 4 
2 7 12 
1 7 
3 20 3 9 

2 3 4 
13 25 3 21 11 14 4 5 7 9 8 6 28 13 
9 1 18 21 15 2 10 14 7 5 
4 25 10 1 2 
4 6 13 3 2 
7 5 17 26 12 8 2 20 
5 3 15 9 2 18 
4 6 27 11 2 
5 22 17 23 7 2 
4 19 3 20 4 
3 2 8 12 
5 16 24 11 22 6 
4 23 5 16 2 
2 3 2 
2 7 3 
3 12 13 27 
2 6 9 
2 3 7 
2 10 25 
2 6 10 
2 3 2 
2 12 9 
2 13 9 
1 12 
3 2 4 19 
1 6 
2 8 16 
1 2 

2 4 3 
8 14 5 19 3 7 27 13 24 
10 1 8 2 10 12 20 6 4 16 7 
12 1 14 23 15 6 3 5 10 16 11 22 9 
4 2 13 4 15 
6 25 4 3 17 8 28 
3 2 3 9 
2 3 6 
8 24 7 12 4 18 21 26 28 
3 11 4 3 
3 18 4 10 
2 3 9 
2 2 5 
2 4 2 
2 5 4 
3 28 3 4 
1 6 
3 19 9 11 
2 2 18 
1 3 
1 9 
2 24 4 
1 4 
3 2 22 9 
3 6 27 26 
2 9 25 
2 2 25 
3 16 6 9 

9 9 6 4 15 13 5 7 27 3 
5 16 18 3 10 4 
5 8 13 6 2 1 
3 1 2 5 
11 11 9 25 19 1 8 22 14 15 4 23 
4 3 7 26 1 
8 6 12 20 21 1 26 10 11 
2 5 3 
4 5 24 1 23 
4 25 12 2 7 
5 14 16 5 7 28 
2 10 7 
2 3 1 
2 5 11 
6 17 20 22 1 27 5 
3 2 11 26 
1 15 
3 21 19 2 
3 18 23 5 
2 7 15 
2 18 7 
2 15 5 
4 9 25 19 5 
1 9 
3 5 10 23 
3 16 6 7 
2 1 15 
1 11 

1 3 
3 3 4 11 
13 23 1 14 10 4 7 5 17 9 28 2 6 13 
11 20 14 8 10 5 22 3 2 12 13 27 
6 6 7 11 3 4 8 
5 9 25 20 3 5 
3 17 5 3 
5 19 15 27 5 4 
5 12 18 6 3 25 
6 19 21 18 4 3 16 
3 2 5 15 
2 4 9 
2 3 4 
4 17 4 18 3 
5 21 11 8 24 19 
5 17 10 28 22 27 
4 14 7 16 3 
3 9 10 14 
4 15 8 10 20 
3 4 6 19 
2 15 10 
2 16 4 
1 3 
1 15 
2 6 9 
0 
3 4 8 16 
2 16 3 

1 3 
9 22 9 21 4 7 8 3 5 26 
17 15 13 5 22 16 4 26 12 1 18 2 11 28 9 19 17 6 
14 2 19 21 18 11 25 13 27 10 23 6 3 7 8 
2 2 3 
3 3 10 4 
3 4 14 2 
3 17 2 4 
3 2 3 20 
3 6 4 12 
2 4 3 
4 3 10 16 24 
2 4 3 
1 7 
2 3 23 
4 12 26 3 22 
4 8 24 3 21 
3 3 4 28 
2 4 3 
1 9 
3 17 2 4 
3 3 2 16 
2 4 15 
3 26 17 12 
1 4 
4 2 16 3 24 
1 4 
2 18 3 

3 7 13 3 
9 18 3 5 22 4 6 21 9 28 
10 6 2 22 16 1 19 8 4 7 5 
8 24 25 18 2 17 14 3 23 
4 3 10 8 2 
8 9 11 10 15 17 20 2 3 
3 1 3 12 
3 5 23 3 
7 11 2 27 12 14 26 6 
2 6 5 
2 6 9 
2 7 9 
3 1 24 14 
6 23 13 9 16 15 4 
2 6 14 
2 14 3 
4 4 6 28 25 
4 2 24 4 20 
2 27 3 
2 18 6 
1 2 
2 2 3 
3 4 8 14 
3 13 4 18 
2 17 4 
1 9 
2 19 9 
2 2 17 

7 11 3 5 7 4 27 9 
5 5 6 3 13 11 
7 2 10 4 8 14 1 6 
5 16 3 23 26 1 
6 1 13 7 19 2 17 
5 3 22 12 15 2 
7 19 8 1 10 25 5 20 
3 3 9 7 
2 8 1 
4 15 3 24 7 
2 2 1 
2 6 13 
4 5 2 16 12 
1 3 
5 21 20 6 10 25 
5 19 4 27 28 13 
2 26 5 
0 
3 16 7 5 
2 7 15 
1 15 
1 6 
1 4 
1 10 
2 15 7 
2 17 4 
2 16 1 
1 16 

11 7 24 9 14 19 21 4 25 6 3 11 
5 4 15 8 16 3 
13 17 27 18 7 11 10 13 14 6 5 1 22 2 
8 12 22 25 1 20 23 2 5 
4 8 4 3 26 
4 1 18 3 16 
2 3 1 
2 2 5 
3 15 16 1 
5 21 12 24 3 17 
3 1 28 3 
3 27 10 4 
4 18 23 14 3 
5 26 3 1 21 13 
2 9 2 
6 2 18 20 6 9 25 
2 3 10 
4 16 3 6 13 
1 1 
2 4 16 
4 1 22 14 10 
4 4 24 3 21 
3 13 4 28 
3 1 10 22 
3 1 4 16 
2 5 14 
2 12 3 
2 11 23 

8 14 3 18 4 6 9 5 27 
6 6 12 15 20 3 7 
9 24 16 4 2 1 5 13 17 19 
5 3 11 26 1 10 
5 1 8 3 7 23 
9 2 22 18 8 28 12 1 21 9 
2 2 5 
7 17 12 5 9 10 6 20 
6 6 13 21 8 1 15 
3 26 8 4 
2 24 4 
5 8 6 2 27 23 
4 28 9 19 3 
1 1 
2 9 2 
1 3 
2 3 8 
2 1 6 
2 13 3 
3 8 2 28 
2 9 6 
1 6 
2 5 12 
2 3 11 
0 
2 10 4 
2 12 1 
3 6 20 13 

8 15 3 10 4 28 6 8 25 
8 24 28 7 4 8 3 22 6 
4 2 10 5 1 
10 17 9 1 20 7 21 13 12 5 2 
4 3 9 4 14 
2 1 2 
4 23 2 4 28 
4 10 1 21 2 
6 4 20 5 25 11 24 
4 1 13 8 3 
1 9 
4 15 4 17 19 
3 14 4 10 
2 5 13 
3 1 12 16 
2 27 15 
2 12 4 
0 
1 12 
2 4 9 
5 22 4 26 25 8 
2 2 21 
1 7 
2 2 9 
3 21 9 1 
1 21 
1 16 
3 2 1 7 

11 4 5 23 7 26 8 14 18 6 3 9 
3 7 4 3 
8 15 1 2 6 14 8 9 11 
8 1 11 2 21 10 5 20 25 
2 4 1 
8 15 13 3 27 1 16 11 14 
2 2 1 
4 19 3 20 1 
10 18 11 22 12 27 16 3 21 1 26 
4 25 4 18 19 
4 9 4 3 6 
1 9 
1 6 
3 3 1 6 
3 26 6 3 
3 9 6 17 
1 16 
4 9 1 23 10 
2 10 8 
3 8 4 24 
2 4 9 
2 9 23 
3 22 18 1 
1 20 
2 4 10 
3 15 1 9 
2 6 9 
0 

4 3 15 9 4 
4 18 6 3 5 
7 2 7 4 12 1 26 18 
2 1 3 
3 2 12 10 
2 21 2 
2 16 3 
1 18 
1 1 
5 5 17 13 15 28 
4 19 27 12 22 
11 13 11 17 26 16 20 19 23 3 5 24 
2 10 12 
0 
3 1 24 10 
2 7 12 
2 12 10 
4 3 2 27 8 
4 12 22 11 25 
1 12 
1 6 
2 19 11 
2 12 28 
2 15 12 
1 19 
2 3 12 
2 18 11 
2 23 10 

10 27 22 4 23 11 18 26 6 14 3 
3 19 5 3 
2 2 1 
9 21 8 11 1 28 23 5 16 19 
12 13 15 2 16 11 9 17 4 7 22 6 8 
8 22 28 1 20 26 12 10 5 
1 5 
6 10 13 4 5 24 17 
2 5 14 
3 6 8 14 
5 4 19 1 5 24 
2 6 21 
2 8 5 
3 9 10 1 
2 5 20 
2 4 5 
2 8 5 
2 23 1 
4 2 11 27 4 
2 15 6 
3 12 25 4 
4 1 27 6 5 
4 1 4 25 18 
2 8 11 
2 21 23 
2 1 6 
3 1 22 19 
2 6 4 

9 14 20 13 3 16 8 5 21 12 
0 
11 8 4 20 25 6 5 1 9 7 17 15 
5 21 16 3 13 15 
8 3 23 16 14 1 7 8 10 
1 3 
6 3 17 12 11 5 21 
6 9 5 3 1 12 10 
5 8 3 22 18 24 
3 5 8 24 
1 7 
4 7 1 8 13 
4 4 1 12 28 
3 5 1 26 
2 3 4 
3 4 1 5 
4 7 3 19 20 
1 9 
3 25 17 28 
3 1 3 17 
4 1 7 4 27 
1 9 
1 5 
2 9 10 
2 3 19 
1 14 
1 21 
2 19 13 

0 
9 15 10 16 4 5 6 12 24 3 
10 4 23 25 24 7 17 10 9 2 19 
6 18 11 8 14 3 2 
4 21 6 17 2 
7 7 2 5 15 20 26 13 
3 6 9 3 
2 4 22 
3 7 3 18 
5 2 22 11 19 3 
4 10 27 23 4 
2 28 2 
1 6 
2 4 26 
2 2 6 
1 2 
2 3 5 
2 9 4 
2 3 10 
1 6 
2 5 28 
2 8 10 
2 11 3 
3 25 3 2 
3 24 27 3 
2 6 14 
2 11 25 
2 12 21 

1 3 
11 9 4 3 5 10 19 8 17 15 28 12 
10 2 17 6 4 22 19 18 5 1 24 
4 7 2 6 3 
5 3 2 16 25 9 
10 16 21 22 20 18 7 4 8 10 3 
3 11 4 6 
6 13 14 11 2 21 6 
7 25 26 5 12 13 28 2 
2 2 6 
3 7 8 15 
2 9 2 
5 27 14 8 24 9 
3 13 20 8 
2 11 2 
2 5 6 
2 2 3 
4 3 26 6 23 
3 23 3 2 
2 14 6 
2 6 8 
2 6 3 
3 18 19 27 
2 3 13 
2 5 9 
2 18 9 
2 23 13 
2 2 9 

4 21 22 6 3 
6 8 21 12 3 5 4 
8 23 1 5 17 2 22 4 14 
9 10 26 2 13 16 9 12 15 3 
12 11 7 27 2 8 9 3 6 10 16 13 15 
5 5 14 7 28 1 
5 17 5 18 27 6 
3 5 20 2 
3 4 11 5 
2 5 4 
2 9 5 
3 2 19 4 
2 4 5 
3 18 6 3 
3 5 4 25 
3 5 28 4 
5 7 3 20 23 19 
3 24 7 14 
4 25 12 17 24 
2 17 8 
2 1 2 
2 1 3 
2 3 17 
3 18 19 26 
2 19 15 
2 4 24 
2 5 7 
2 6 16 

8 6 26 5 3 9 15 4 17 
2 4 3 
3 1 2 13 
12 25 5 28 13 12 18 7 11 14 1 22 2 
10 7 17 4 6 21 1 8 25 10 28 
3 1 14 5 
7 9 12 8 5 23 11 4 
7 5 21 20 26 7 10 24 
2 7 1 
3 8 5 18 
7 15 20 22 7 16 4 19 
4 4 24 16 7 
2 3 4 
2 4 6 
3 1 11 27 
3 27 12 11 
3 1 19 5 
2 10 4 
2 11 17 
2 8 11 
3 8 23 5 
2 4 11 
2 7 21 
2 8 12 
2 4 5 
2 8 1 
2 16 15 
2 5 4 

6 12 17 6 3 8 4 
3 8 3 27 
17 1 25 5 13 6 2 7 17 16 11 10 20 27 24 23 4 9 
8 12 9 1 5 11 14 7 3 
5 23 26 3 14 4 
3 1 3 15 
4 26 3 10 4 
4 1 15 19 2 
2 4 3 
3 3 7 18 
4 3 16 4 13 
2 1 4 
3 11 28 3 
4 4 20 21 5 
2 8 6 
3 22 3 11 
4 19 1 18 3 
2 17 10 
4 22 21 17 8 
2 3 14 
2 14 19 
2 16 19 
4 3 5 25 24 
2 3 23 
2 23 3 
2 7 5 
2 3 2 
1 13 

5 4 18 17 3 15 
5 8 3 5 7 10 
11 1 6 27 5 7 4 2 12 13 23 11 
7 9 1 14 25 12 3 6 
2 2 3 
2 4 3 
10 9 3 28 2 22 11 14 26 8 15 
5 2 18 7 19 13 
8 10 16 7 20 21 24 4 23 
3 17 2 9 
3 7 3 21 
5 3 25 19 4 20 
2 3 8 
4 4 7 16 24 
2 1 7 
2 9 14 
2 1 10 
3 22 1 8 
3 12 8 27 
3 12 9 28 
2 9 11 
3 18 7 26 
2 3 9 
2 14 9 
2 12 4 
3 22 28 7 
2 19 3 
3 26 20 7 

3 16 3 27 
9 28 14 12 25 6 16 4 8 3 
16 24 20 2 13 15 26 7 10 18 14 5 12 25 1 4 6 
3 3 5 2 
3 23 4 3 
10 7 24 26 21 13 8 2 3 11 9 
6 27 15 6 17 9 3 
4 10 2 6 11 
2 6 7 
4 8 23 17 3 
2 8 6 
2 3 2 
3 19 6 3 
3 3 22 2 
3 3 19 7 
3 2 22 1 
4 20 7 10 18 
2 3 17 
3 21 13 15 
2 3 17 
2 19 6 
2 16 14 
2 5 10 
2 3 6 
2 2 3 
2 6 3 
2 7 1 
1 2 

7 9 3 19 4 14 24 27 
4 5 17 6 3 
6 12 1 2 4 5 13 
7 6 1 3 7 20 19 21 
3 2 7 3 
11 22 28 4 18 2 16 25 13 15 8 11 
6 8 9 4 5 25 11 
9 21 26 7 6 12 15 23 18 10 
3 10 7 1 
3 8 16 9 
4 6 28 7 14 
3 3 22 8 
2 3 6 
2 11 1 
3 6 8 17 
2 10 6 
2 15 2 
6 8 6 26 20 24 23 
2 1 4 
2 18 4 
2 4 8 
2 12 6 
2 8 18 
2 18 1 
2 6 7 
2 18 8 
2 28 1 
3 27 6 11 

6 10 8 6 19 28 3 
12 23 5 8 4 20 3 13 7 26 10 15 9 
4 1 2 7 4 
7 12 2 22 3 6 11 5 
8 13 11 17 15 2 4 19 9 
6 21 20 14 4 25 1 
3 12 2 3 
2 2 1 
3 16 5 2 
3 2 1 17 
4 22 5 4 18 
2 7 4 
3 2 14 5 
3 6 13 18 
3 5 2 16 
4 15 9 21 27 
2 5 10 
2 14 11 
2 5 1 
3 24 6 2 
4 23 24 6 16 
2 4 11 
2 2 21 
2 20 21 
2 27 6 
1 2 
2 25 16 
1 1 

6 4 16 14 3 5 27 
8 27 7 10 6 11 3 5 23 
13 4 2 25 9 28 1 6 22 8 14 26 7 16 
9 3 8 21 18 19 13 1 20 12 
4 1 2 24 26 
3 9 3 2 
5 23 3 12 2 13 
3 4 22 3 
8 6 20 3 11 21 10 15 19 
2 2 9 
2 2 9 
5 18 15 7 4 17 
3 4 7 17 
2 3 1 
2 12 9 
2 3 1 
2 12 13 
4 24 25 12 4 
2 4 9 
2 9 4 
2 4 9 
4 3 26 8 25 
3 28 7 2 
2 18 5 
4 18 27 3 22 
3 5 3 22 
3 1 2 25 
2 3 23 

9 9 24 27 25 12 19 4 10 3 
6 3 6 18 16 5 8 
12 17 13 23 6 1 8 16 4 14 5 2 15 
5 14 3 1 21 7 
3 2 3 28 
6 2 3 9 13 7 12 
4 28 21 6 4 
6 26 27 11 10 2 3 
3 1 6 11 
4 20 1 8 22 
2 9 8 
4 1 25 6 17 
2 6 3 
5 18 20 4 3 15 
3 14 3 19 
3 3 2 26 
2 12 3 
2 14 2 
2 15 1 
2 14 10 
2 4 7 
1 10 
1 3 
1 1 
2 12 1 
2 16 8 
3 8 1 28 
3 5 7 27 

1 3 
10 4 6 28 13 3 14 12 18 22 8 
11 13 19 14 1 28 6 2 17 7 5 4 
6 2 5 16 22 3 9 
5 17 10 27 4 3 
7 8 11 24 10 2 7 3 
4 9 6 25 3 
3 15 6 2 
5 11 20 4 7 21 
5 16 12 6 5 15 
5 9 6 18 27 26 
4 10 2 20 23 
3 3 2 23 
2 2 3 
2 10 8 
3 10 19 4 
3 21 5 3 
2 2 11 
2 16 3 
3 12 9 23 
3 9 17 22 
3 4 2 21 
4 24 13 20 12 
2 23 6 
1 7 
1 11 
2 11 5 
2 2 3 

2 24 3 
6 13 4 3 20 6 28 
15 24 6 18 13 2 28 5 15 27 22 1 17 16 4 11 
6 8 20 2 9 5 3 
5 3 16 4 14 7 
8 12 7 27 3 8 2 19 10 
6 17 15 5 23 11 6 
3 6 4 9 
5 14 21 10 4 8 
4 9 6 22 21 
4 3 7 12 18 
2 11 6 
4 3 2 25 23 
2 5 9 
3 19 7 3 
2 5 3 
2 7 3 
2 11 3 
2 15 6 
2 4 2 
2 9 10 
3 26 10 3 
3 13 24 7 
4 23 3 25 1 
2 13 24 
1 22 
2 6 3 
2 2 3 

5 3 5 10 4 21 
9 6 4 7 14 17 27 9 11 3 
7 22 16 2 11 1 28 13 
13 9 27 2 24 5 15 1 12 7 16 10 17 8 
4 15 1 6 4 
8 12 25 23 13 5 2 18 8 
4 2 20 4 25 
3 19 4 6 
4 24 4 23 2 
4 1 4 20 22 
4 3 19 2 14 
3 4 26 6 
2 6 3 
2 11 2 
3 4 5 26 
2 3 4 
2 4 2 
1 6 
3 11 26 8 
2 7 10 
1 1 
2 10 3 
2 6 9 
4 26 25 9 4 
3 7 6 24 
4 15 19 12 24 
2 2 4 
1 3 

8 9 6 4 3 28 17 18 7 
11 5 18 10 8 13 14 6 9 22 12 3 
10 4 17 10 21 2 1 26 15 23 5 
2 3 1 
4 3 2 11 7 
6 1 11 13 25 21 2 
5 5 24 16 8 1 
2 7 2 
3 27 1 2 
4 2 26 3 12 
4 14 5 6 16 
3 24 10 2 
3 2 15 6 
4 11 22 2 19 
4 13 3 20 19 
2 7 11 
3 1 3 18 
3 2 17 1 
2 15 14 
2 21 15 
4 6 3 28 20 
2 14 2 
1 3 
2 12 7 
1 6 
2 10 3 
1 9 
2 1 21 

9 10 21 5 4 3 9 6 22 8 
2 3 8 
10 15 5 19 1 7 13 4 2 23 28 
11 7 16 15 13 14 1 9 25 6 3 12 
5 3 12 1 18 23 
3 1 4 26 
3 10 4 3 
3 11 2 1 
3 1 4 17 
6 7 1 11 25 20 16 
7 14 10 24 26 18 19 8 
2 4 5 
2 4 3 
2 11 4 
2 4 3 
2 4 10 
2 9 20 
3 11 5 23 
3 11 3 25 
2 17 10 
3 28 27 1 
1 1 
3 5 3 18 
1 11 
3 19 4 10 
2 6 11 
1 21 
2 3 21 

3 16 3 6 
2 4 3 
11 10 1 14 20 12 25 23 4 17 2 5 
12 10 12 2 9 19 8 5 24 27 7 18 3 
5 7 3 6 22 4 
5 11 1 5 9 24 
5 16 13 8 5 4 
4 7 11 4 15 
6 20 4 6 23 18 25 
3 3 15 4 
4 8 21 6 13 
3 4 3 14 
4 22 11 7 17 
2 3 12 
3 17 8 10 
2 7 1 
3 15 3 13 
6 9 27 20 24 22 4 
2 27 4 
4 21 9 3 18 
2 11 20 
3 18 5 13 
2 3 9 
4 6 18 4 28 
2 9 3 
0 
3 19 18 4 
1 24 

11 3 15 24 12 7 9 5 17 16 4 22 
3 5 10 3 
17 7 4 8 21 14 11 1 6 10 12 18 2 24 19 20 9 28 
4 6 3 1 13 
3 8 1 2 
2 3 4 
4 3 14 23 1 
5 13 5 18 3 25 
5 15 3 11 1 17 
5 23 16 3 19 2 
5 21 22 9 20 3 
2 1 3 
2 8 4 
3 7 3 19 
3 21 1 9 
3 26 1 10 
2 9 1 
3 3 27 8 
3 10 14 3 
2 11 3 
4 28 3 15 11 
2 1 11 
2 10 7 
2 3 1 
2 8 26 
2 16 25 
2 18 28 
3 27 21 3 

4 3 16 4 17 
12 8 13 18 25 26 15 12 10 20 21 3 7 
6 5 4 1 12 6 2 
16 18 20 23 5 9 17 7 13 11 10 6 15 16 1 14 3 
2 4 3 
3 14 3 4 
5 8 4 24 2 9 
4 7 2 19 11 
2 7 4 
2 2 4 
2 8 4 
2 3 2 
3 2 28 4 
2 6 4 
3 26 2 4 
2 4 1 
3 27 4 1 
2 2 4 
1 8 
3 4 2 25 
1 2 
1 26 
2 4 27 
1 7 
2 2 20 
3 2 22 15 
2 17 23 
1 13 

6 3 4 20 8 17 12 
11 10 14 18 27 21 13 3 15 8 26 7 
9 2 1 6 23 7 4 5 11 22 
5 5 23 1 18 3 
4 3 4 6 10 
5 14 3 11 5 19 
5 12 17 9 3 2 
5 2 9 16 1 21 
4 7 16 8 25 
3 2 13 5 
2 6 3 
3 7 1 21 
2 2 10 
3 6 28 2 
3 22 2 27 
3 8 9 23 
4 22 1 26 7 
3 19 4 2 
4 6 27 18 25 
1 1 
3 12 8 2 
4 15 17 3 24 
3 16 4 3 
1 22 
2 19 9 
3 28 17 2 
3 15 2 19 
2 26 14 

8 8 4 14 25 19 3 6 7 
7 4 11 3 23 19 26 9 
6 5 18 2 15 6 1 
6 20 10 1 5 2 7 
4 4 24 3 10 
6 3 14 1 17 18 16 
9 9 1 4 13 27 16 12 8 26 
6 12 1 28 13 7 11 
2 2 7 
2 5 4 
3 8 2 19 
2 8 7 
3 7 15 8 
3 1 27 6 
4 3 25 13 22 
2 7 6 
3 6 28 20 
4 3 6 24 26 
3 11 1 2 
2 17 4 
0 
1 15 
2 24 2 
3 5 18 23 
3 1 15 28 
3 7 2 18 
2 7 14 
3 25 8 17 

9 4 3 5 10 7 8 26 16 15 
7 11 3 6 5 19 22 25 
4 1 2 7 4 
8 9 22 1 17 3 12 27 14 
6 2 1 8 13 6 14 
6 24 5 18 17 12 2 
3 3 1 28 
7 27 10 5 1 18 21 9 
2 4 8 
2 1 8 
1 2 
3 6 4 22 
5 5 23 27 22 28 
5 5 20 15 4 21 
5 25 21 14 1 17 
1 1 
3 15 4 6 
3 8 6 24 
1 2 
1 14 
3 15 8 14 
4 4 12 2 13 
1 13 
2 6 18 
2 15 2 
1 1 
3 4 13 8 
2 13 7 

7 4 3 15 10 6 7 9 
7 28 23 20 10 3 4 11 
5 13 1 5 21 2 
15 1 22 17 12 28 5 9 13 6 15 8 14 24 7 2 
4 4 25 8 3 
5 19 4 16 11 1 
2 1 4 
2 5 4 
4 4 1 20 11 
4 1 25 2 23 
5 2 9 21 6 13 
3 4 16 19 
5 15 11 23 4 3 
1 4 
3 4 1 13 
3 6 12 20 
2 26 4 
0 
3 12 6 24 
3 16 2 9 
2 11 3 
2 4 28 
3 2 10 13 
2 19 4 
2 10 5 
1 17 
0 
3 22 4 2 

9 3 13 19 8 23 7 11 26 24 
7 6 18 4 5 14 3 16 
9 14 9 11 1 5 4 8 22 2 
4 3 6 2 13 
11 16 3 28 9 25 19 7 2 15 12 18 
4 2 10 4 12 
2 1 5 
4 14 3 24 1 
3 5 3 12 
3 19 6 21 
6 26 25 3 16 1 18 
5 5 9 26 17 6 
2 1 4 
3 2 8 3 
2 18 5 
3 11 2 5 
3 12 27 23 
6 11 5 2 15 22 20 
3 5 1 10 
1 18 
1 10 
2 18 3 
2 1 17 
2 1 8 
3 27 11 5 
3 12 11 1 
2 17 25 
1 5 

4 10 18 4 3 
13 16 7 19 6 4 8 3 5 12 15 10 11 14 
4 1 2 24 19 
8 1 5 11 6 2 24 15 7 
7 17 13 12 4 2 9 28 
2 4 2 
4 2 20 15 4 
3 17 2 28 
3 10 5 27 
4 21 9 1 2 
5 4 21 2 27 17 
2 5 2 
1 5 
1 2 
4 4 2 24 7 
1 2 
4 5 23 8 11 
3 1 25 20 
2 2 3 
3 22 7 18 
2 11 10 
1 20 
1 17 
3 3 15 4 
2 26 18 
1 25 
2 9 11 
2 8 5 

9 6 25 21 16 4 3 5 19 11 
1 3 
10 5 10 6 4 2 8 28 18 12 1 
4 1 3 7 26 
2 1 3 
5 20 27 3 8 1 
2 4 16 
6 28 6 9 3 14 17 
1 8 
1 3 
3 13 25 1 
1 3 
3 26 25 11 
3 8 23 18 
1 21 
2 7 1 
1 8 
6 3 14 20 21 22 26 
2 1 22 
2 18 6 
3 15 18 1 
4 27 23 18 19 
2 14 22 
0 
3 11 13 1 
3 18 4 13 
2 6 22 
2 8 3 

11 12 8 6 7 19 20 5 4 9 3 15 
1 3 
13 24 4 17 2 16 9 8 5 1 10 7 18 22 
2 1 3 
5 11 9 1 3 8 
6 13 10 15 1 7 14 
5 9 6 1 12 3 
3 5 1 3 
9 13 1 7 3 15 14 5 25 27 
2 6 3 
3 5 22 16 
5 20 26 1 17 7 
3 6 9 19 
4 9 21 6 17 
5 6 1 22 9 27 
4 23 24 11 3 
6 18 3 12 23 14 28 
3 20 3 17 
2 13 1 
4 18 1 24 12 
1 14 
3 15 11 3 
2 16 17 
3 3 16 20 
1 9 
1 12 
2 9 15 
1 17 

10 3 27 8 13 6 10 24 11 9 20 
5 4 3 21 13 19 
2 1 2 
3 21 2 27 
5 14 18 28 25 6 
5 14 1 10 25 5 
3 23 20 11 
3 1 11 12 
5 1 15 13 19 22 
2 1 6 
3 7 1 8 
2 8 13 
6 17 12 1 16 9 2 
2 5 6 
1 9 
1 13 
2 26 13 
1 5 
4 9 2 24 26 
4 21 28 7 1 
4 27 2 20 4 
2 23 9 
2 22 7 
2 1 19 
2 6 5 
2 17 19 
3 21 1 4 
2 20 5 

5 3 19 4 9 10 
0 
7 10 7 4 1 23 14 5 
8 7 8 6 3 1 11 14 5 
7 4 21 15 3 22 9 16 
6 16 25 4 18 15 19 
2 4 3 
1 4 
5 5 1 17 12 24 
4 22 1 3 17 
2 12 4 
2 9 11 
1 18 
2 3 4 
2 5 6 
2 5 6 
2 9 10 
4 23 13 20 6 
3 1 6 28 
1 18 
2 28 5 
2 10 5 
4 25 3 27 18 
2 26 9 
3 23 6 26 
2 25 24 
1 23 
2 19 21 

0 
11 5 13 16 23 11 4 25 3 18 6 7 
12 17 5 2 14 24 18 22 10 7 27 25 8 
3 2 9 6 
2 3 2 
6 8 4 20 15 2 14 
5 19 28 2 3 12 
3 3 6 23 
2 27 4 
5 3 21 11 15 26 
6 13 24 12 2 10 17 
2 7 11 
2 11 2 
3 6 3 16 
4 20 10 6 21 
2 2 14 
2 11 3 
3 3 26 2 
1 7 
4 22 15 28 6 
2 10 15 
2 20 3 
2 2 8 
2 3 11 
2 3 2 
2 18 10 
2 3 9 
2 7 20 

11 12 16 24 18 6 14 4 20 5 19 3 
7 25 8 17 22 3 10 7 
5 25 2 6 1 4 
5 22 1 5 9 3 
9 26 11 1 9 27 7 13 10 4 
5 1 21 12 16 3 
4 2 15 8 5 
7 7 20 2 13 11 17 23 
3 4 23 5 
4 15 19 2 5 
4 5 18 8 21 
4 6 1 28 27 
5 14 26 8 24 5 
2 13 1 
2 7 10 
2 6 1 
2 8 2 
2 1 11 
2 10 1 
3 1 28 8 
2 11 6 
2 2 4 
2 9 8 
2 13 1 
2 2 3 
2 13 5 
2 12 5 
2 20 12 

3 4 17 3 
9 11 9 28 8 13 21 3 18 12 
9 16 15 2 5 1 18 4 6 26 
10 8 27 3 23 14 15 10 5 1 20 
13 19 12 10 24 7 4 26 6 9 3 17 22 25 
5 11 5 3 7 14 
3 6 5 16 
5 24 19 4 23 2 
2 5 2 
3 13 4 5 
2 2 6 
3 5 2 27 
2 2 10 
2 6 4 
3 4 3 20 
4 3 28 7 25 
2 5 1 
3 2 22 3 
2 8 5 
3 15 4 21 
2 2 20 
2 5 18 
2 4 8 
2 5 8 
2 5 16 
2 3 5 
2 12 4 
2 2 16 

3 3 8 13 
15 5 26 28 20 3 22 19 4 14 7 18 10 15 16 9 
8 17 4 18 2 1 5 12 6 
5 25 15 2 9 3 
8 13 8 10 6 23 3 2 25 
4 7 14 5 3 
3 6 11 2 
2 5 1 
4 4 12 11 2 
4 5 20 21 2 
2 9 7 
3 3 9 19 
4 1 16 5 27 
2 2 6 
4 4 2 17 27 
3 21 13 2 
2 3 15 
4 3 28 2 23 
2 2 12 
4 22 26 10 2 
3 10 24 16 
2 2 20 
3 24 5 18 
2 23 21 
2 5 4 
2 20 2 
2 13 15 
2 2 18 

3 3 4 7 
11 17 24 12 25 21 6 13 9 10 3 20 
8 1 8 5 4 18 2 9 10 
9 6 26 1 3 11 15 5 12 22 
6 4 14 13 7 3 8 
4 25 11 4 2 
3 1 17 5 
4 5 3 21 16 
5 2 3 27 14 16 
3 2 22 3 
4 23 6 4 15 
2 4 2 
5 19 2 5 18 26 
3 5 9 20 
2 11 4 
2 9 8 
2 2 7 
4 13 27 3 19 
3 13 23 18 
3 24 2 14 
2 2 8 
3 10 28 4 
2 11 19 
2 20 2 
2 2 6 
2 13 4 
2 18 9 
1 22 

6 3 6 9 4 10 19 
6 9 5 3 27 25 18 
11 25 7 21 4 15 13 22 1 14 12 2 
11 6 5 7 16 11 3 13 24 8 1 28 
6 20 22 8 2 4 18 
2 4 1 
4 17 10 3 4 
7 4 27 17 16 14 5 12 
3 2 1 11 
3 1 7 19 
3 4 9 15 
2 8 3 
4 23 24 3 4 
2 8 3 
5 20 3 11 26 23 
2 4 8 
2 8 7 
2 2 5 
2 10 1 
4 26 21 5 15 
2 3 20 
2 5 3 
2 15 13 
3 13 28 4 
2 3 2 
3 28 15 20 
2 8 2 
3 4 26 24 

13 18 9 12 15 5 3 10 4 19 20 7 8 6 
7 18 13 26 3 23 4 25 
12 20 1 8 14 10 12 2 11 13 23 7 6 
6 9 21 11 2 5 1 
2 1 4 
3 24 3 1 
6 3 1 25 28 19 17 
5 22 17 3 1 14 
4 15 4 27 1 
3 28 3 1 
2 4 3 
2 3 1 
3 16 2 3 
3 16 3 8 
2 1 9 
3 14 22 13 
3 8 21 7 
2 2 1 
2 1 7 
3 26 3 1 
4 24 27 17 4 
2 16 8 
2 2 3 
2 6 21 
2 7 2 
2 20 2 
2 21 9 
2 10 7 

6 22 7 3 21 5 23 
5 24 17 3 4 12 
12 23 22 9 2 1 11 16 10 4 14 7 6 
5 8 6 3 5 2 
4 4 1 18 13 
2 3 4 
9 11 8 1 28 10 13 15 3 9 
5 7 4 16 28 19 
3 20 3 7 
5 3 7 21 12 18 
3 7 3 25 
4 10 2 20 14 
5 7 15 27 25 5 
2 3 12 
2 7 13 
4 17 24 8 3 
2 16 2 
4 19 10 27 5 
2 18 8 
2 9 12 
3 26 10 1 
3 1 26 3 
2 1 3 
2 2 16 
2 11 13 
2 22 21 
2 18 13 
2 8 7 

4 3 4 11 5 
6 3 6 11 16 23 8 
6 7 2 4 8 1 5 
5 25 17 1 3 7 
10 19 1 24 6 20 15 3 10 22 21 
6 25 9 12 10 2 5 
8 23 18 14 12 26 3 4 15 
5 2 9 3 27 13 
3 8 6 18 
4 16 13 5 6 
2 1 2 
4 6 14 7 21 
5 17 24 10 20 8 
2 7 12 
2 7 5 
5 10 19 2 26 22 
3 27 4 13 
2 9 7 
2 16 5 
2 13 5 
2 5 12 
2 5 16 
2 2 7 
2 13 5 
2 6 4 
2 7 16 
2 17 8 
0 

1 3 
12 15 26 21 16 3 13 9 8 4 5 17 6 
7 1 8 25 4 5 7 2 
4 3 12 10 2 
6 6 3 18 7 20 2 
8 2 23 14 10 19 27 24 5 
7 22 15 19 3 11 5 12 
7 20 3 24 2 17 18 9 
4 8 16 11 2 
2 4 6 
5 9 27 7 26 14 
5 28 7 4 13 21 
2 12 2 
4 6 23 25 11 
2 2 7 
2 9 2 
2 2 8 
2 5 8 
3 22 7 6 
3 28 8 5 
2 2 12 
2 19 7 
2 6 14 
2 6 8 
3 28 14 3 
2 2 11 
3 11 28 6 
4 20 12 27 25 

15 21 3 5 25 16 9 17 27 14 10 26 11 23 8 4 
9 9 8 7 6 12 3 20 24 19 
9 18 4 5 1 15 23 10 6 2 
3 1 25 3 
5 11 14 12 1 3 
4 2 17 7 3 
4 13 21 2 6 
3 22 2 1 
5 22 16 18 1 2 
4 1 13 3 15 
6 26 1 19 20 27 5 
2 2 5 
2 7 10 
2 1 5 
2 10 3 
3 24 9 1 
2 6 1 
2 3 9 
3 28 2 11 
2 2 11 
2 7 1 
2 8 9 
2 3 1 
2 16 2 
2 4 1 
2 11 1 
2 11 1 
1 19 

3 3 27 16 
7 6 3 25 4 10 26 21 
14 18 8 1 5 28 12 14 4 6 17 11 15 2 7 
5 5 2 28 26 3 
2 3 4 
11 14 9 11 2 3 7 10 17 21 8 24 
5 9 6 27 13 3 
5 19 3 6 20 15 
5 13 23 6 12 7 
4 6 2 20 19 
2 3 6 
2 9 3 
4 7 24 16 9 
3 3 18 6 
2 8 3 
4 23 1 13 22 
3 22 6 3 
2 14 3 
2 10 8 
2 10 8 
2 2 6 
2 16 17 
2 9 16 
2 6 13 
1 2 
2 4 2 
3 28 7 1 
3 3 27 4 

17 22 24 26 3 5 12 23 7 17 4 10 11 19 6 8 9 25 
8 4 14 3 7 18 8 19 15 
7 27 2 16 23 1 13 5 
3 2 1 10 
10 12 25 24 1 20 6 9 3 28 18 
4 1 5 16 17 
3 1 11 2 
3 1 2 15 
3 1 5 21 
3 1 4 13 
3 7 21 1 
3 5 14 1 
2 3 10 
5 20 26 12 22 2 
2 2 8 
2 3 6 
2 1 6 
2 2 5 
2 2 1 
2 14 5 
2 9 11 
3 25 1 14 
2 1 3 
2 1 5 
3 22 1 5 
2 14 1 
1 3 
1 5 

14 21 5 20 8 4 14 23 12 7 9 25 11 3 27 
3 3 23 4 
7 5 2 21 6 15 13 1 
9 11 2 19 27 7 1 16 28 6 
8 10 3 26 9 15 20 1 14 
4 4 13 8 3 
6 18 12 4 10 17 1 
3 6 1 17 
3 16 5 1 
2 5 7 
2 4 1 
2 1 7 
3 26 6 3 
3 5 25 1 
5 5 22 3 19 18 
4 24 4 9 22 
2 8 7 
2 7 15 
2 15 4 
3 27 1 5 
2 1 3 
2 16 15 
2 2 1 
1 16 
2 14 1 
3 13 5 28 
3 4 20 1 
2 4 26 

