14 10 39 19 15 12 5 22 32 14 9 17 11 34 4 
14 21 37 30 17 22 29 6 18 26 7 13 5 14 4 
3 19 4 8 
16 13 38 1 23 2 25 9 8 35 5 34 7 6 18 10 3 
15 11 24 27 36 15 7 9 33 4 2 6 1 28 10 16 
7 25 41 5 8 42 4 2 
11 2 16 5 34 23 33 11 22 40 4 15 
7 16 4 3 30 6 21 26 
4 27 1 4 5 
8 20 42 12 4 32 28 5 1 
9 12 1 29 13 5 7 37 14 41 
7 19 1 37 18 11 10 36 
5 32 4 2 11 21 
5 31 2 11 24 1 
4 7 1 5 20 
11 20 35 29 24 17 5 7 25 8 33 38 
3 16 2 1 
4 12 2 23 4 
4 1 12 3 28 
4 16 15 10 42 
4 2 13 8 26 
4 2 1 7 27 
4 7 18 38 4 
4 5 16 14 31 
4 6 39 16 4 
5 41 30 8 21 2 
5 9 22 5 40 39 
4 40 19 10 5 
3 11 16 2 
6 8 36 26 35 2 31 
3 24 14 30 
3 13 10 1 
3 7 16 5 
3 1 7 4 
3 30 16 4 
3 5 30 12 
3 11 12 2 
3 16 23 4 
3 27 25 1 
3 7 28 27 
3 26 11 6 
3 6 20 10 

10 4 16 12 14 34 18 42 9 23 10 
9 19 5 21 13 36 35 7 6 4 
6 6 40 4 5 28 38 
5 1 2 25 5 3 
11 9 17 4 34 7 8 2 6 12 10 3 
14 11 27 8 18 2 7 13 37 29 33 12 3 19 5 
10 5 9 8 6 16 10 2 24 39 31 
19 25 16 7 32 6 30 29 15 11 22 38 26 34 14 40 5 36 20 31 
10 32 42 11 15 21 22 19 5 1 7 
8 23 21 39 17 26 5 7 1 
9 13 25 41 9 30 18 37 6 8 
5 20 6 5 1 38 
5 15 14 11 2 6 
6 1 23 22 13 8 32 
4 13 9 8 24 
5 33 1 17 7 8 
3 10 5 16 
6 20 35 1 27 11 6 
4 2 24 6 9 
3 8 12 18 
3 10 9 2 
3 14 9 8 
7 28 14 26 35 10 30 1 
3 19 15 7 
6 8 11 28 4 33 27 
4 23 10 31 8 
5 41 18 6 25 37 
4 23 29 25 3 
3 28 6 8 
3 8 23 11 
3 7 26 8 
3 9 14 8 
3 6 16 25 
4 1 8 5 39 
4 36 23 2 18 
4 2 8 35 42 
4 27 11 41 6 
4 8 12 3 40 
3 10 34 7 
3 38 8 3 
3 11 27 37 
3 36 1 9 

2 4 6 
8 5 30 26 8 4 13 22 10 
10 6 5 27 41 35 31 4 34 40 10 
20 30 23 33 15 12 19 6 8 32 31 2 9 7 16 14 37 21 1 5 3 
13 4 3 2 21 29 7 12 14 24 37 28 42 20 
12 4 1 7 10 26 3 11 32 9 25 12 21 
16 4 9 11 22 5 42 13 23 34 27 15 6 35 38 8 16 
4 4 7 2 20 
10 4 6 28 36 26 13 22 17 11 7 
9 18 29 25 6 28 27 2 3 15 
5 7 19 32 9 6 
5 17 18 6 5 4 
8 36 14 18 7 25 16 9 2 
4 4 13 5 17 
4 10 4 7 31 
4 35 7 13 4 
5 33 41 14 9 12 
5 10 19 13 36 12 
8 23 11 20 18 38 4 24 42 
3 5 19 8 
6 24 6 5 38 4 40 
3 9 7 2 
3 4 7 19 
4 5 39 21 19 
3 13 6 10 
5 37 9 30 2 6 
3 10 7 3 
5 10 5 9 29 39 
4 10 33 28 5 
4 4 2 39 26 
3 4 15 3 
3 11 4 6 
4 17 34 4 29 
3 3 7 33 
3 3 16 7 
4 13 18 9 40 
3 4 5 26 
4 19 7 41 21 
3 30 24 28 
3 3 21 36 
3 17 38 3 
3 5 7 19 

2 4 33 
15 10 32 42 5 7 20 6 18 38 31 11 35 23 41 4 
4 6 33 4 5 
16 9 8 2 13 27 39 5 15 32 36 7 3 26 28 11 1 
18 2 36 6 33 37 12 8 18 40 29 14 3 25 13 31 23 4 22 
11 13 8 34 2 22 10 25 7 9 3 5 
4 41 4 6 2 
11 6 29 15 12 16 4 11 9 17 5 37 
7 12 10 6 8 4 19 21 
9 6 39 35 9 24 14 17 2 40 
6 2 8 24 19 4 14 
7 17 5 8 26 9 29 21 
5 19 16 6 4 5 
4 15 10 5 11 
8 16 8 31 18 4 14 20 30 
7 15 20 42 28 8 36 13 
5 8 22 27 12 10 
9 15 41 2 21 25 5 37 23 30 
6 24 11 30 13 9 32 
5 38 16 2 34 15 
4 12 18 9 38 
4 28 17 5 6 
4 18 2 26 5 
5 39 11 19 34 10 
3 18 5 6 
4 27 4 23 12 
3 26 4 17 
4 22 16 4 35 
3 12 8 5 
4 15 18 19 42 
3 15 2 5 
3 19 4 2 
3 3 5 1 
3 6 20 24 
3 10 2 28 
4 16 4 40 5 
3 18 5 8 
3 20 21 2 
3 24 4 10 
3 5 10 36 
3 18 7 2 
3 30 2 16 

3 4 5 10 
13 7 27 24 11 5 38 14 39 37 6 4 33 9 
7 40 8 4 13 37 15 6 
8 2 9 29 3 7 11 1 5 
14 8 21 4 34 17 6 36 32 9 2 14 15 26 1 
13 34 23 8 17 3 25 27 22 2 7 10 36 5 
13 40 12 20 22 6 26 15 11 36 41 16 4 2 
4 6 5 20 3 
9 31 2 4 28 12 19 13 10 5 
8 31 1 22 14 17 9 42 6 
11 7 4 13 12 29 26 33 42 18 39 2 
7 18 24 11 30 16 7 9 
8 19 9 34 38 11 23 30 3 
6 5 18 2 25 16 10 
6 28 5 3 7 21 24 
9 35 27 12 21 19 14 40 7 42 
4 32 6 10 5 
5 31 11 12 20 14 
6 16 23 13 28 35 9 
3 18 7 8 
5 5 16 29 30 15 
3 10 6 7 
3 6 19 13 
5 12 41 15 25 2 
3 14 24 6 
3 11 5 7 
3 2 16 6 
5 15 19 32 9 33 
6 4 37 11 41 21 39 
4 13 35 12 21 
3 9 10 18 
4 38 5 17 28 
3 28 11 2 
3 13 5 6 
3 30 19 16 
3 6 5 7 
3 29 3 2 
3 32 2 13 
3 29 11 2 
3 16 3 7 
3 29 7 24 
3 10 16 11 

12 34 25 35 31 4 13 9 8 14 5 6 7 
1 4 
7 32 4 5 16 34 7 27 
18 37 3 22 6 14 5 36 1 2 23 8 20 18 21 25 10 33 31 
22 17 20 37 1 7 32 12 30 29 15 22 21 11 8 10 42 3 4 6 28 38 16 
12 40 24 10 23 19 4 18 5 38 1 11 14 
8 28 9 39 33 29 1 5 3 
14 12 41 9 17 40 13 16 1 11 5 24 15 4 26 
5 1 8 12 7 37 
8 20 18 28 5 4 6 13 15 
6 22 5 6 8 31 19 
4 5 17 8 9 
4 35 8 10 1 
3 1 4 6 
3 8 5 10 
6 30 5 8 3 25 19 
4 12 5 21 8 
3 10 6 4 
5 6 41 42 11 16 
5 4 27 5 10 36 
7 5 17 26 4 23 39 24 
5 11 4 5 30 33 
3 21 4 6 
6 21 6 8 26 27 32 
4 4 38 16 1 
3 21 8 24 
3 20 3 24 
4 10 29 7 5 
3 7 28 5 
3 16 22 5 
4 4 11 40 1 
5 3 24 5 36 34 
3 22 4 7 
4 32 3 1 35 
4 34 13 1 42 
5 32 20 41 39 4 
3 9 4 5 
3 5 6 25 
3 36 7 21 
3 8 31 6 
3 36 19 8 
3 19 5 35 

5 40 4 8 25 22 
22 13 4 28 12 36 19 30 37 10 40 23 11 9 35 42 33 5 22 39 20 21 7 
12 38 5 17 4 14 23 15 20 6 8 13 9 
15 3 6 14 5 16 1 29 38 37 7 2 11 10 8 19 
22 41 19 21 18 39 37 33 14 3 40 30 26 4 6 28 10 15 2 13 31 35 11 
11 3 5 12 38 17 9 26 25 22 7 4 
3 4 6 2 
8 27 24 1 3 4 18 32 31 
6 15 6 2 3 34 12 
5 23 4 5 2 18 
6 24 5 4 32 29 2 
5 2 34 6 41 9 
3 5 2 3 
7 5 4 3 42 17 21 16 
4 16 9 5 3 
3 14 4 15 
3 3 14 6 
5 8 5 36 10 24 
6 27 5 20 4 2 41 
7 3 27 2 25 28 19 35 
5 26 31 2 14 5 
4 1 2 6 36 
3 2 10 3 
6 18 29 8 33 11 34 
5 1 39 32 6 20 
3 6 5 21 
3 8 20 19 
4 5 2 20 30 
3 24 4 11 
3 2 28 5 
3 8 5 21 
3 25 11 8 
4 24 5 2 42 
3 24 12 9 
3 2 20 5 
3 18 22 2 
3 5 4 2 
3 6 4 3 
3 5 25 2 
3 1 5 2 
3 19 5 12 
3 33 2 14 

4 4 9 15 12 
14 42 5 34 9 6 30 11 8 10 39 17 16 35 4 
5 5 26 4 38 34 
12 13 11 10 12 9 7 40 3 2 6 1 5 
13 7 6 3 4 42 2 22 16 31 13 8 14 38 
13 8 21 15 7 2 29 18 14 20 5 35 4 11 
9 14 5 24 19 22 6 23 39 4 
5 41 6 2 5 25 
11 10 25 4 18 29 12 16 27 33 2 1 
6 15 4 2 30 41 9 
5 27 4 2 6 37 
11 26 4 13 34 41 23 21 22 37 9 1 
7 19 24 4 32 28 12 5 
5 5 6 7 36 17 
8 25 37 6 1 20 27 17 10 
3 5 9 2 
8 39 23 38 2 19 14 18 15 
7 24 33 32 9 31 6 17 
5 20 17 21 13 7 
6 30 33 15 32 6 19 
3 12 19 6 
3 12 7 5 
6 28 35 17 12 7 29 
4 18 26 13 7 
4 8 15 9 36 
4 12 3 28 24 
3 15 9 11 
3 23 26 13 
4 9 23 6 31 
4 10 40 20 2 
3 5 29 18 
3 18 20 13 
4 20 18 9 36 
3 12 3 2 
3 6 23 2 
3 33 25 14 
3 12 15 11 
3 5 17 3 
3 2 17 7 
2 4 30 
3 12 10 8 
2 5 2 

10 20 6 25 23 7 9 5 4 13 14 
7 14 21 6 18 30 4 5 
5 37 16 4 12 18 
16 16 17 11 8 36 1 24 25 19 2 41 3 32 5 23 20 
11 9 2 6 1 4 7 25 15 13 27 26 
7 8 10 22 7 1 5 2 
14 18 35 13 8 1 10 6 37 15 20 17 12 19 5 
11 38 7 10 27 12 16 6 11 32 4 9 
5 8 29 5 1 11 
5 6 7 8 34 29 
7 33 14 8 9 31 4 17 
8 15 7 21 3 19 22 35 8 
4 38 5 1 7 
5 11 30 2 1 39 
7 12 5 7 40 28 36 33 
3 3 8 4 
7 21 11 38 4 34 24 7 
7 27 2 3 23 26 22 7 
4 7 4 12 36 
6 7 28 4 24 1 30 
6 2 12 31 41 17 42 
3 18 12 6 
3 1 18 4 
8 4 29 17 28 40 34 26 20 
5 37 1 5 4 39 
4 33 18 5 24 
3 18 5 8 
3 24 15 20 
6 39 9 10 24 31 35 
4 2 20 14 42 
4 11 32 21 29 
3 8 31 4 
4 15 42 11 26 
4 17 24 10 40 
3 12 29 7 
3 15 19 4 
3 7 25 3 
4 17 13 40 8 
3 14 29 25 
4 24 15 34 38 
3 4 21 42 
4 33 21 41 30 

17 27 19 32 12 5 10 13 23 4 21 30 22 7 8 26 24 17 
16 7 27 4 8 36 35 12 15 18 20 19 6 5 10 11 30 
13 7 6 13 8 33 35 9 31 4 16 39 5 22 
7 2 35 37 1 3 9 34 
14 15 2 1 24 39 6 31 3 37 23 36 41 11 20 
5 21 3 25 2 5 
6 1 3 22 2 36 11 
10 15 10 1 2 14 13 12 3 9 28 
12 31 4 29 24 25 19 8 28 3 16 34 33 
4 8 2 38 1 
4 5 14 7 2 
6 8 17 32 2 27 1 
4 14 3 1 8 
3 13 11 8 
10 16 17 30 5 18 21 2 29 8 39 
4 18 9 3 15 
5 20 15 12 38 1 
3 15 2 16 
4 41 2 1 9 
6 23 17 5 2 26 34 
3 15 6 1 
4 7 3 1 33 
5 25 5 28 20 1 
4 1 26 9 5 
4 23 9 6 42 
4 24 40 20 1 
5 2 29 1 12 38 
3 23 9 8 
3 9 27 15 
5 2 40 1 41 15 
4 32 9 5 3 
3 1 31 12 
4 22 37 3 9 
3 4 20 9 
3 4 3 2 
3 5 2 7 
4 4 41 5 33 
3 27 10 17 
3 5 15 3 
2 30 26 
4 19 5 30 37 
1 25 

7 14 8 4 24 33 16 13 
11 36 11 27 6 19 18 7 5 4 10 15 
7 21 4 19 9 5 39 17 
15 5 31 41 14 1 25 6 30 13 20 29 2 7 3 10 
9 31 7 18 6 3 29 2 9 4 
12 34 25 12 28 39 11 4 23 2 8 30 5 
7 2 15 4 5 20 9 8 
5 1 7 6 35 10 
11 5 25 13 7 3 16 30 27 15 11 12 
13 26 17 39 16 2 4 19 34 33 8 21 12 37 
6 22 2 9 6 42 18 
4 6 9 10 20 
7 4 21 9 1 35 17 14 
7 40 26 4 1 13 41 38 
5 7 2 40 23 9 
8 38 9 36 1 28 10 32 26 
7 22 3 41 40 13 10 27 
8 31 5 2 34 36 11 32 24 
5 24 22 10 3 2 
5 42 23 7 12 4 
3 10 13 3 
3 17 11 19 
3 20 15 6 
4 18 35 19 1 
4 9 33 4 6 
6 38 10 16 14 28 32 
4 2 17 29 9 
3 16 6 26 
3 27 5 4 
3 4 6 9 
5 18 4 42 37 5 
3 26 16 18 
3 1 10 25 
3 18 10 6 
3 8 24 13 
4 16 2 18 40 
3 10 31 42 
4 14 26 16 42 
3 3 10 6 
4 14 36 17 15 
3 14 4 17 
5 20 11 37 31 38 

6 16 4 7 21 5 38 
3 8 4 5 
15 22 6 17 12 24 9 11 16 29 4 20 30 7 14 31 
18 8 34 25 36 14 10 18 35 40 2 3 1 31 7 5 19 6 33 
12 8 33 1 6 2 11 27 28 4 13 22 15 
9 36 34 5 15 3 4 13 20 9 
9 24 1 26 12 28 3 13 10 4 
7 16 5 18 2 22 9 4 
7 6 39 10 14 3 23 8 
7 9 4 17 35 7 34 11 
8 12 37 25 18 15 3 10 5 
14 26 32 21 42 28 3 23 41 17 11 25 7 19 20 
5 30 6 5 7 23 
4 3 4 9 29 
8 21 38 5 6 19 30 42 11 
4 37 3 8 1 
6 10 3 32 35 12 26 
4 8 37 4 11 
3 12 15 4 
4 6 40 3 12 
3 1 12 15 
5 24 29 3 5 8 
3 12 9 13 
6 38 3 27 32 7 22 
5 27 41 11 4 12 
3 12 7 17 
3 5 25 24 
4 12 7 5 39 
3 14 3 22 
4 13 3 31 15 
4 4 3 30 33 
3 12 17 24 
4 37 4 31 5 
3 10 6 4 
3 10 4 17 
2 6 4 
4 16 33 18 11 
3 24 15 1 
2 28 9 
2 4 20 
2 12 25 
2 15 12 

18 16 9 6 41 29 11 36 8 14 35 10 5 24 12 28 15 32 4 
10 30 14 5 25 8 19 4 34 7 17 
3 4 14 16 
13 15 1 9 11 5 28 6 3 8 2 26 12 23 
7 1 2 10 4 9 7 6 
12 40 4 23 41 18 5 22 20 7 27 1 32 
13 21 18 6 31 2 17 24 5 39 23 13 22 10 
6 34 29 13 1 4 2 
9 33 13 40 42 5 16 1 4 35 
12 20 29 21 19 27 1 7 11 32 5 12 42 
7 1 21 15 17 10 4 26 
3 10 1 4 
6 22 7 9 8 19 20 
4 42 2 1 3 
8 39 34 31 1 4 18 38 11 
5 1 3 9 27 31 
4 11 2 39 7 
8 30 7 36 15 26 24 6 40 
3 2 13 10 
6 13 10 35 25 37 6 
3 11 7 10 
6 7 6 13 25 30 36 
3 7 6 4 
3 1 7 18 
3 2 22 20 
5 33 4 11 28 18 
4 6 10 38 16 
5 37 26 4 1 33 
3 10 1 8 
4 22 2 18 41 
3 16 7 15 
3 10 1 6 
4 26 9 28 40 
4 15 2 36 8 
3 1 20 9 
4 34 18 22 1 
2 28 20 
5 27 39 15 41 42 
4 17 7 38 15 
4 6 33 18 9 
4 1 30 6 38 
4 10 14 38 9 

5 4 38 5 30 29 
13 6 37 8 29 16 34 32 26 4 10 13 15 30 
14 9 39 22 26 11 38 15 16 14 6 8 13 4 5 
11 3 2 19 6 5 10 17 20 9 7 1 
10 3 4 33 15 12 1 24 9 10 7 
10 3 33 37 17 23 7 12 4 2 35 
10 5 13 11 18 6 4 27 23 8 36 
7 2 29 3 7 19 21 27 
8 39 11 4 3 19 5 31 28 
10 4 14 28 26 42 32 2 5 22 18 
5 12 9 7 35 3 
5 14 41 11 6 5 
3 7 2 3 
4 24 3 12 10 
7 2 31 5 16 20 3 25 
10 2 15 27 39 22 3 33 17 32 37 
6 16 4 6 18 41 23 
5 7 10 17 21 28 
10 30 4 40 25 9 21 8 24 20 34 
4 25 19 15 4 
4 42 18 8 19 
4 16 31 3 10 
3 17 7 6 
5 19 35 5 36 14 
3 20 15 19 
4 2 3 34 10 
3 16 8 7 
3 10 9 18 
3 2 8 1 
3 1 19 2 
3 22 9 15 
3 16 10 2 
4 38 6 5 16 
3 2 19 26 
3 6 24 11 
3 37 24 7 
4 16 36 2 6 
3 1 33 3 
3 16 9 3 
1 19 
2 12 17 
2 10 21 

6 8 36 6 18 4 5 
14 12 37 40 5 14 25 36 4 18 19 7 8 33 23 
5 8 4 38 15 27 
16 16 6 7 22 12 9 34 1 10 5 23 3 2 37 15 42 
15 17 14 31 11 10 4 21 1 7 35 16 13 6 12 2 
9 11 9 1 4 42 5 15 20 19 
9 33 27 26 39 2 19 11 4 5 
11 10 41 34 36 3 39 9 30 29 1 2 
3 8 6 4 
3 5 8 4 
9 6 30 5 14 25 26 17 13 7 
8 20 29 4 5 2 13 40 26 
6 12 35 11 22 5 16 
3 2 5 11 
3 6 3 4 
7 4 21 5 13 25 29 17 
6 11 38 18 16 22 5 
8 24 17 1 23 32 20 2 31 
5 7 24 42 2 6 
7 35 28 18 21 32 12 6 
5 24 32 16 20 5 
3 4 17 13 
5 18 34 4 2 30 
4 41 21 19 18 
3 11 2 16 
5 12 28 11 27 7 
5 3 39 26 7 28 
3 26 20 27 
3 12 8 16 
6 36 23 8 41 38 11 
2 5 18 
3 20 18 21 
3 2 40 7 
3 8 4 23 
3 5 20 13 
4 1 30 8 2 
3 4 2 42 
4 40 17 30 3 
3 7 8 27 
4 2 33 38 12 
3 24 30 8 
4 4 37 19 6 

21 25 5 37 22 38 42 18 20 4 16 32 29 41 7 6 33 30 11 9 15 12 
1 4 
6 4 24 38 11 5 35 
17 6 19 10 28 3 12 24 17 2 7 42 13 5 1 38 15 14 
12 42 6 8 3 27 23 14 4 9 1 21 39 
12 11 25 5 16 13 1 10 7 8 34 4 33 
11 19 18 34 4 1 6 17 20 12 15 8 
12 7 31 35 40 24 10 41 6 9 5 32 29 
8 41 36 8 5 17 23 20 1 
6 6 14 8 18 26 4 
4 6 1 13 3 
3 7 4 1 
3 6 4 11 
6 37 5 19 4 10 25 
8 7 1 40 4 23 16 28 36 
3 15 1 6 
7 34 4 7 21 27 9 22 
3 10 7 1 
12 37 40 39 30 14 7 22 4 31 28 33 36 
4 7 9 1 21 
5 5 17 26 20 29 
4 19 30 17 1 
4 31 9 15 5 
4 3 26 8 4 
4 6 14 1 27 
3 10 24 21 
3 25 5 17 
3 19 15 4 
3 1 8 21 
7 22 37 41 38 1 31 19 
5 19 33 30 8 23 
2 1 8 
4 6 19 1 31 
3 6 17 7 
2 8 3 
4 9 15 19 40 
4 14 19 30 1 
4 30 4 3 1 
2 5 19 
4 15 36 8 19 
4 30 1 8 9 
3 5 4 1 

8 42 26 6 5 18 27 15 4 
9 6 25 15 4 35 20 32 16 22 
9 8 7 31 15 28 5 12 4 27 
15 9 5 6 7 12 40 37 2 3 1 34 20 22 32 13 
6 35 1 17 3 4 30 
25 39 10 9 14 13 4 31 7 8 42 12 19 29 11 38 21 36 20 1 23 2 33 26 16 17 
6 8 10 6 3 41 4 
8 6 7 9 23 21 10 25 3 
7 8 11 4 31 34 6 18 
4 8 6 11 7 
11 28 13 29 16 26 30 9 6 23 10 41 
8 4 14 35 24 18 36 6 3 
9 25 14 32 24 42 28 4 11 6 
5 13 6 12 19 17 
3 2 1 3 
6 6 11 39 2 27 21 
3 6 14 5 
4 9 19 12 1 
3 18 14 6 
3 2 4 6 
5 8 16 33 22 6 
3 2 4 21 
6 8 37 24 6 40 11 
3 13 12 23 
4 30 2 13 8 
3 1 11 6 
3 16 1 3 
5 13 39 11 35 3 
3 32 11 6 
3 11 5 25 
3 6 9 3 
4 29 2 4 13 
2 21 6 
2 4 9 
4 28 2 5 12 
2 6 12 
2 4 23 
1 6 
3 28 16 6 
2 4 23 
2 11 7 
3 13 1 6 

11 11 9 33 4 8 5 21 34 37 6 39 
8 6 23 27 33 4 5 13 8 
1 4 
13 7 2 9 35 34 11 8 1 30 10 5 3 27 
13 9 2 6 23 13 7 4 32 1 29 24 21 28 
8 7 19 5 1 16 23 2 11 
6 12 34 40 4 5 6 
9 10 4 24 15 22 17 2 1 14 
10 22 19 16 10 18 1 12 4 5 14 
11 32 12 15 4 31 39 25 9 26 20 8 
8 6 14 4 18 16 13 25 1 
5 9 10 20 7 28 
8 5 28 15 40 26 2 42 11 
4 9 21 11 8 
8 37 38 8 13 10 30 25 17 
8 9 18 6 30 17 20 11 26 
8 42 16 22 19 29 15 31 8 
5 16 31 11 9 39 
3 6 17 9 
4 12 16 24 10 
4 36 14 1 5 
4 8 17 41 9 
4 6 35 2 5 
6 27 20 38 5 8 36 
4 15 11 40 10 
3 10 13 16 
7 33 29 4 39 2 24 34 
6 13 38 41 37 5 12 
4 17 5 27 38 
3 16 4 15 
3 10 17 18 
3 10 5 36 
3 1 27 2 
5 1 7 40 4 27 
2 23 4 
3 24 32 21 
3 15 1 28 
4 24 29 28 15 
4 1 18 27 10 
4 34 7 25 13 
2 22 28 
2 17 13 

7 6 15 12 4 7 14 5 
15 11 10 14 6 26 4 13 12 27 34 5 8 29 33 39 
2 4 37 
21 19 40 24 28 5 17 13 25 29 35 37 39 20 7 2 26 3 1 10 6 15 
11 12 19 4 2 9 13 17 7 25 1 37 
8 2 1 4 27 10 9 16 8 
13 15 28 22 8 5 4 14 20 19 1 38 9 18 
7 7 6 11 2 31 36 22 
3 7 5 6 
6 4 2 28 31 11 6 
6 40 8 10 32 2 21 
7 21 2 1 18 20 5 24 
5 27 16 4 5 2 
5 2 16 23 7 1 
6 18 4 7 1 17 41 
7 38 21 6 13 34 14 30 
8 23 35 26 36 5 4 15 22 
8 30 42 15 7 38 12 23 25 
3 4 5 7 
3 7 12 4 
4 36 16 11 12 
6 24 7 32 33 17 8 
4 14 17 42 18 
5 35 29 22 12 4 
3 18 5 4 
4 2 41 17 4 
4 6 41 2 13 
4 10 29 4 7 
6 35 28 32 2 4 24 
2 18 16 
3 10 8 36 
4 11 22 29 33 
4 32 22 2 38 
3 16 37 2 
5 24 17 29 42 4 
4 31 17 21 8 
4 5 34 4 3 
4 18 16 33 7 
2 4 2 
2 11 4 
3 15 27 26 
3 18 35 23 

12 4 10 34 15 25 28 29 9 7 20 6 16 
8 5 11 42 26 15 14 4 18 
3 5 4 11 
14 14 28 9 19 8 7 2 5 3 6 12 38 34 1 
15 8 34 32 22 4 20 7 23 29 16 2 17 3 6 9 
9 16 5 15 30 8 14 36 4 1 
8 13 40 18 1 4 23 32 5 
11 36 5 10 33 13 35 31 4 12 6 22 
10 17 35 4 1 5 25 30 10 11 19 
6 1 13 19 32 8 9 
8 26 29 12 2 9 35 3 18 
7 8 27 11 38 26 4 37 
5 10 8 21 7 30 
7 20 38 2 23 6 25 4 
8 41 31 1 6 17 2 39 24 
5 5 6 1 27 42 
4 9 5 21 15 
5 11 39 2 7 37 
8 10 24 9 21 28 22 4 31 
6 33 24 1 41 5 14 
3 19 17 13 
4 8 33 19 5 
4 14 27 5 7 
3 20 15 19 
4 1 9 14 33 
3 2 12 11 
4 16 30 23 12 
5 4 39 32 1 19 
6 40 11 41 1 31 5 
5 27 34 9 13 6 
4 19 8 29 15 
4 10 7 5 28 
5 25 20 8 41 22 
4 1 30 5 4 
3 8 9 11 
3 8 6 42 
2 12 18 
3 4 14 12 
3 28 15 18 
2 29 7 
4 33 15 29 20 
3 36 2 16 

13 5 11 26 29 16 4 6 42 34 8 28 38 23 
2 4 5 
12 6 8 22 24 39 26 14 7 13 9 20 4 
15 3 9 7 19 6 20 29 1 13 32 2 5 10 30 25 
19 41 13 12 32 35 24 37 7 1 42 23 15 8 2 9 17 4 11 10 
11 10 1 36 19 4 31 3 14 27 20 17 
8 3 25 17 14 5 4 22 23 
6 1 3 5 41 18 30 
7 28 40 25 3 4 5 21 
7 4 38 5 11 12 6 34 
8 12 1 15 10 31 16 5 39 
3 10 5 11 
5 3 5 4 22 18 
8 15 16 6 3 26 18 19 7 
3 14 5 11 
8 39 11 33 30 35 1 36 14 
5 33 6 7 40 5 
5 28 8 14 13 21 
3 14 4 6 
5 3 6 4 21 27 
3 18 20 9 
8 27 7 34 31 13 3 29 32 
3 7 5 1 
3 3 5 42 
4 40 4 7 9 
3 14 1 3 
3 22 20 6 
3 9 1 18 
3 22 4 1 
3 16 4 8 
5 6 36 22 37 11 
3 5 4 22 
2 16 17 
3 22 1 10 
2 5 16 
3 6 31 16 
4 5 31 40 39 
3 41 1 10 
4 3 37 11 16 
4 37 9 17 25 
3 8 38 5 
3 1 5 24 

10 12 28 5 9 7 27 24 40 15 4 
10 9 31 13 21 5 26 22 4 38 6 
3 10 17 4 
19 10 20 24 11 39 3 21 14 2 26 18 9 37 1 8 6 5 34 7 
15 40 1 23 6 2 11 16 7 30 22 4 38 21 31 8 
10 4 23 15 2 14 29 30 37 8 5 
17 4 35 5 36 13 24 37 34 11 23 41 16 1 17 12 30 22 
6 38 4 6 29 18 5 
8 2 4 12 10 1 13 19 41 
4 9 3 4 17 
4 25 5 4 7 
6 25 14 1 9 7 20 
3 9 2 7 
8 15 31 6 32 33 12 16 4 
8 1 20 33 6 18 19 35 14 
7 19 33 7 14 5 28 35 
4 10 27 7 3 
6 26 29 15 4 8 36 
3 15 16 9 
5 15 12 4 39 42 
3 2 5 4 
3 7 2 5 
4 5 7 24 6 
4 4 1 23 7 
2 11 12 
3 2 18 4 
3 37 17 1 
2 1 16 
4 18 37 8 6 
5 33 7 6 5 42 
3 14 5 2 
3 38 40 14 
6 14 35 16 36 30 15 
2 7 4 
4 15 33 7 16 
3 33 18 7 
5 27 6 4 7 29 
4 32 2 8 5 
2 20 4 
4 41 5 32 1 
3 40 9 7 
2 20 30 

2 4 10 
8 7 36 4 6 40 5 10 13 
7 40 10 19 23 7 5 4 
10 22 3 24 5 29 2 6 1 8 9 
18 21 4 8 3 29 31 39 6 25 12 28 7 32 11 16 9 2 26 
6 2 4 14 16 5 31 
5 24 5 2 8 3 
20 36 32 7 33 41 26 5 12 19 15 11 22 18 9 31 13 38 14 4 30 
3 8 5 4 
7 11 15 2 34 1 3 33 
16 32 13 37 26 8 16 12 5 42 10 15 20 14 36 27 17 
5 11 17 8 19 5 
8 18 2 11 27 8 28 35 22 
6 8 11 25 28 6 23 
5 21 11 17 10 8 
6 18 11 21 20 6 5 
3 15 11 12 
8 42 16 23 38 8 34 13 20 
5 8 3 37 12 29 
4 16 30 18 11 
3 5 15 16 
5 32 8 4 27 13 
3 3 14 18 
4 4 42 7 25 
3 24 5 14 
3 5 8 11 
4 11 28 22 13 
5 27 5 36 13 14 
5 4 42 5 19 32 
2 8 20 
4 39 5 8 6 
6 5 22 11 8 34 29 
2 10 8 
3 10 32 18 
1 13 
5 2 11 28 8 40 
2 11 19 
2 18 8 
2 31 5 
4 41 36 3 2 
2 40 8 
4 11 29 18 24 

13 29 16 13 41 18 5 33 7 4 8 36 10 9 
3 5 16 4 
14 20 31 11 38 4 6 17 19 10 15 21 16 18 14 
16 5 11 19 7 15 24 23 3 37 8 9 10 1 2 42 6 
11 12 7 19 4 22 1 9 2 6 20 8 
4 3 42 4 5 
5 5 36 4 11 1 
6 39 40 5 4 1 20 
6 38 30 1 5 4 14 
14 12 29 27 31 15 4 40 3 18 1 42 13 26 17 
9 28 7 12 3 21 25 4 37 23 
6 5 11 13 26 17 10 
5 23 12 10 14 1 
4 30 9 13 3 
6 4 33 22 10 3 35 
4 1 3 2 28 
3 10 12 3 
6 3 1 37 10 24 25 
6 5 34 4 3 31 21 
3 8 3 5 
5 11 3 35 19 34 
2 15 5 
7 30 40 4 24 25 11 13 
3 23 18 4 
4 27 23 11 18 
2 12 10 
2 25 10 
3 16 41 11 
6 35 33 1 10 41 38 
4 9 39 14 23 
3 3 19 10 
1 39 
3 1 29 15 
3 19 21 37 
4 21 29 42 15 
2 7 1 
4 11 18 4 34 
3 9 3 29 
3 8 30 32 
3 10 23 8 
3 28 1 29 
4 6 35 10 4 

9 32 4 25 26 22 35 10 41 39 
12 27 29 7 13 10 14 5 6 28 4 9 11 
8 23 41 12 15 17 5 21 4 
19 14 5 13 10 9 1 2 6 19 37 7 24 3 8 16 21 20 39 31 
15 7 6 3 32 40 28 4 2 17 35 12 14 16 18 27 
10 24 41 5 12 25 8 4 19 2 26 
10 8 4 11 34 20 15 29 9 2 5 
5 30 16 7 6 4 
9 38 4 15 23 13 2 20 7 33 
8 28 2 11 4 17 34 1 18 
7 22 24 27 7 2 23 10 
3 6 3 5 
4 2 9 18 4 
10 34 19 2 33 5 37 26 39 32 4 
3 9 7 3 
6 5 22 8 4 30 21 
3 3 5 10 
4 13 5 25 10 
3 14 4 6 
8 26 7 35 41 4 25 34 9 
6 35 3 24 4 22 16 
6 11 16 21 39 1 27 
4 30 9 3 11 
7 34 4 6 28 11 32 21 
6 1 36 6 18 27 20 
5 14 1 32 20 6 
6 5 29 2 22 11 25 
5 5 10 33 24 2 
3 7 2 27 
5 32 8 23 16 39 
1 4 
7 14 24 30 26 1 40 5 
3 14 28 9 
6 20 38 10 7 14 24 
4 1 5 20 21 
1 25 
3 41 4 14 
2 9 34 
5 30 22 1 4 14 
2 32 5 
5 3 6 1 37 20 
0 

10 23 12 32 10 17 18 25 14 4 16 
11 42 4 9 21 6 7 5 10 13 8 25 
11 23 11 7 28 24 5 17 4 6 22 29 
17 8 26 35 1 9 14 5 15 41 18 19 2 28 3 22 31 6 
5 9 8 2 4 3 
13 36 20 24 2 7 37 32 38 19 11 4 10 3 
4 3 13 2 6 
12 16 5 35 22 11 4 36 39 2 14 23 37 
9 2 12 5 4 20 15 18 21 33 
6 16 38 1 30 2 6 
9 8 35 13 12 3 6 26 41 25 
7 30 41 19 21 1 9 11 
5 11 15 2 29 7 
4 27 8 4 1 
4 4 24 9 13 
6 8 17 40 28 1 10 
3 3 1 16 
3 1 9 4 
3 6 12 4 
2 6 9 
5 9 12 2 36 31 
5 8 4 38 3 31 
4 36 8 1 3 
6 30 36 42 15 6 3 
3 11 1 2 
4 42 11 29 4 
1 14 
4 4 3 16 38 
4 13 26 3 33 
3 24 12 10 
3 4 21 22 
2 1 6 
4 29 9 35 37 
1 42 
4 33 8 11 4 
5 21 23 8 6 24 
3 33 8 6 
5 28 40 10 6 22 
2 40 8 
3 39 16 38 
3 12 11 4 
4 24 26 2 34 

18 30 41 5 10 18 12 15 8 27 35 38 7 21 24 9 25 4 19 
4 4 6 10 12 
6 22 5 6 4 25 11 
16 29 37 19 2 15 5 1 10 28 9 30 11 16 20 8 3 
15 3 14 28 7 17 32 4 39 29 16 23 8 6 36 1 
13 7 38 15 3 14 2 29 13 25 34 5 33 18 
8 17 6 40 27 1 20 5 21 
11 5 16 26 18 9 13 1 24 4 36 11 
4 1 32 4 8 
6 12 1 14 19 2 4 
5 13 3 4 20 8 
3 10 1 2 
6 31 8 23 17 11 6 
5 5 6 10 36 37 
5 1 28 31 6 4 
4 22 5 8 4 
3 13 7 5 
3 1 8 6 
7 33 40 1 10 31 4 20 
9 39 27 7 32 42 29 4 11 19 
2 1 7 
4 3 16 39 37 
4 42 5 13 34 
5 27 1 26 36 8 
4 1 3 31 6 
3 8 30 24 
5 33 20 24 1 7 
3 4 5 15 
7 20 40 5 4 34 6 38 
4 4 1 34 26 
4 15 25 19 13 
3 5 20 9 
3 6 27 19 
4 30 23 29 6 
1 1 
4 24 8 14 5 
3 22 4 14 
3 6 1 29 
3 5 20 22 
3 7 19 29 
1 1 
2 20 23 

8 5 10 30 23 8 22 4 28 
10 20 5 18 6 32 17 11 4 38 25 
6 7 14 8 9 4 37 
24 11 9 22 17 31 6 24 8 5 36 19 13 1 16 7 20 2 3 42 39 28 12 10 32 
11 9 7 1 24 14 2 33 18 30 4 6 
18 2 31 22 21 4 33 10 5 11 12 35 13 14 39 15 37 36 25 
6 40 4 21 27 3 5 
6 17 26 12 1 3 4 
5 34 3 4 23 5 
6 26 15 6 1 4 35 
5 6 2 4 19 13 
8 27 32 40 4 39 41 8 6 
9 15 4 16 26 19 38 11 20 6 
7 5 24 16 29 3 25 6 
4 23 13 6 10 
3 4 14 13 
7 4 26 22 8 32 2 23 
2 5 2 
5 11 4 21 41 13 
5 13 26 2 4 33 
4 7 19 24 6 
6 4 1 17 35 30 6 
10 31 15 41 33 38 39 40 1 17 9 
5 5 27 4 14 21 
3 2 6 14 
7 13 20 10 34 8 39 17 
3 12 7 24 
3 42 1 4 
1 14 
4 34 1 22 5 
3 6 4 23 
4 17 2 12 4 
7 20 23 37 5 40 35 6 
4 9 26 42 30 
4 6 22 10 33 
2 4 6 
3 33 6 3 
4 2 42 13 23 
5 23 26 4 12 6 
4 12 23 7 33 
3 23 19 12 
4 28 34 4 38 

2 4 16 
18 5 17 27 26 20 25 31 32 18 37 6 4 8 10 21 22 12 35 
10 29 36 9 6 4 35 5 28 17 13 
14 39 35 6 7 9 1 14 21 8 5 33 3 2 27 
12 11 19 33 7 17 3 28 2 29 12 15 4 
13 8 28 11 16 4 36 32 24 2 7 3 9 38 
12 41 36 10 18 16 5 24 6 19 4 20 14 
5 6 2 4 38 10 
14 18 31 30 13 11 23 32 20 19 26 6 3 4 12 
7 13 15 22 38 2 8 7 
7 14 37 9 6 15 5 25 
6 42 29 2 9 21 5 
4 9 10 39 3 
6 11 22 27 4 7 23 
3 10 11 5 
6 6 1 29 7 38 40 
6 41 37 18 2 3 5 
10 35 7 9 34 21 36 2 17 30 27 
3 9 5 7 
3 7 2 9 
4 18 4 12 2 
3 10 2 14 
2 14 9 
2 6 7 
4 11 34 29 2 
3 2 9 28 
4 18 14 2 4 
6 3 42 5 26 31 6 
6 5 25 12 16 42 3 
2 18 9 
3 2 28 9 
4 33 2 6 9 
3 4 5 32 
3 41 18 25 
4 4 18 2 3 
4 7 6 18 3 
3 17 2 11 
4 8 16 10 6 
2 4 13 
1 16 
3 34 7 17 
3 28 12 29 

1 4 
5 5 4 9 33 6 
8 10 4 42 23 11 7 13 5 
18 2 41 36 6 1 12 5 42 17 31 35 18 14 7 28 21 20 3 
15 7 17 10 24 11 8 37 6 31 3 22 33 4 2 28 
9 8 9 5 2 4 18 19 16 30 
9 4 3 26 33 5 17 12 8 20 
16 37 11 9 23 32 12 5 6 10 13 7 21 29 25 15 19 
10 8 32 2 14 6 28 13 30 29 41 
7 15 14 3 25 8 5 16 
4 5 8 3 22 
5 4 21 8 15 7 
6 34 3 29 9 8 41 
3 10 9 4 
5 40 30 10 8 12 
2 6 10 
9 26 34 40 4 5 7 37 24 25 
2 4 6 
5 41 31 39 8 6 
3 30 4 7 
4 41 4 12 8 
3 23 5 11 
3 8 3 22 
3 5 17 42 
3 10 17 8 
4 17 42 7 40 
0 
4 4 34 5 9 
4 13 34 9 8 
4 20 6 15 9 
3 4 5 19 
3 9 8 33 
4 5 32 2 7 
4 17 28 13 29 
1 4 
1 4 
3 8 5 17 
0 
1 19 
3 26 17 15 
5 19 4 9 21 13 
4 4 26 3 24 

17 10 5 29 7 9 12 4 32 8 34 11 35 31 38 25 39 14 
8 20 5 4 6 21 33 11 10 
1 4 
18 23 39 28 29 15 12 24 2 9 6 16 1 3 5 37 18 7 13 
11 23 7 9 19 18 8 1 6 4 30 2 
6 20 33 5 4 2 34 
10 11 19 4 12 8 21 32 5 1 14 
6 10 5 42 1 24 7 
7 25 22 13 5 1 36 4 
6 28 1 2 40 30 8 
10 19 7 13 22 27 1 2 18 15 31 
6 27 15 1 7 26 4 
3 9 11 4 
5 19 1 7 31 23 
8 34 25 16 11 35 12 4 20 
4 15 26 4 27 
4 22 24 18 40 
5 17 11 4 37 5 
5 39 11 14 5 7 
5 6 27 15 2 24 
6 36 30 38 35 7 2 
5 17 26 27 9 11 
3 4 5 14 
5 40 8 17 4 20 
3 1 9 15 
4 12 22 39 16 
6 11 20 22 32 12 16 
2 10 4 
2 4 1 
4 10 39 5 21 
3 14 11 1 
3 27 1 7 
4 38 34 6 2 
7 33 15 38 40 36 6 1 
3 1 21 15 
3 34 9 21 
2 18 4 
5 34 33 1 42 21 
5 30 4 1 19 26 
4 34 17 24 10 
0 
2 38 8 

3 25 31 4 
9 7 8 4 37 5 34 6 9 13 
9 28 41 10 11 29 14 5 4 24 
19 9 14 1 27 40 28 6 12 26 8 17 10 5 3 7 2 22 42 16 
9 2 20 6 3 31 8 27 4 12 
7 35 4 7 33 5 2 24 
4 2 4 23 6 
13 9 15 12 2 5 39 11 4 13 27 42 20 19 
14 20 34 8 39 25 10 22 19 4 17 30 18 14 2 
13 32 38 21 3 11 9 29 35 16 18 4 23 15 
9 36 3 33 8 32 41 25 38 10 
3 5 8 4 
4 40 14 8 2 
10 13 3 16 17 4 36 31 34 33 9 
8 17 16 8 22 32 10 23 42 
10 25 15 10 17 27 21 26 35 14 4 
9 42 16 15 20 4 28 9 41 14 
3 29 9 10 
2 8 9 
6 5 8 17 9 26 39 
2 10 16 
4 4 15 9 24 
4 40 7 10 15 
3 22 6 3 
4 1 16 9 11 
3 4 16 20 
4 4 16 8 5 
5 4 36 3 17 30 
3 10 3 18 
4 37 28 9 35 
4 41 5 14 1 
3 11 10 15 
5 6 14 11 38 37 
3 2 9 14 
5 10 6 30 38 16 
3 11 28 14 
3 2 33 30 
4 11 35 33 10 
3 20 9 8 
4 41 4 13 23 
5 40 11 31 17 3 
4 17 8 15 4 

19 39 26 25 14 7 4 20 10 32 21 29 37 6 8 15 31 42 34 33 
9 36 6 4 17 41 5 16 35 7 
8 34 40 26 28 11 4 5 30 
11 6 1 2 14 5 3 8 18 7 27 9 
15 31 2 8 3 29 4 13 35 11 20 15 10 9 41 22 
13 18 24 2 19 9 25 12 16 11 4 21 33 1 
10 2 21 34 15 20 1 14 27 13 4 
5 19 1 4 5 22 
8 4 10 17 12 13 6 38 5 
6 5 9 40 1 24 28 
3 3 5 6 
6 17 6 13 16 40 9 
6 5 26 12 15 9 7 
6 41 7 24 39 1 4 
4 5 7 13 1 
3 2 12 6 
5 12 2 18 9 19 
4 21 6 4 17 
8 38 36 26 22 6 17 8 30 
5 1 21 5 7 23 
7 28 20 1 6 40 18 7 
5 42 5 19 8 36 
2 32 20 
3 6 10 14 
3 1 30 6 
7 3 35 34 19 1 33 13 
2 4 7 
4 3 21 29 10 
4 5 28 1 31 
3 19 3 25 
3 5 1 29 
3 37 23 1 
3 6 1 26 
5 37 7 3 26 1 
3 2 5 26 
3 19 22 2 
3 1 32 34 
2 19 9 
2 14 1 
4 10 21 12 3 
3 2 5 14 
2 1 22 

8 15 42 17 6 4 21 5 12 
11 23 38 10 15 6 5 18 34 4 13 35 
2 4 19 
10 2 19 28 8 1 7 10 5 14 3 
14 18 1 2 4 29 17 6 7 9 8 13 37 39 38 
19 5 11 41 2 7 16 18 9 22 36 20 10 8 30 28 1 14 13 12 
5 5 4 26 6 39 
10 4 32 6 19 27 9 22 11 5 42 
6 6 12 8 5 25 24 
3 4 6 2 
5 6 8 12 32 36 
6 6 26 1 35 9 11 
11 39 27 5 2 6 17 19 29 18 30 23 
5 23 6 38 25 4 
3 2 16 1 
2 15 6 
3 5 1 13 
5 2 13 6 5 39 
6 23 36 4 8 3 13 
4 22 24 30 6 
1 1 
4 37 20 8 6 
6 2 31 19 13 32 14 
2 9 20 
2 9 14 
2 7 12 
6 28 33 13 40 8 38 
3 27 6 4 
2 5 13 
3 6 20 13 
1 23 
3 8 11 23 
1 27 
1 2 
4 42 2 12 37 
3 11 6 19 
3 5 35 22 
4 27 5 14 2 
5 18 13 7 5 41 
2 42 27 
2 6 39 
4 40 8 1 35 

12 6 39 8 4 15 28 24 13 33 41 5 31 
2 5 4 
11 26 4 35 13 21 14 31 19 17 9 18 
17 5 10 1 24 8 38 33 12 20 37 7 11 3 25 28 2 6 
6 15 7 1 4 2 6 
14 31 10 5 29 39 4 18 12 11 8 7 1 9 20 
10 4 13 32 5 27 6 11 16 18 9 
13 6 1 19 36 21 14 41 42 12 16 10 25 4 
3 3 7 6 
9 16 11 33 6 4 8 31 29 24 
7 16 6 25 10 7 4 14 
6 22 6 24 30 8 4 
4 3 23 7 1 
10 11 20 28 30 15 3 39 37 17 8 
10 36 37 26 1 5 29 14 20 25 35 
8 23 7 8 11 10 21 32 36 
3 14 31 3 
4 7 3 6 38 
5 27 21 8 26 3 
4 6 14 4 15 
5 19 8 34 16 3 
1 12 
3 16 13 34 
4 10 4 12 1 
5 11 4 8 15 27 
4 3 19 15 41 
4 25 42 7 19 
4 1 14 4 35 
4 31 15 10 6 
3 33 12 14 
9 29 10 33 40 17 1 3 6 32 
4 31 40 7 16 
5 1 30 31 10 4 
3 21 41 23 
3 15 3 28 
3 16 8 15 
3 14 15 4 
3 4 18 40 
3 1 14 6 
3 38 31 32 
4 26 1 8 34 
2 8 27 

11 41 5 33 27 18 14 4 6 42 7 23 
6 4 16 12 11 22 7 
4 13 5 19 4 
16 15 24 39 6 13 2 7 17 5 21 3 8 16 1 37 9 
18 38 23 17 24 20 10 9 1 36 26 3 29 41 12 4 6 16 8 
9 8 15 34 10 1 18 4 5 17 
7 12 22 15 1 4 2 42 
3 4 5 6 
8 32 25 4 15 20 21 19 5 
6 29 5 40 30 22 6 
3 36 2 14 
3 2 7 5 
4 16 39 4 3 
8 11 40 35 22 26 17 30 1 
7 7 23 6 9 4 27 28 
7 2 34 13 5 17 4 38 
5 4 6 5 16 14 
3 34 1 6 
6 27 9 33 3 23 38 
7 37 26 23 9 24 5 22 
2 4 9 
7 2 7 36 20 42 14 10 
5 19 1 20 5 15 
4 4 5 20 40 
2 9 29 
4 5 41 20 14 
4 35 19 1 15 
1 15 
4 5 30 25 10 
3 10 29 14 
2 37 32 
3 9 34 31 
2 1 19 
4 32 16 18 6 
2 27 14 
3 11 22 5 
3 20 4 31 
4 42 5 19 16 
2 4 13 
3 24 14 10 
3 26 1 5 
4 1 22 38 7 

8 30 5 36 16 4 7 6 19 
8 27 24 35 5 6 18 4 9 
7 29 8 21 4 10 25 12 
17 7 5 11 8 19 14 35 6 23 3 17 13 9 1 2 38 20 
7 36 23 21 2 4 22 1 
15 1 4 2 23 8 26 20 13 28 15 32 10 7 21 14 
3 6 4 1 
10 24 9 6 3 28 19 4 14 31 30 
8 2 32 8 4 11 10 26 25 
8 11 9 14 19 3 13 6 18 
6 10 20 4 27 30 9 
3 3 32 38 
5 4 6 10 21 31 
6 8 4 22 10 35 6 
4 26 6 29 27 
2 1 40 
6 4 21 33 37 39 20 
3 23 10 2 
5 10 4 8 25 1 
5 6 11 25 17 4 
5 3 6 17 5 13 
6 28 40 38 29 5 14 
8 5 37 6 4 42 18 32 36 
2 2 8 
6 28 35 20 9 3 19 
4 6 9 15 33 
4 2 15 11 30 
6 31 22 8 25 34 6 
4 15 35 22 3 
5 36 8 11 1 27 
3 28 8 13 
5 9 23 12 6 41 
3 17 34 26 
2 33 28 
6 2 4 14 29 39 25 
4 23 5 1 30 
3 17 23 40 
3 4 22 12 
2 17 35 
3 16 37 22 
1 32 
1 23 

6 30 21 5 40 4 9 
2 11 4 
7 17 11 12 6 5 4 7 
18 3 1 6 19 41 36 34 15 11 25 18 35 5 24 2 42 8 7 
17 25 4 6 12 41 31 14 23 29 17 37 8 18 19 1 3 13 
3 3 4 5 
7 29 20 9 11 18 4 3 
12 5 26 27 39 4 42 12 25 10 30 17 37 
5 14 33 7 11 1 
2 38 8 
12 19 22 12 29 24 4 15 3 7 9 16 2 
5 8 11 5 13 3 
3 41 12 5 
12 9 41 15 42 40 27 32 22 25 16 5 36 
7 11 24 14 4 30 17 34 
3 14 11 40 
9 39 18 26 41 5 3 8 34 15 
4 7 5 4 17 
8 5 31 34 33 39 11 37 4 
2 7 32 
1 1 
2 14 11 
2 5 35 
3 15 4 11 
4 4 8 14 5 
4 17 31 8 28 
6 38 8 37 31 14 28 
2 27 26 
4 5 33 7 11 
3 1 15 8 
4 5 26 19 27 
3 20 40 14 
3 19 9 29 
4 15 19 4 17 
2 23 4 
2 14 4 
5 42 8 27 5 19 
2 27 10 
3 8 17 19 
4 14 16 32 1 
5 17 4 14 5 13 
4 14 8 4 37 

14 18 9 37 6 5 4 25 17 35 16 8 30 11 32 
6 21 15 9 30 5 4 
11 30 19 12 11 7 15 10 24 17 8 4 
16 3 32 22 2 7 14 40 5 1 23 15 28 20 6 8 12 
3 2 4 1 
10 24 4 9 7 30 12 13 1 10 29 
14 14 23 15 8 3 42 22 6 9 16 10 37 4 32 
8 4 7 10 41 31 1 20 3 
12 42 2 14 13 1 35 7 6 39 26 20 17 
7 28 8 3 7 16 35 6 
7 31 21 34 3 1 20 16 
5 6 39 4 26 3 
5 24 27 9 6 26 
4 7 4 9 15 
13 30 7 33 27 37 36 22 2 40 3 19 14 4 
5 7 11 10 1 22 
6 38 18 27 1 3 9 
2 1 17 
3 15 3 23 
6 11 9 21 8 33 4 
3 2 20 11 
6 16 4 15 28 25 7 
3 4 19 7 
7 40 29 3 32 6 13 33 
3 1 22 34 
4 13 12 9 28 
4 38 15 13 17 
5 4 10 36 26 22 
2 24 6 
5 3 15 1 2 6 
3 8 11 32 
5 1 4 31 7 24 
4 15 38 20 24 
2 25 11 
3 9 10 1 
3 39 28 15 
3 1 7 15 
3 27 17 33 
3 36 12 9 
3 15 24 4 
1 8 
2 9 7 

7 38 18 22 23 4 7 28 
10 5 4 9 7 35 26 6 24 28 16 
3 5 6 4 
3 2 3 1 
12 20 41 21 14 6 3 2 17 7 13 25 19 
6 10 5 25 2 39 3 
4 32 2 1 5 
3 42 9 24 
10 13 11 8 2 42 38 10 14 26 12 
6 33 41 9 6 13 29 
4 34 9 18 21 
3 41 9 34 
13 18 37 22 39 24 16 5 10 9 19 36 23 31 
3 9 16 5 
2 26 36 
6 29 40 2 39 14 13 
2 5 27 
5 40 11 1 13 20 
4 5 31 13 38 
5 31 22 5 28 18 
4 27 5 23 11 
6 20 29 33 13 37 1 
4 21 13 35 1 
6 2 27 8 36 28 13 
4 5 33 6 26 
5 25 2 38 9 15 
3 24 21 17 
4 24 2 20 1 
4 10 22 16 35 
0 
3 20 19 13 
1 7 
4 25 10 34 22 
3 11 33 12 
3 23 29 2 
3 15 13 24 
2 22 13 
5 9 19 1 42 26 
3 13 16 6 
2 18 16 
3 12 10 5 
3 9 38 8 

8 31 20 6 5 16 41 37 4 
13 14 17 7 12 4 20 9 11 8 38 19 13 5 
0 
17 2 21 6 18 37 25 5 39 1 9 17 11 12 19 8 29 20 
17 41 4 38 40 1 14 22 8 17 21 29 32 2 42 19 26 10 
12 39 9 8 16 30 11 10 1 15 4 17 7 
4 6 2 15 31 
9 5 4 14 10 2 20 6 21 41 
11 24 12 16 32 2 30 6 20 23 13 4 
16 31 14 19 37 13 5 8 36 12 25 18 6 42 32 11 33 
5 2 6 13 4 10 
5 2 10 9 4 15 
8 33 11 9 41 2 28 10 34 
5 2 10 5 8 36 
4 12 40 6 7 
5 9 27 24 6 1 
7 25 26 5 6 2 4 30 
5 33 4 10 34 27 
5 2 4 27 5 10 
8 2 34 4 1 8 9 29 23 
5 8 4 39 22 5 
2 5 21 
2 20 9 
4 9 16 35 40 
4 10 4 17 35 
3 17 5 36 
4 31 16 19 18 
2 13 37 
3 4 5 20 
3 17 6 9 
4 7 10 27 1 
3 10 9 5 
3 13 18 10 
3 13 20 18 
3 42 25 24 
4 38 10 26 14 
4 28 1 10 4 
3 2 5 36 
3 6 4 21 
3 24 15 5 
4 8 13 1 5 
3 10 35 5 

5 4 30 9 13 5 
0 
2 7 4 
16 38 11 42 41 14 33 3 15 6 24 21 5 9 1 10 26 
13 17 15 4 1 12 6 16 25 13 8 37 19 9 
13 10 12 24 11 8 5 7 26 22 42 28 15 4 
2 3 6 
12 21 5 27 41 18 23 26 6 10 33 36 20 
5 4 1 34 5 29 
7 29 8 33 19 36 6 4 
4 32 6 4 40 
6 32 14 27 5 13 6 
9 12 30 17 1 28 18 16 5 23 
4 29 4 39 12 
6 5 6 35 4 23 25 
3 5 31 13 
3 13 18 5 
5 17 8 40 22 13 
7 27 25 5 34 21 32 10 
2 8 22 
5 4 39 40 19 8 
5 24 18 6 35 20 
4 15 8 13 36 
6 38 4 28 31 22 6 
3 15 19 5 
4 6 8 30 4 
5 35 12 34 19 8 
3 13 6 24 
4 14 9 30 10 
4 1 13 29 26 
2 24 16 
3 19 12 11 
3 8 10 4 
5 37 27 9 19 39 
3 15 27 22 
3 8 10 23 
2 34 5 
2 24 4 
3 34 21 14 
3 21 18 11 
3 42 8 4 
3 41 4 6 

0 
17 21 27 40 8 10 34 6 17 29 5 12 19 41 18 4 39 31 
8 38 23 20 36 26 7 4 6 
15 11 22 20 26 6 9 2 14 13 10 7 32 28 5 3 
13 29 22 9 24 33 2 11 17 8 18 35 27 4 
11 15 7 4 28 3 37 2 11 36 14 29 
8 15 3 16 34 8 4 23 6 
4 2 13 7 5 
9 17 4 12 28 23 5 16 10 33 
5 2 9 40 35 4 
8 4 42 12 20 15 5 6 19 
4 2 9 11 16 
8 14 4 8 31 24 18 25 41 
6 30 13 39 6 38 4 
9 41 27 21 7 24 19 11 42 6 
3 7 9 12 
3 9 5 2 
6 5 13 40 2 21 22 
7 25 2 11 39 37 15 36 
4 4 3 11 26 
5 34 2 15 32 18 
3 4 18 5 
4 7 9 3 25 
3 5 15 13 
5 33 23 19 30 13 
3 4 3 20 
4 15 38 2 5 
3 6 9 4 
4 6 32 2 5 
3 14 31 25 
4 37 13 30 2 
3 4 29 21 
3 9 5 25 
5 42 2 35 7 21 
3 5 10 34 
3 3 19 6 
3 31 19 6 
3 27 3 14 
3 2 14 19 
3 18 10 2 
3 15 13 2 
3 11 34 15 

10 27 7 8 9 4 26 33 41 6 14 
2 5 4 
15 38 15 37 36 20 8 4 30 14 5 6 16 27 13 10 
16 2 3 14 24 31 41 23 32 6 11 38 1 30 27 5 29 
6 3 4 2 24 34 7 
15 7 32 39 10 24 9 16 4 37 26 34 29 25 1 3 
8 17 40 21 6 15 1 8 5 
12 15 17 9 12 11 10 1 32 42 7 29 3 
10 6 35 8 22 36 13 1 19 31 12 
16 31 17 20 13 3 6 8 16 33 23 37 21 18 11 38 39 
5 42 10 8 4 12 
5 11 8 18 21 9 
11 34 35 3 23 25 40 26 22 20 9 10 
5 18 3 4 19 1 
4 7 3 8 28 
3 10 6 3 
5 7 10 8 22 25 
5 19 35 10 12 14 
4 14 9 18 28 
4 3 13 10 42 
3 10 7 12 
3 17 9 13 
4 10 39 4 13 
3 4 5 6 
6 13 28 30 6 41 17 
3 13 1 6 
4 4 1 3 33 
3 25 15 19 
3 8 6 4 
3 3 25 4 
3 10 9 4 
3 8 6 4 
4 36 1 10 27 
3 5 13 6 
3 9 13 18 
4 9 33 3 40 
3 3 10 6 
3 10 4 3 
3 10 23 6 
3 13 7 36 
3 25 1 4 
3 8 20 11 

10 21 13 9 42 41 4 5 8 6 16 
4 5 4 9 7 
1 4 
13 5 37 27 36 2 3 25 7 8 14 18 6 1 
16 34 32 4 21 2 10 22 11 12 1 6 27 9 23 26 7 
11 14 36 8 4 10 37 5 16 11 33 1 
8 17 5 12 42 4 2 15 13 
6 1 6 19 25 4 40 
19 10 26 14 30 1 11 27 18 22 41 20 24 39 12 5 15 2 13 23 
8 16 17 6 30 5 32 15 9 
6 6 21 17 5 9 40 
5 5 9 7 33 19 
6 7 24 28 37 9 1 
6 32 4 39 9 42 6 
3 9 7 10 
7 10 1 18 28 35 6 38 
10 29 34 20 23 36 10 19 11 7 33 
7 25 20 4 39 16 41 9 
6 17 26 12 24 31 8 
8 9 30 22 35 29 18 17 38 
3 5 11 1 
5 20 9 5 29 31 
3 5 17 9 
6 28 31 9 19 13 34 
3 4 18 8 
3 5 9 19 
3 5 4 9 
3 16 24 13 
4 22 35 17 20 
3 20 9 10 
3 19 22 24 
4 40 14 10 5 
3 17 6 12 
4 17 5 38 24 
3 29 20 16 
3 4 6 17 
3 6 13 4 
3 20 34 16 
3 18 9 14 
3 32 8 11 
3 9 1 18 
3 14 7 1 

4 5 4 38 10 
11 18 12 33 7 42 5 37 35 4 24 17 
11 4 13 9 39 21 7 6 20 15 10 27 
17 31 18 34 3 5 20 8 6 23 2 25 1 38 14 11 24 10 
21 9 1 19 32 2 13 8 23 22 42 35 4 21 16 37 28 39 20 6 7 33 
9 5 8 12 4 3 34 11 33 27 
4 5 3 14 2 
7 26 5 9 11 4 24 6 
10 29 8 19 28 5 13 12 22 3 16 
6 4 19 3 1 21 26 
4 4 6 32 8 
7 9 22 15 6 17 2 29 
6 14 3 42 9 41 5 
11 7 13 40 17 4 23 26 28 15 36 16 
6 12 3 31 14 18 36 
3 5 14 9 
3 12 14 2 
5 37 4 15 2 25 
3 10 9 5 
3 4 3 5 
5 5 3 30 40 10 
4 9 25 5 12 
3 5 14 4 
7 2 4 39 8 30 29 27 
4 4 40 22 18 
5 30 10 8 32 14 
3 6 3 24 
3 5 14 9 
4 38 12 24 9 
5 26 24 31 35 21 
3 15 4 30 
4 34 11 5 26 
4 6 2 5 36 
3 32 6 4 
3 2 5 30 
4 41 14 33 15 
3 5 2 18 
3 4 1 29 
4 41 3 24 5 
3 25 14 21 
3 39 13 36 
3 5 2 13 

8 7 20 5 21 8 4 6 9 
8 29 4 10 6 26 11 18 22 
5 7 5 42 4 32 
17 37 41 17 33 10 2 26 11 42 34 27 1 30 3 8 5 13 
15 18 39 35 8 6 25 17 12 15 4 13 16 3 21 1 
7 2 21 7 33 1 5 30 
8 10 19 3 12 9 6 1 31 
11 9 11 19 1 5 28 4 31 13 14 40 
5 1 28 8 34 7 
12 30 14 25 41 24 27 2 12 40 23 4 7 
3 4 8 2 
11 27 16 7 24 10 17 19 18 5 15 22 
6 4 5 8 32 15 14 
5 13 35 20 10 8 
7 5 34 41 16 12 29 13 
3 12 5 15 
5 5 37 4 36 12 
6 5 2 23 20 12 25 
10 29 24 32 28 23 7 26 12 35 8 
4 22 14 18 1 
3 5 6 1 
3 2 20 12 
4 19 10 40 18 
4 33 19 10 12 
3 18 5 10 
3 19 2 4 
5 31 10 38 4 12 
4 9 8 36 19 
3 15 2 19 
4 6 38 10 4 
4 8 37 27 7 
4 3 13 19 39 
4 24 6 4 36 
4 15 42 9 4 
4 19 5 14 38 
3 17 28 33 
4 4 17 31 39 
3 27 35 30 
3 5 32 37 
3 10 8 23 
3 15 4 10 
3 4 34 3 

6 36 4 40 9 23 30 
12 5 10 7 4 6 31 14 25 37 15 17 33 
10 29 4 9 5 6 19 24 8 33 7 
19 24 3 1 19 18 17 11 27 30 13 41 14 21 5 39 6 8 16 2 
12 34 32 4 3 14 41 8 12 16 2 21 7 
5 4 3 27 9 2 
13 3 18 5 35 2 38 28 12 16 25 24 11 33 
5 32 4 5 10 3 
11 42 39 17 20 6 1 3 11 12 34 10 
4 2 8 19 9 
8 35 38 39 13 4 7 15 9 
7 9 7 15 5 26 13 29 
6 4 12 35 21 11 34 
5 4 5 40 28 2 
5 2 18 11 22 12 
8 23 22 7 4 36 20 42 5 
7 26 9 42 31 2 30 4 
4 7 4 28 15 
5 10 4 20 37 3 
5 9 23 22 19 16 
3 4 5 13 
4 20 15 16 25 
3 1 16 20 
5 27 3 4 7 26 
4 2 22 32 7 
4 24 12 29 17 
3 4 6 24 
4 14 7 36 18 
4 3 26 12 31 
4 1 17 4 37 
3 17 2 29 
3 8 5 25 
4 38 2 7 3 
3 9 5 13 
4 13 40 7 11 
4 16 1 28 41 
3 19 2 30 
3 33 7 11 
3 4 11 9 
3 14 35 1 
3 5 36 4 
3 16 17 9 

23 31 9 5 23 29 21 10 25 35 16 33 12 17 7 8 36 13 20 4 34 40 6 38 
6 4 27 17 35 7 19 
9 7 10 12 26 11 5 4 28 14 
18 18 25 29 15 20 35 2 5 37 1 11 22 14 36 3 6 10 9 
10 28 15 3 4 1 11 9 6 26 30 
17 5 18 24 30 41 27 36 8 17 4 14 1 40 37 33 15 13 
6 2 34 1 8 21 3 
5 1 32 7 16 6 
4 4 5 19 1 
11 4 26 1 16 22 39 37 20 38 42 3 
6 4 5 31 25 3 12 
9 1 11 13 23 3 34 41 19 22 
5 6 12 38 1 41 
5 3 30 29 4 6 
3 4 5 6 
7 18 8 39 10 23 1 24 
3 6 1 2 
4 16 24 6 4 
5 12 32 28 2 9 
4 21 10 4 1 
3 20 7 1 
5 10 39 12 27 4 
3 16 1 12 
4 16 31 6 18 
3 1 4 11 
3 5 3 10 
5 40 32 6 22 2 
3 5 19 3 
3 4 14 1 
3 5 6 14 
4 24 11 33 1 
4 19 42 8 27 
3 6 31 1 
3 1 12 7 
3 4 2 1 
3 6 1 4 
3 10 4 6 
3 13 1 10 
3 16 22 10 
3 6 27 1 
3 6 13 12 
2 10 32 

6 27 5 11 7 4 23 
14 21 30 33 40 6 42 25 4 9 5 7 41 19 24 
5 32 41 4 38 17 
17 7 26 1 15 3 5 34 18 10 17 8 12 6 2 30 28 20 
15 35 10 6 1 4 27 21 12 15 13 11 31 8 2 26 
11 27 38 21 13 9 10 4 16 5 17 2 
15 11 20 25 14 31 13 4 9 35 2 8 1 34 18 23 
6 7 39 16 4 5 15 
8 14 2 6 19 7 30 12 28 
7 33 5 4 6 16 32 29 
3 5 1 7 
4 20 5 9 4 
6 5 22 14 7 6 31 
6 7 9 22 36 13 37 
6 4 36 5 19 8 18 
6 29 22 37 10 6 8 
4 40 6 3 4 
7 4 7 34 38 42 15 24 
4 9 2 24 15 
7 25 29 7 42 12 4 28 
5 5 2 39 33 6 
4 13 16 14 23 
3 1 22 7 
6 26 2 19 36 18 32 
3 20 7 2 
4 5 4 39 24 
3 1 6 5 
4 41 4 20 9 
3 16 20 10 
3 4 9 2 
3 5 7 13 
4 35 10 3 24 
3 2 21 10 
4 4 18 37 7 
3 32 7 5 
3 14 15 24 
3 34 16 14 
3 18 6 3 
4 42 8 21 26 
2 2 17 
3 2 3 28 
4 20 18 2 39 

2 7 4 
17 33 4 11 17 28 19 10 12 13 8 7 9 5 16 24 31 20 
4 9 5 4 6 
14 35 3 5 30 6 40 38 2 1 10 8 12 25 27 
16 14 8 34 6 27 13 40 37 2 7 39 23 3 22 4 10 
8 25 4 11 27 3 33 23 5 
7 14 5 32 23 1 13 2 
12 20 25 21 15 16 4 9 2 38 19 12 5 
5 15 11 2 8 3 
5 2 4 34 39 5 
6 41 17 2 6 36 9 
4 2 8 4 16 
10 15 22 2 30 5 20 26 18 7 14 
6 5 18 7 32 13 17 
3 13 9 8 
9 2 28 8 29 32 26 12 18 40 
8 29 24 14 42 2 11 21 37 
5 16 14 19 13 31 
9 21 18 35 2 42 34 8 33 22 
7 42 29 2 26 13 8 31 
4 8 17 28 19 
8 19 24 35 30 13 39 5 41 
3 6 5 7 
3 17 22 2 
4 4 8 36 6 
3 13 16 20 
3 5 6 4 
3 2 21 16 
3 17 20 16 
3 22 4 13 
3 20 18 2 
4 16 38 7 14 
4 19 2 6 41 
4 19 37 10 5 
4 36 22 19 4 
3 11 25 35 
3 17 5 34 
3 32 4 8 
4 10 5 22 40 
4 5 39 16 4 
3 33 11 22 
3 17 20 19 

4 16 7 5 4 
2 5 4 
5 9 6 4 5 7 
17 32 15 28 2 8 34 22 9 6 1 25 13 10 31 21 12 3 
17 2 41 20 25 19 10 31 11 42 6 1 35 8 28 3 21 33 
17 7 13 22 9 16 38 8 5 18 11 37 4 14 3 15 32 17 
9 23 13 3 6 17 42 12 10 1 
6 19 6 27 4 5 42 
12 36 6 14 3 30 39 34 4 37 20 12 11 
7 30 36 7 4 5 26 28 
8 24 9 23 17 32 5 6 38 
8 26 20 7 14 38 16 9 4 
6 26 23 6 7 18 4 
6 15 9 37 12 6 39 
4 4 14 6 29 
4 6 12 40 1 
6 18 6 11 30 7 22 
8 24 19 13 6 17 27 21 40 
6 41 8 34 33 5 18 
4 5 9 12 41 
3 4 18 5 
8 24 4 35 17 25 27 33 6 
6 29 13 35 11 40 7 
4 11 29 22 18 
3 4 5 22 
4 12 31 13 10 
3 22 8 18 
3 5 10 4 
3 15 24 23 
3 9 17 10 
4 5 4 26 36 
3 6 4 11 
3 19 22 5 
3 19 4 9 
3 23 22 5 
3 10 31 9 
3 9 6 14 
3 6 12 11 
2 14 9 
3 16 18 23 
3 20 19 5 
3 8 7 5 

9 6 15 7 10 12 27 4 18 5 
12 42 7 8 5 23 11 9 4 19 14 38 18 
4 13 4 29 20 
9 21 5 6 1 3 8 2 26 37 
11 13 2 6 17 1 30 24 4 16 9 28 
11 18 11 4 13 28 8 22 7 15 1 5 
4 12 6 1 2 
9 25 15 37 6 9 10 2 4 14 
14 5 8 12 2 19 16 10 30 11 34 29 20 21 22 
9 36 27 31 35 8 33 34 9 1 
6 6 2 40 9 14 42 
9 1 9 17 23 27 7 29 36 16 
6 38 24 3 6 5 19 
8 25 26 32 2 8 40 36 11 
5 1 39 6 32 8 
7 21 9 5 17 25 12 35 
4 16 12 5 33 
5 1 22 2 6 23 
6 42 2 13 9 39 20 
4 28 3 19 9 
4 4 31 16 9 
4 32 18 9 6 
6 24 30 26 18 12 2 
3 5 13 23 
5 33 8 16 14 38 
5 35 4 41 14 23 
4 10 12 1 41 
5 31 40 5 6 20 
5 37 39 3 12 9 
3 23 5 9 
4 28 34 21 10 
3 15 22 14 
3 17 25 10 
3 10 9 31 
3 16 10 26 
3 14 12 10 
3 8 4 29 
4 2 25 13 39 
4 29 19 15 38 
3 14 11 28 
2 27 26 
3 11 19 2 

6 10 12 27 37 5 4 
12 9 30 7 12 6 25 4 31 39 14 5 15 
8 6 42 21 7 4 11 31 17 
16 18 37 42 9 27 31 17 2 11 16 5 10 3 1 6 8 
8 33 7 4 2 29 41 1 8 
10 22 9 25 13 30 4 38 2 15 3 
13 39 12 16 15 3 19 36 20 24 10 5 8 2 
14 5 40 4 38 27 17 23 7 13 11 19 29 22 24 
4 40 6 4 2 
5 4 1 18 34 7 
4 8 3 14 4 
14 1 24 14 2 13 28 34 32 16 22 23 38 7 42 
3 12 6 8 
4 2 11 12 26 
6 2 25 20 6 7 21 
6 20 18 7 33 12 4 
4 26 4 3 8 
8 32 16 23 4 28 26 10 19 
3 7 18 8 
6 33 21 7 30 15 16 
3 20 3 15 
4 12 34 8 6 
3 12 18 8 
4 7 8 37 12 
4 15 6 29 2 
3 18 14 17 
4 1 4 28 8 
4 32 27 12 18 
3 25 5 8 
3 20 2 6 
7 4 36 35 40 39 3 2 
5 12 41 18 35 28 
3 5 16 20 
3 10 22 12 
2 32 31 
2 31 7 
4 24 41 1 4 
3 8 12 6 
3 2 7 31 
3 31 9 8 
3 5 37 32 
3 12 4 3 

7 12 20 37 11 5 29 4 
3 4 16 6 
8 14 24 35 4 9 5 37 32 
23 18 6 2 35 16 5 14 26 41 17 11 10 29 32 7 25 9 19 8 15 3 1 23 
11 19 3 10 1 27 37 8 7 6 39 4 
9 38 2 4 8 27 30 7 13 5 
14 17 33 13 24 12 38 36 6 21 15 5 4 26 9 
10 42 20 27 16 4 33 5 6 22 30 
7 25 18 10 3 4 7 31 
13 39 23 12 9 4 41 11 5 24 19 17 40 13 
4 10 1 30 4 
10 20 7 1 28 14 36 10 25 21 34 
7 21 39 10 6 18 7 15 
4 3 12 38 4 
3 7 13 4 
4 8 28 2 4 
3 7 4 10 
7 26 31 22 13 4 33 9 
5 22 4 10 5 29 
3 12 8 1 
3 13 7 12 
5 31 18 19 23 8 
4 4 32 22 10 
4 34 10 7 3 
4 40 9 12 4 
3 7 4 18 
7 40 5 34 36 6 8 28 
3 27 12 16 
4 35 19 4 1 
4 8 41 6 11 
3 9 22 18 
3 23 3 4 
6 36 41 8 18 35 7 
3 24 12 27 
4 29 4 33 3 
4 12 33 7 27 
3 3 5 1 
3 14 6 7 
3 5 13 10 
3 25 27 10 
4 33 30 4 10 
1 8 

12 20 29 6 16 4 42 12 19 8 5 14 13 
9 11 39 4 8 22 5 14 15 7 
9 37 21 6 24 29 10 11 4 7 
22 9 5 34 31 22 27 33 19 3 10 15 20 41 18 26 21 1 32 6 12 2 23 
8 11 28 24 7 4 35 2 1 
8 17 13 32 1 19 42 3 4 
14 2 31 39 5 9 22 20 36 33 38 26 8 3 17 
6 30 24 7 1 9 2 
11 39 7 10 30 4 35 13 8 38 25 18 
6 9 18 3 37 4 14 
6 2 35 16 12 3 5 
5 30 15 4 11 1 
6 6 40 9 41 1 25 
3 1 2 10 
8 4 23 12 36 28 16 17 2 
3 11 1 15 
7 23 29 15 7 6 27 38 
7 4 9 21 27 25 41 10 
5 6 1 32 26 4 
3 4 1 7 
4 3 18 42 4 
3 4 7 2 
4 4 28 17 15 
5 33 3 8 5 36 
4 9 13 18 40 
3 4 7 19 
3 4 17 18 
4 23 5 15 31 
5 1 3 40 17 34 
3 8 9 12 
3 4 7 28 
3 19 6 4 
3 7 24 4 
2 4 29 
3 11 9 5 
3 24 15 7 
2 10 3 
4 17 42 9 7 
3 7 2 9 
3 29 25 13 
4 13 18 4 42 
5 21 41 1 38 6 

7 28 16 4 17 20 5 8 
8 4 11 26 18 23 33 6 5 
2 33 4 
19 26 18 3 31 22 42 24 1 6 2 27 8 29 7 35 5 16 11 30 
10 25 6 1 19 8 2 7 13 26 4 
18 14 4 5 38 15 17 9 27 29 7 10 39 2 13 16 30 32 12 
12 18 37 15 6 14 10 13 9 5 4 12 21 
15 21 19 38 1 34 41 10 33 4 5 29 23 22 12 9 
3 6 7 8 
6 11 6 36 7 20 8 
4 4 10 36 2 
5 35 8 31 7 6 
7 14 6 32 7 37 5 34 
7 42 6 15 13 36 24 7 
3 14 7 6 
10 17 35 27 6 28 25 1 40 4 38 
7 16 31 6 1 28 32 41 
7 4 19 25 7 22 2 20 
4 5 18 8 39 
6 10 37 1 24 18 21 
5 20 8 7 23 34 
5 4 18 8 39 30 
3 21 8 2 
3 20 14 4 
3 18 5 16 
4 40 4 5 2 
3 6 4 16 
3 1 16 17 
3 6 8 4 
3 6 22 4 
3 4 12 17 
3 17 6 13 
4 2 8 3 34 
5 33 13 8 37 21 
3 16 12 4 
3 11 10 14 
4 34 7 13 20 
3 16 6 8 
3 19 6 22 
2 16 26 
2 17 8 
2 4 14 

9 5 23 27 4 8 30 19 26 11 
16 40 36 22 8 7 4 10 14 9 6 20 32 25 39 5 35 
9 4 28 36 6 5 17 10 25 15 
7 1 2 20 6 12 3 7 
10 12 21 2 3 1 29 9 16 30 28 
11 37 21 9 42 7 3 18 23 4 2 31 
13 14 33 36 17 24 41 4 8 12 2 6 29 13 
10 1 17 22 7 38 41 2 11 13 10 
8 33 5 13 31 2 32 18 6 
6 11 2 3 41 8 16 
12 15 27 21 19 8 22 10 42 34 14 1 20 
6 32 5 35 4 39 7 
7 23 19 8 24 30 9 7 
5 2 15 7 38 11 
6 18 16 3 14 42 11 
3 10 5 15 
3 3 8 7 
6 15 9 37 40 35 6 
7 11 29 26 24 13 34 1 
4 11 2 4 33 
4 11 6 5 25 
5 8 2 11 26 40 
4 1 28 13 6 
3 13 19 7 
4 21 3 27 2 
3 22 19 1 
4 11 1 31 25 
4 38 5 3 23 
3 5 19 7 
3 13 5 1 
3 27 6 9 
3 2 12 9 
3 9 20 7 
2 11 19 
3 18 12 2 
3 3 7 2 
4 18 41 6 40 
3 14 8 28 
2 2 12 
5 18 22 2 42 37 
4 37 8 7 10 
4 6 40 11 15 

12 8 28 17 23 4 5 14 27 16 7 19 6 
3 20 13 4 
10 35 4 5 22 8 10 17 37 18 31 
18 1 30 9 7 6 8 18 11 3 2 5 36 10 23 15 19 27 40 
14 11 1 13 29 12 9 3 7 16 10 28 6 4 19 
16 20 4 11 5 1 26 42 37 32 9 39 25 30 14 40 31 
4 5 4 1 15 
15 31 41 4 1 23 33 27 25 3 13 17 38 24 35 22 
8 14 4 12 36 6 5 34 33 
6 21 5 16 4 3 34 
9 12 40 6 35 22 5 24 4 26 
4 5 9 38 11 
8 8 41 20 36 21 2 5 26 
6 15 32 18 9 6 1 
4 14 7 21 4 
6 5 10 28 37 1 42 
3 8 1 3 
4 14 3 39 4 
5 24 25 5 4 1 
3 13 6 2 
3 15 13 10 
4 8 3 29 11 
3 1 4 8 
3 19 11 8 
4 30 19 8 6 
4 11 13 6 29 
4 39 4 8 1 
3 16 5 1 
4 5 34 22 26 
3 25 4 6 
3 6 8 3 
2 14 6 
2 8 9 
3 9 10 29 
3 8 11 3 
4 4 37 13 9 
4 16 3 36 6 
3 12 39 8 
4 38 27 18 6 
3 6 4 11 
2 13 8 
2 16 6 

10 19 9 13 5 18 22 36 4 7 14 
7 17 26 5 8 10 7 4 
7 4 26 40 25 5 10 6 
21 1 17 24 3 13 32 34 2 6 29 20 11 7 22 14 9 18 28 15 16 12 
15 14 6 36 2 30 16 8 17 20 1 18 19 27 3 40 
12 3 8 31 13 15 11 35 24 4 27 5 12 
4 1 2 25 4 
12 2 9 16 6 23 10 11 34 39 42 31 5 
5 25 31 4 1 8 
10 21 3 33 8 12 42 30 2 35 37 
5 39 4 15 6 8 
6 41 22 21 6 10 4 
3 6 4 1 
5 1 21 33 5 4 
10 6 24 26 37 29 35 41 34 11 4 
4 8 4 19 5 
3 4 2 5 
7 1 30 20 4 5 39 28 
4 23 1 16 5 
4 5 28 18 4 
4 14 32 12 10 
4 12 4 1 23 
3 8 19 22 
7 15 33 4 29 38 27 6 
3 3 9 7 
4 2 15 36 3 
3 5 24 6 
5 41 20 4 18 38 
3 4 24 15 
6 10 32 18 33 5 34 
3 9 6 8 
3 30 21 4 
4 10 14 24 30 
4 30 4 15 8 
3 10 6 15 
4 42 5 26 1 
2 10 15 
2 24 28 
3 18 11 8 
2 5 3 
3 12 15 28 
3 10 8 36 

14 31 22 37 8 6 7 12 24 4 23 5 15 11 34 
3 38 25 4 
17 4 7 17 38 14 24 13 19 15 29 5 23 40 28 9 10 6 
11 5 27 1 21 11 35 3 28 12 6 2 
9 4 7 3 26 20 11 1 28 19 
12 3 17 8 35 1 40 32 4 16 27 9 10 
11 3 18 23 13 29 8 5 12 15 1 10 
6 34 9 1 22 6 7 
3 3 6 8 
11 3 41 37 40 16 7 36 21 35 13 6 
11 32 39 25 4 1 30 14 5 24 20 16 
9 41 4 21 27 17 14 1 7 29 
5 10 3 34 38 7 
4 11 33 12 3 
7 26 3 18 7 19 1 37 
5 6 11 22 10 26 
6 12 18 6 42 31 3 
5 15 42 7 30 17 
5 20 3 5 36 15 
3 5 11 19 
4 10 12 4 39 
4 8 16 25 1 
7 7 1 36 30 3 33 39 
5 11 3 1 31 41 
3 2 22 11 
3 15 5 16 
6 38 37 12 32 6 4 
3 5 3 4 
4 3 7 12 42 
3 18 11 23 
3 17 1 24 
3 27 11 6 
3 41 14 23 
3 8 13 1 
4 4 38 10 6 
3 10 19 23 
5 15 1 10 27 40 
5 13 2 3 35 27 
3 23 11 21 
4 37 6 3 10 
4 12 10 24 33 
3 18 17 29 

18 38 40 21 30 4 11 39 27 15 23 24 7 9 14 13 20 29 5 
4 4 41 6 16 
9 31 11 16 35 28 8 5 42 4 
12 1 30 39 2 10 42 12 3 5 31 6 18 
22 12 17 16 24 31 27 21 15 10 23 1 8 13 4 7 3 6 9 39 19 14 28 
15 36 13 11 12 33 2 9 17 5 20 41 7 4 34 32 
7 1 41 6 5 10 8 24 
5 5 3 7 19 32 
6 23 18 5 22 1 6 
5 35 21 5 7 4 
6 15 3 22 6 1 26 
8 5 4 26 29 19 14 6 37 
7 17 1 5 26 33 6 36 
6 5 20 38 12 34 1 
3 11 5 1 
3 3 5 2 
5 6 18 5 32 13 
5 17 4 9 40 22 
5 12 36 29 8 5 
6 37 6 28 14 1 25 
3 10 5 1 
4 18 9 34 11 
6 25 5 9 1 27 38 
4 5 1 25 7 
3 23 20 24 
3 11 13 12 
3 1 23 5 
4 5 3 33 20 
4 12 42 19 1 
3 32 1 4 
3 5 4 3 
4 17 8 6 30 
3 28 13 6 
3 14 22 6 
2 10 3 
3 13 6 19 
2 12 20 
3 14 1 23 
3 1 4 5 
2 18 1 
3 2 6 7 
3 4 3 29 

3 23 5 4 
7 4 24 16 5 17 41 10 
8 4 6 9 13 34 7 15 26 
24 27 7 25 39 19 36 5 33 38 28 9 1 3 35 18 26 13 2 11 8 12 6 34 31 
9 8 9 1 6 7 4 16 2 11 
8 4 21 24 37 3 18 5 11 
9 10 24 3 20 4 5 12 8 19 
6 20 7 33 40 4 5 
8 10 17 12 3 14 20 5 4 
10 35 42 32 27 17 13 14 9 7 2 
10 32 22 4 29 5 36 42 25 6 33 
9 30 4 14 16 29 22 9 39 7 
7 15 3 37 22 4 10 32 
6 15 12 9 39 10 38 
6 13 30 21 41 3 14 
5 2 5 23 12 18 
7 2 29 30 10 9 19 21 
4 25 6 4 16 
6 41 26 4 17 37 7 
4 23 9 7 8 
3 15 17 6 
3 13 12 11 
6 20 16 1 40 27 28 
3 7 6 2 
4 18 11 4 42 
5 4 19 33 30 3 
4 23 4 10 35 
2 4 23 
3 12 11 17 
4 17 15 12 26 
1 4 
3 11 13 10 
5 8 26 4 11 37 
3 4 3 40 
3 27 4 10 
2 11 4 
4 19 13 33 6 
2 14 4 
3 14 12 4 
3 8 34 23 
3 19 15 2 
3 25 11 10 

10 5 9 19 7 4 25 34 6 12 8 
7 4 32 11 15 7 8 5 
2 6 4 
23 6 29 41 11 16 8 1 3 10 9 31 22 2 17 35 5 28 39 15 7 14 20 30 
6 2 4 1 40 19 12 
8 4 13 35 10 3 1 23 11 
13 22 14 33 2 1 4 17 18 27 26 13 16 32 
10 33 12 13 2 1 14 4 10 26 9 
3 8 4 1 
5 37 6 8 4 15 
4 4 2 6 40 
6 8 30 5 1 29 23 
7 6 7 8 22 21 32 18 
14 27 35 4 28 18 20 19 26 25 8 17 42 7 39 
7 34 16 10 2 21 24 4 
9 25 7 33 41 4 15 27 38 31 
4 34 4 7 14 
5 29 13 7 21 14 
5 23 14 20 1 5 
4 14 19 36 4 
6 24 36 15 37 18 13 
4 7 41 4 13 
3 19 6 12 
3 42 15 21 
5 14 28 16 35 1 
5 7 31 36 8 14 
4 14 34 7 16 
3 25 14 4 
3 18 4 12 
3 4 12 31 
4 30 16 26 4 
4 38 13 7 2 
3 8 16 7 
4 1 15 27 17 
4 25 4 6 14 
4 20 21 40 26 
2 21 10 
2 32 16 
2 4 14 
3 36 5 11 
3 22 4 16 
2 24 14 

6 9 12 8 4 6 11 
11 37 7 19 10 34 13 5 39 8 36 4 
4 27 4 22 5 
18 14 5 15 38 11 35 25 39 23 3 19 16 17 10 6 12 1 2 
10 6 15 28 19 20 2 40 7 3 4 
15 25 27 28 10 1 15 4 13 14 9 29 11 5 7 42 
20 9 23 26 31 32 6 36 12 34 2 29 16 8 27 14 5 13 17 20 24 
6 33 2 21 1 7 25 
8 6 24 7 30 1 17 34 22 
4 6 4 30 2 
6 1 4 18 6 21 23 
7 4 16 1 7 38 26 32 
4 6 7 28 2 
8 4 7 33 36 6 21 29 22 
4 6 18 4 5 
6 26 7 4 18 12 37 
3 7 9 4 
10 16 39 42 15 31 41 30 33 11 32 
5 41 5 2 4 20 
3 5 7 19 
3 11 14 8 
3 9 14 3 
5 24 7 30 11 4 
5 28 23 9 38 7 
3 8 6 4 
4 31 12 16 7 
3 3 6 7 
4 6 24 13 5 
4 7 14 40 6 
4 18 9 23 10 
5 42 18 38 7 26 
6 42 12 7 37 18 36 
3 14 18 8 
3 9 2 7 
2 4 39 
4 2 7 14 32 
3 16 32 2 
4 31 4 12 24 
4 2 18 4 35 
2 29 5 
2 19 18 
4 31 32 18 6 

4 29 5 13 4 
2 4 30 
9 4 40 6 36 26 28 11 5 9 
23 10 6 27 38 17 21 5 8 40 7 19 18 2 34 23 37 11 20 28 1 13 42 3 
11 32 4 25 7 12 1 3 39 8 6 33 
12 36 35 23 4 5 3 13 7 25 9 22 38 
14 15 8 6 9 20 19 5 26 10 4 33 14 24 30 
15 18 38 10 11 4 5 29 28 15 37 41 32 7 17 19 
5 6 14 7 3 12 
13 31 16 22 32 40 17 41 7 8 14 4 12 42 
7 31 3 4 8 21 27 18 
5 31 10 5 9 16 
6 23 34 6 35 4 1 
5 39 7 9 15 10 
7 25 20 7 30 14 16 8 
8 12 21 29 34 10 15 27 42 
3 4 8 10 
4 22 4 8 11 
5 7 24 26 8 4 
3 4 15 7 
3 4 11 16 
5 6 10 24 18 40 
4 13 35 6 4 
3 22 7 19 
4 38 5 6 15 
3 7 19 3 
3 11 4 16 
5 35 31 3 4 8 
3 1 16 8 
5 37 7 2 15 40 
4 12 11 28 10 
3 5 8 10 
2 5 7 
3 4 13 16 
4 28 13 6 23 
2 3 6 
3 4 30 8 
5 8 4 42 25 6 
3 5 14 41 
5 3 4 10 30 22 
3 8 10 39 
4 10 38 16 4 

2 4 9 
6 41 4 24 25 7 5 
13 6 4 19 10 27 23 12 11 8 16 36 14 5 
19 5 24 14 19 13 6 38 2 39 27 34 15 3 7 22 20 8 1 18 
10 19 7 39 3 6 15 4 2 8 9 
11 5 3 14 4 26 33 17 40 25 37 42 
9 35 11 16 31 4 2 12 9 5 
8 4 23 20 18 10 15 5 3 
11 28 30 1 20 13 41 36 7 5 21 10 
7 11 3 13 9 28 33 8 
16 34 17 22 27 12 10 7 29 16 32 3 30 40 41 21 18 
10 7 21 37 23 3 11 29 17 34 38 
3 10 9 4 
4 6 35 3 4 
3 8 4 5 
4 7 32 11 3 
6 24 29 42 6 11 12 
4 8 28 4 11 
4 5 3 40 4 
3 8 9 4 
3 12 9 11 
2 11 4 
4 3 8 12 24 
4 4 23 2 17 
2 2 6 
2 33 6 
4 4 3 41 11 
4 9 36 10 18 
4 35 12 17 11 
2 11 9 
2 37 7 
2 16 11 
3 6 10 26 
3 12 11 4 
4 39 7 29 14 
3 28 9 3 
3 31 12 6 
2 4 12 
3 5 4 35 
3 11 19 6 
4 2 11 27 9 
2 17 6 

11 16 22 4 5 23 14 41 32 6 13 24 
8 8 11 9 17 16 24 4 36 
19 11 18 10 5 16 4 32 7 6 9 21 8 36 20 15 27 38 28 14 
9 1 7 8 3 5 22 12 2 30 
11 25 1 3 29 10 4 6 21 26 19 33 
13 11 31 9 19 29 1 15 26 23 3 13 7 5 
7 39 4 18 6 20 13 3 
14 10 31 28 3 40 15 39 14 24 19 2 4 36 20 
7 40 22 3 6 12 2 27 
7 42 17 38 12 3 5 8 
5 23 2 6 3 34 
7 4 10 35 30 18 34 9 
4 7 41 6 1 
4 17 8 3 1 
6 35 3 8 6 21 29 
7 2 3 1 34 25 37 27 
6 30 14 32 40 10 2 
7 38 28 12 25 3 41 7 
3 5 6 8 
7 22 33 8 7 3 26 37 
4 3 15 5 31 
5 20 9 1 4 25 
4 32 6 1 11 
5 38 26 2 8 1 
5 18 5 30 22 16 
4 6 5 20 24 
5 3 16 36 9 42 
4 18 3 31 8 
4 15 5 39 6 
4 4 12 25 17 
4 6 8 21 28 
5 3 1 17 35 23 
2 5 20 
3 11 12 16 
3 15 32 12 
4 8 3 2 27 
2 20 16 
4 3 24 10 18 
3 8 7 29 
3 17 9 8 
3 13 1 18 
2 27 10 

13 4 28 6 31 18 24 21 17 42 27 7 14 5 
4 19 4 9 28 
14 15 13 5 39 7 24 33 12 6 21 34 4 27 28 
16 6 30 36 26 22 41 2 11 14 1 5 20 8 3 7 40 
9 26 1 15 22 8 4 34 9 3 
10 24 10 34 16 15 1 4 12 8 3 
12 30 33 10 16 3 26 25 4 31 11 9 1 
5 10 4 20 6 5 
7 2 13 19 14 35 5 7 
5 7 6 11 8 41 
8 38 29 19 12 4 23 10 7 
6 13 6 32 11 3 40 
10 9 22 37 20 3 17 36 18 16 12 
4 23 4 1 9 
5 35 5 18 3 6 
5 7 13 17 29 6 
5 13 25 1 29 16 
3 1 13 15 
6 37 11 33 9 42 2 
4 8 13 33 4 
4 3 37 35 1 
3 13 5 4 
3 14 11 26 
3 6 1 3 
3 17 7 42 
4 5 23 7 4 
2 1 3 
4 3 31 2 1 
3 17 11 16 
2 7 4 
3 1 28 7 
1 12 
4 7 3 19 20 
4 3 6 39 5 
3 9 15 21 
2 13 4 
3 19 13 21 
1 11 
2 3 34 
2 4 12 
2 4 10 
3 19 25 1 

3 18 5 4 
6 22 15 4 28 17 23 
13 35 4 7 5 42 17 16 29 6 33 30 28 27 
18 42 14 21 3 1 12 5 11 29 2 19 41 9 8 13 18 6 10 
16 23 14 3 7 9 8 1 12 15 31 4 6 11 21 10 41 
12 37 24 27 3 5 4 17 11 15 16 33 7 
12 8 3 6 24 27 12 5 40 19 30 36 38 
10 13 20 34 10 9 5 4 7 38 26 
3 8 4 5 
6 26 8 36 5 32 4 
8 5 19 6 4 34 31 13 22 
4 7 5 4 22 
8 24 20 8 14 39 4 23 11 
5 16 13 4 35 5 
6 6 39 25 5 2 34 
6 18 14 20 25 6 3 
3 3 2 6 
3 16 4 1 
9 7 4 36 30 21 32 42 11 37 
5 8 32 16 13 23 
9 35 37 27 39 38 4 25 19 5 
3 12 11 2 
5 5 20 2 13 42 
3 7 13 6 
3 16 21 15 
2 8 10 
4 6 3 21 7 
4 2 3 33 31 
2 3 4 
3 3 19 7 
4 28 5 11 40 
3 10 20 19 
4 41 3 6 28 
3 8 11 15 
4 21 38 14 3 
3 19 10 7 
3 6 21 19 
5 39 21 8 35 7 
4 15 21 13 38 
2 31 7 
3 33 4 5 
4 23 19 3 4 

7 14 10 11 4 32 34 8 
8 14 5 19 6 4 15 8 9 
6 5 19 20 6 4 7 
17 23 5 3 8 12 7 6 26 20 11 22 38 2 18 1 9 37 
10 4 34 3 7 42 11 2 26 24 28 
7 21 13 40 42 4 2 3 
13 10 16 33 24 12 4 31 40 42 22 29 5 3 
10 35 29 25 2 1 16 9 4 10 19 
7 2 4 21 8 15 17 28 
5 12 7 1 39 8 
10 25 30 1 20 22 4 5 31 13 23 
6 10 13 28 17 4 7 
7 12 6 11 40 14 30 16 
4 15 2 1 13 
5 18 27 14 9 2 
3 13 8 7 
2 12 9 
4 29 15 39 4 
3 3 2 8 
4 3 21 11 4 
5 20 25 9 6 30 
5 26 7 11 4 40 
2 4 11 
2 7 5 
6 33 8 11 38 32 21 
3 22 5 4 
5 36 32 28 15 41 
5 12 9 27 5 31 
4 18 35 8 7 
5 21 13 37 11 40 
3 28 11 7 
3 1 27 25 
3 25 7 37 
2 1 5 
2 29 8 
1 27 
3 4 33 30 
2 4 25 
3 10 42 18 
5 13 6 30 22 7 
1 27 
4 6 5 7 39 

2 29 4 
6 4 38 13 33 5 20 
14 9 28 16 19 24 5 21 6 11 37 17 10 4 31 
15 30 3 8 10 1 2 15 12 23 6 22 17 7 42 5 
14 13 20 2 17 8 4 9 7 6 34 25 11 3 18 
7 7 20 5 3 12 39 4 
10 40 24 6 8 18 14 35 4 5 15 
13 18 28 27 24 16 4 23 7 41 21 5 31 9 
9 26 28 13 3 32 8 12 5 10 
7 34 9 4 3 15 11 26 
7 25 22 21 14 5 3 10 
9 9 34 26 37 36 39 14 4 6 
4 5 27 2 9 
6 12 23 7 19 40 11 
3 10 7 4 
4 18 17 8 3 
7 3 16 30 35 4 5 27 
6 16 39 5 7 36 8 
4 33 3 14 32 
5 6 21 2 5 26 
7 36 8 3 27 35 20 11 
5 4 29 41 23 11 
9 22 37 31 8 24 25 4 38 14 
6 8 23 3 41 36 7 
4 5 41 11 23 
5 10 12 33 9 20 
6 8 13 37 21 34 17 
3 3 9 8 
2 22 1 
2 4 17 
4 23 8 3 32 
3 9 31 19 
3 2 26 19 
5 10 39 5 27 12 
4 38 21 17 7 
4 24 12 21 18 
4 12 27 3 23 
3 23 35 2 
4 34 6 18 12 
2 14 7 
4 25 8 24 22 
1 4 

6 4 6 32 31 22 14 
7 15 35 5 39 4 41 38 
12 10 16 9 7 27 22 34 4 5 20 8 35 
19 25 9 6 3 24 7 10 36 23 12 2 1 5 22 8 15 42 29 26 
13 12 2 24 4 28 41 3 6 19 30 11 8 18 
18 29 9 1 20 33 32 7 15 34 18 24 4 11 17 13 5 37 21 
8 31 3 4 29 36 10 17 6 
6 4 5 3 11 14 30 
3 6 4 3 
3 4 3 7 
9 16 27 23 6 26 8 5 12 13 
7 11 42 5 13 19 16 4 
8 11 28 12 14 6 36 21 25 
3 13 1 8 
6 27 16 6 4 2 30 
5 3 33 11 15 12 
5 7 25 6 35 41 
3 19 6 5 
5 41 5 18 40 12 
5 38 35 36 6 3 
7 13 6 33 39 29 22 36 
8 29 31 42 21 1 3 32 4 
2 4 11 
5 4 6 42 32 5 
3 4 17 13 
2 4 11 
3 11 15 3 
2 5 13 
6 22 21 4 30 7 6 
4 8 29 15 5 
3 22 1 7 
4 24 22 6 1 
3 16 21 6 
2 6 3 
5 3 17 20 37 2 
6 20 21 4 7 38 13 
2 6 35 
3 20 2 36 
2 2 21 
1 19 
4 17 19 5 2 
4 24 22 12 4 

9 6 12 15 9 40 16 4 7 26 
18 30 17 13 22 31 7 19 10 9 27 24 41 14 4 6 23 5 20 
2 4 5 
17 11 24 6 32 16 18 25 8 2 10 5 13 3 34 41 39 1 
6 3 30 4 2 37 8 
13 2 1 26 14 38 9 8 4 11 39 12 31 7 
8 41 1 21 6 2 32 11 23 
4 4 5 22 6 
9 1 37 10 2 12 6 30 40 33 
9 42 4 17 2 14 29 15 23 9 
6 13 40 4 16 6 7 
7 1 29 20 21 15 9 6 
3 4 11 2 
7 17 19 25 10 2 6 18 
6 33 21 12 10 30 1 
4 20 4 1 11 
6 2 10 14 27 40 38 
4 23 14 26 4 
2 14 2 
3 2 16 12 
6 15 37 7 39 12 28 
3 2 8 37 
7 38 18 33 2 10 32 7 
2 2 4 
4 14 34 40 4 
3 18 6 1 
2 2 17 
3 35 21 40 
2 12 10 
5 5 2 9 31 15 
3 30 6 2 
3 7 4 23 
3 15 23 9 
4 39 25 42 4 
1 28 
0 
4 21 22 5 9 
4 6 23 41 17 
4 6 21 34 4 
6 25 9 11 17 28 1 
4 38 7 2 4 
2 10 34 

11 29 25 22 30 31 4 7 5 19 36 10 
12 19 9 7 10 4 35 36 6 39 28 18 21 
16 8 15 6 12 16 24 32 39 26 33 41 4 37 20 5 7 
11 16 1 42 3 6 2 5 9 8 17 31 
9 8 18 1 4 9 17 10 26 3 
9 4 14 2 3 17 11 30 15 19 
10 2 1 38 3 12 14 11 34 23 37 
9 38 5 3 27 15 33 24 4 13 
9 11 16 21 13 23 5 27 2 4 
4 2 12 5 1 
9 30 13 9 6 18 25 14 23 7 
3 3 10 7 
11 11 9 18 8 19 38 33 28 34 35 32 
8 37 18 11 6 7 28 21 33 
7 39 8 6 27 3 29 25 
7 4 9 42 20 24 3 17 
6 4 6 35 16 34 5 
6 5 11 13 19 14 2 
6 13 6 2 18 1 22 
4 25 3 27 16 
5 2 14 31 35 9 
2 19 1 
3 7 9 11 
4 36 16 8 3 
7 1 28 36 15 11 26 20 
3 5 25 3 
4 20 9 8 15 
4 14 13 25 2 
2 15 1 
3 1 6 11 
3 1 4 21 
3 3 42 13 
5 14 8 36 13 3 
3 7 13 17 
4 17 13 2 21 
6 38 25 2 1 33 24 
3 14 3 7 
4 13 7 8 36 
3 15 3 2 
0 
1 3 
3 32 4 16 

3 4 36 12 
13 5 10 26 17 19 23 24 20 4 30 42 22 16 
10 26 25 4 5 10 37 33 6 11 12 
15 6 28 20 27 2 5 21 1 8 3 16 34 35 7 31 
23 8 4 25 41 13 19 11 29 14 23 7 15 28 22 2 42 21 3 12 9 24 6 18 
10 16 3 7 15 34 22 9 5 8 4 
10 23 18 38 6 4 17 5 11 36 41 
8 6 9 5 10 18 4 20 36 
8 8 14 5 17 31 6 38 37 
4 8 3 32 2 
3 3 5 7 
5 25 22 3 1 5 
1 5 
6 21 5 20 28 9 26 
4 6 5 39 27 
3 2 6 4 
6 29 22 20 2 9 7 
7 7 29 5 31 28 33 8 
5 5 2 35 32 38 
5 2 4 14 8 17 
5 24 5 4 41 14 
7 17 5 42 6 2 32 12 
3 5 7 2 
3 5 2 21 
4 3 5 12 37 
4 35 2 3 14 
3 15 34 4 
5 14 42 18 5 4 
3 17 18 5 
1 2 
4 4 18 9 36 
3 19 22 10 
3 3 18 34 
4 4 27 33 6 
4 40 26 4 19 
5 8 1 41 7 31 
3 9 25 3 
4 7 9 40 19 
2 40 15 
3 35 38 39 
4 21 36 5 7 
4 5 28 22 2 

7 10 4 19 6 13 9 42 
18 26 35 9 31 39 13 5 11 8 37 6 4 16 29 18 20 14 19 
9 8 21 29 4 5 12 6 17 10 
14 12 2 3 1 20 8 7 34 10 14 16 17 28 5 
20 16 36 26 15 33 23 28 12 24 22 13 7 38 21 34 9 3 31 4 2 
9 15 3 23 40 41 7 2 36 1 
4 24 6 5 4 
7 11 26 15 2 4 42 3 
4 5 1 2 17 
3 1 4 3 
5 8 19 13 2 21 
11 31 39 13 3 29 26 5 14 30 32 4 
9 15 11 12 25 1 40 35 5 2 
4 35 4 2 12 
4 8 6 13 5 
3 4 5 2 
4 27 4 9 3 
1 2 
4 33 2 1 11 
2 2 4 
3 5 3 11 
1 5 
7 6 42 39 29 40 5 24 
4 23 33 7 5 
1 13 
5 2 27 12 5 8 
5 34 28 26 17 41 
5 27 4 30 5 32 
4 3 12 23 2 
2 12 28 
4 2 38 5 12 
2 12 28 
4 24 19 37 5 
3 27 4 5 
4 13 14 2 39 
2 5 6 
3 40 33 2 
2 5 31 
4 2 35 12 23 
4 37 6 23 13 
2 6 27 
3 1 8 23 

4 20 4 6 5 
20 12 16 23 32 4 8 27 6 10 14 7 40 9 5 42 11 33 13 30 31 
6 29 18 4 21 9 12 
14 5 37 8 11 24 3 1 2 13 7 41 14 15 21 
15 1 17 16 9 11 35 12 24 2 26 25 6 7 8 4 
3 1 2 5 
11 38 4 5 16 34 2 28 25 21 37 10 
7 4 20 15 5 2 35 18 
3 3 5 2 
6 11 20 2 7 14 27 
11 22 5 35 2 32 30 10 33 4 38 18 
4 5 3 21 2 
2 4 2 
7 32 10 30 29 4 18 2 
4 4 30 37 8 
5 2 7 5 19 36 
1 5 
5 39 11 8 14 3 
1 16 
7 1 25 31 38 8 10 42 
7 4 7 27 22 28 12 3 
4 21 23 11 25 
4 22 2 24 34 
6 4 23 27 5 32 25 
5 22 24 7 20 5 
3 39 40 5 
4 10 2 21 24 
4 7 40 21 41 
4 33 3 14 37 
4 2 15 11 14 
2 2 20 
4 11 14 2 24 
3 2 29 11 
3 23 7 35 
4 34 5 11 8 
1 16 
4 7 15 4 29 
4 41 11 7 20 
2 26 18 
3 26 28 2 
3 28 38 4 
2 2 20 

4 39 5 25 4 
13 8 41 12 35 21 40 17 42 14 23 4 6 5 
10 13 4 27 5 24 10 7 6 9 11 
19 8 26 41 2 12 22 25 34 27 18 28 1 20 33 16 15 6 7 3 
11 42 18 1 7 13 2 22 3 19 24 16 
7 9 2 3 31 26 4 29 
12 14 15 4 12 16 13 3 23 8 10 34 5 
3 4 2 7 
10 29 28 15 6 25 33 17 3 10 22 
6 7 3 9 19 40 13 
6 38 26 31 3 18 17 
4 39 2 4 7 
7 3 27 10 23 7 14 5 
5 7 2 34 24 13 
3 7 4 9 
4 4 5 19 7 
5 2 32 11 9 19 
8 4 26 41 5 22 11 27 30 
12 23 34 16 17 28 5 10 42 30 39 20 22 
3 19 37 4 
2 2 29 
5 19 5 9 18 4 
4 19 2 13 7 
6 32 14 38 3 5 31 
4 9 33 1 4 
4 6 18 4 11 
5 13 18 3 35 4 
4 36 4 19 9 
5 36 42 6 9 21 
3 18 19 39 
3 6 24 11 
3 24 17 41 
3 9 25 4 
5 7 19 4 36 14 
2 27 2 
3 29 34 28 
1 20 
3 11 40 24 
4 30 12 19 1 
3 2 10 38 
4 32 2 18 4 
4 5 2 19 29 

2 4 15 
12 7 16 4 6 38 27 13 29 5 12 23 15 
5 4 16 23 10 5 
22 32 22 13 9 39 21 17 6 11 5 30 8 2 28 3 12 16 7 40 10 18 1 
9 8 3 27 2 21 4 6 9 11 
11 27 2 11 5 22 14 8 7 4 25 40 
3 4 2 6 
9 35 6 11 21 9 41 25 4 5 
15 14 18 34 19 32 17 5 40 11 24 15 10 8 4 38 
3 4 9 3 
6 6 23 9 4 8 5 
3 30 2 4 
7 2 31 4 32 21 36 26 
3 9 6 36 
5 1 2 9 39 19 
8 20 4 37 17 33 30 2 3 
7 29 35 38 16 37 4 9 
2 9 4 
3 15 20 9 
3 22 19 16 
4 8 13 5 4 
3 4 6 20 
4 2 3 11 28 
3 9 38 27 
2 6 8 
2 13 29 
8 2 24 6 36 37 28 5 30 
3 23 4 27 
5 26 2 31 33 17 
7 27 16 42 12 39 32 4 
2 29 13 
4 13 30 9 4 
2 16 29 
1 9 
2 8 17 
4 27 40 13 14 
3 17 16 27 
4 17 9 24 2 
3 15 30 4 
4 36 4 6 9 
1 8 
1 30 

10 39 9 10 17 5 24 28 32 4 21 
5 5 7 4 13 23 
15 35 9 22 4 30 12 8 42 28 11 10 6 33 26 18 
18 19 27 8 25 37 35 14 36 13 5 2 15 33 6 3 7 40 1 
9 6 12 1 2 29 31 4 7 38 
3 4 3 5 
4 2 5 4 34 
11 9 29 13 3 19 14 4 41 12 24 33 
12 19 24 14 39 20 3 28 22 1 8 34 10 
6 9 1 26 3 36 32 
6 35 39 19 30 3 17 
4 17 3 5 8 
4 4 33 2 8 
7 4 8 20 9 28 15 26 
5 4 36 31 14 23 
5 21 31 18 42 38 
5 11 12 18 36 1 
4 17 16 3 20 
5 11 9 41 4 8 
4 14 18 24 9 
2 16 1 
6 3 9 29 34 38 25 
3 15 42 2 
6 8 1 20 25 30 9 
7 31 4 22 32 24 37 26 
4 25 10 3 14 
1 4 
4 14 1 3 9 
6 22 8 40 5 35 41 
3 24 3 11 
5 15 16 33 25 5 
3 1 25 10 
8 42 8 4 13 31 37 3 35 
3 9 7 22 
5 29 4 33 3 11 
5 37 4 15 10 17 
4 25 4 33 36 
3 16 5 22 
3 9 1 11 
2 4 29 
3 19 8 29 
4 33 3 23 16 

11 5 12 4 33 22 17 27 36 8 7 6 
9 14 16 4 22 15 17 10 8 6 
15 39 30 5 4 18 23 19 6 12 24 25 11 40 38 34 
7 1 5 3 2 10 40 7 
3 1 3 4 
11 34 22 12 8 28 2 11 1 41 16 3 
5 4 11 31 1 14 
10 9 37 10 27 16 6 20 1 2 15 
4 39 18 19 8 
8 2 29 8 27 4 13 26 16 
11 22 3 6 42 32 21 23 14 7 38 35 
3 6 1 3 
9 38 20 19 39 10 29 21 17 24 
7 11 31 2 34 7 15 26 
5 8 2 40 14 17 
4 10 6 8 2 
9 20 15 36 23 24 18 13 2 1 
3 9 3 17 
5 9 34 25 3 13 
3 8 17 13 
3 11 13 25 
5 30 6 1 2 11 
3 3 11 17 
4 3 17 32 13 
4 30 3 21 19 
2 14 10 
4 1 33 8 10 
2 6 37 
3 36 10 13 
4 22 3 41 25 
2 7 14 
3 11 40 24 
2 1 27 
4 3 6 14 19 
1 11 
3 1 17 29 
2 8 28 
3 11 13 3 
4 9 13 3 41 
4 4 15 3 32 
4 42 39 30 6 
2 41 11 

1 4 
4 4 5 7 15 
11 33 5 6 4 10 11 8 31 19 13 27 
3 1 2 3 
15 37 28 34 25 13 17 24 9 32 11 3 26 10 2 35 
14 15 3 19 23 36 12 16 30 11 41 8 18 9 7 
6 9 6 20 2 14 19 
5 27 23 38 6 3 
11 33 6 32 26 31 24 5 42 7 13 28 
6 22 29 5 42 20 3 
6 13 15 6 3 5 31 
3 6 39 36 
8 33 14 3 5 26 11 31 9 
3 13 7 29 
7 42 2 21 11 18 16 6 
8 21 40 15 30 6 25 32 28 
3 21 20 5 
2 15 6 
3 7 6 3 
3 17 10 7 
3 17 15 16 
4 38 27 10 41 
4 34 29 6 8 
2 9 5 
4 5 16 39 35 
4 5 37 9 13 
3 3 22 8 
3 5 16 9 
3 14 10 23 
2 6 16 
4 13 11 9 3 
3 9 16 5 
4 3 37 13 9 
3 5 23 35 
3 34 25 5 
2 12 6 
3 5 26 33 
2 22 8 
2 12 25 
2 16 41 
3 40 22 6 
3 15 9 10 

8 5 11 6 4 38 12 13 18 
10 20 18 8 15 6 10 4 22 39 31 
0 
15 29 39 1 8 9 2 10 11 26 23 37 7 12 6 5 
12 16 18 6 7 14 1 15 4 41 9 38 19 
11 1 26 4 40 17 5 13 19 34 8 2 
5 14 25 4 9 5 
11 2 21 4 24 6 31 10 32 16 15 30 
8 4 7 37 5 35 22 20 11 
8 33 4 21 20 2 17 8 12 
10 17 28 35 36 12 4 34 9 1 22 
12 10 24 13 1 4 25 29 11 18 38 14 27 
4 26 1 6 12 
4 23 5 7 12 
5 5 8 16 2 38 
5 8 5 39 42 15 
15 28 21 39 41 29 18 34 42 11 24 10 32 30 22 6 
6 2 17 5 28 12 1 
4 6 5 20 23 
4 10 9 2 19 
4 8 31 17 10 
4 17 9 11 2 
4 4 14 19 25 
3 8 17 12 
6 23 7 32 37 33 12 
7 6 27 13 35 4 41 30 
3 42 26 12 
3 17 18 11 
3 4 17 12 
4 8 17 40 26 
3 2 21 8 
4 17 25 8 36 
3 36 25 10 
4 17 40 6 11 
3 26 9 11 
3 11 32 33 
3 9 4 25 
4 1 12 5 15 
4 2 17 16 4 
3 30 6 34 
3 26 17 5 
3 17 16 27 

10 32 18 35 34 12 5 11 4 17 6 
0 
4 15 5 4 32 
15 17 36 6 37 42 23 1 5 3 11 7 9 35 28 13 
14 1 14 19 12 24 23 26 4 30 17 3 7 16 10 
7 13 10 9 8 1 7 4 
21 5 26 39 25 41 33 12 9 42 6 22 29 21 4 19 30 8 11 17 34 31 
4 7 35 6 14 
6 14 4 7 6 21 16 
3 6 5 24 
7 29 7 20 16 1 4 41 
8 15 18 27 19 1 5 7 32 
3 6 38 4 
6 30 8 22 31 9 5 
3 12 3 40 
4 11 5 28 9 
4 1 4 5 7 
10 37 12 21 20 25 1 34 36 26 27 
5 23 5 12 41 7 
4 33 18 11 29 
7 36 9 25 7 40 18 24 
4 14 27 7 32 
4 5 4 19 38 
4 10 21 35 5 
3 21 18 7 
4 7 5 33 18 
5 18 37 22 12 28 
3 16 27 4 
3 7 11 20 
3 14 5 7 
3 14 7 34 
4 3 1 12 22 
3 26 7 20 
5 18 40 7 1 31 
5 1 8 42 4 24 
3 21 4 18 
4 27 18 4 39 
2 23 13 
2 37 7 
3 15 21 34 
3 7 19 11 
3 4 7 35 

0 
11 9 4 39 19 26 12 7 16 31 8 5 
15 10 40 36 33 7 22 35 32 9 4 23 20 14 6 8 
9 31 5 3 16 15 13 29 2 40 
10 4 2 38 6 13 7 42 17 9 31 
8 5 3 10 21 19 17 8 26 
11 2 27 37 39 30 21 24 5 3 13 12 
8 2 20 18 3 6 11 15 10 
10 14 39 2 11 3 20 22 28 5 37 
9 6 29 14 8 25 24 3 21 28 
11 40 33 35 26 9 16 8 15 25 41 23 
4 22 7 24 2 
5 5 4 29 41 7 
4 9 3 10 19 
4 8 4 18 11 
4 11 23 2 4 
4 6 5 32 38 
3 27 8 15 
5 2 30 14 6 34 
3 9 3 8 
4 30 10 7 6 
6 37 3 12 36 25 9 
6 33 16 11 34 27 3 
5 38 10 7 12 42 
3 11 10 22 
3 11 2 6 
5 36 18 23 28 7 
3 10 9 27 
3 13 4 10 
3 19 21 7 
3 5 2 4 
2 3 17 
3 23 3 11 
3 42 19 23 
2 11 3 
3 22 27 3 
3 22 7 9 
3 24 17 5 
4 7 41 9 2 
3 4 11 3 
3 13 11 39 
3 34 5 24 

11 29 17 6 5 24 37 12 16 14 7 4 
5 15 22 5 4 41 
8 32 6 13 4 40 12 16 30 
17 26 6 18 2 39 24 34 13 8 5 3 19 7 1 21 9 23 
13 36 10 2 29 28 4 1 13 8 9 11 31 21 
16 10 3 42 1 38 4 11 9 25 7 34 23 19 15 21 8 
11 1 18 6 33 17 30 20 4 10 12 11 
4 6 34 5 4 
7 35 6 27 15 4 14 5 
7 7 5 31 20 17 23 6 
3 7 5 6 
6 1 16 40 7 3 26 
6 19 25 4 3 14 5 
3 1 13 9 
4 2 6 28 9 
10 1 18 12 25 20 24 35 3 22 37 
6 27 10 1 42 7 38 
3 7 16 4 
5 6 41 13 4 36 
5 7 16 33 22 10 
4 4 6 26 5 
3 16 2 20 
7 32 10 28 6 36 30 4 
3 4 16 1 
6 31 16 13 6 27 40 
3 21 12 4 
4 17 9 29 25 
5 5 41 38 23 15 
6 5 27 32 37 39 1 
4 7 23 35 3 
3 10 25 5 
4 33 29 23 3 
3 7 20 32 
3 8 6 4 
5 30 42 9 16 39 
3 23 5 19 
3 29 1 16 
3 17 6 28 
3 29 35 4 
3 3 25 12 
3 19 2 28 
3 6 35 17 

9 7 32 5 6 15 9 4 16 14 
7 36 12 5 4 25 41 15 
9 21 7 25 30 38 4 16 26 41 
11 41 2 28 1 8 12 17 6 3 5 22 
13 4 10 26 7 23 30 33 31 2 6 19 1 12 
14 4 11 38 39 1 24 36 8 27 40 22 5 42 32 
11 31 22 5 20 8 1 10 40 13 9 3 
20 23 6 25 16 7 4 34 20 13 18 24 14 9 21 11 26 37 38 15 33 
8 14 1 11 19 10 7 8 13 
3 5 9 7 
3 6 9 8 
5 33 5 2 4 24 
5 20 17 8 9 7 
5 29 34 1 8 9 
6 1 19 2 8 34 18 
9 29 8 35 18 36 37 3 1 17 
5 16 28 23 13 4 
3 15 8 16 
4 9 5 15 21 
3 7 8 13 
6 32 40 19 29 8 3 
4 6 35 7 4 
6 27 28 31 5 8 17 
3 8 6 12 
3 3 2 8 
4 5 27 8 3 
4 30 26 23 6 
3 23 4 17 
6 37 42 14 35 21 16 
3 27 3 5 
4 39 5 23 7 
3 21 6 1 
4 12 42 8 5 
3 8 15 14 
3 16 29 22 
3 2 16 6 
4 16 39 29 8 
3 6 3 8 
3 6 37 31 
3 21 6 7 
3 4 3 2 
3 29 6 33 

10 7 11 8 4 13 28 33 39 26 10 
6 23 13 4 15 14 5 
8 42 33 15 12 5 6 4 30 
17 29 20 6 5 15 1 3 7 30 13 10 12 2 37 14 35 9 
7 2 31 3 26 4 25 6 
14 21 5 4 42 25 30 24 31 23 9 33 8 3 7 
10 40 9 1 22 27 11 19 4 8 6 
8 19 1 38 7 6 16 12 18 
9 6 38 4 18 7 16 11 21 10 
5 39 1 4 34 9 
7 35 16 41 1 7 14 9 
5 17 3 4 22 8 
9 34 25 2 37 36 19 1 4 17 
4 4 17 2 11 
5 3 18 2 29 4 
10 42 40 32 11 8 21 28 20 9 24 
4 12 13 14 24 
5 15 28 8 9 34 
6 20 38 8 27 7 13 
4 16 4 23 19 
8 37 31 6 35 22 26 9 16 
4 7 27 12 21 
3 20 2 6 
5 6 16 32 29 17 
3 13 6 5 
4 5 32 1 21 
3 22 19 7 
4 39 18 16 1 
5 15 24 41 4 40 
3 4 6 3 
4 5 6 36 21 
4 36 24 26 16 
4 41 1 6 3 
3 10 18 13 
3 21 4 11 
3 13 31 32 
3 21 13 4 
3 9 8 19 
3 10 1 28 
3 16 7 29 
3 33 29 11 
3 16 3 6 

8 24 5 20 7 6 28 4 13 
9 6 4 8 11 17 10 9 27 5 
1 4 
17 9 40 12 6 8 3 5 35 29 2 1 18 7 42 16 11 13 
9 36 2 18 1 16 4 11 23 10 
18 31 18 4 20 37 39 10 25 9 13 12 22 7 8 2 21 1 17 
13 34 15 14 21 1 17 32 6 22 41 4 23 38 
8 4 36 25 2 14 6 30 31 
3 4 2 6 
6 20 26 2 6 21 5 
8 30 12 4 33 5 15 27 2 
7 16 4 11 6 36 14 19 
4 4 6 34 1 
11 32 19 15 33 26 25 7 12 29 35 8 
5 19 11 7 41 14 
5 5 12 23 24 4 
5 40 7 22 2 6 
6 6 26 4 30 41 5 
6 24 15 12 29 14 28 
3 1 10 6 
6 37 10 6 7 28 35 
6 33 27 6 7 38 17 
4 7 16 42 5 
3 19 16 1 
3 8 14 6 
4 39 10 18 14 
3 22 2 11 
7 21 39 40 34 1 32 19 
4 19 31 14 4 
4 18 37 8 11 
3 8 29 6 
3 28 7 14 
3 22 14 11 
3 28 13 7 
3 14 21 4 
4 38 5 12 8 
3 6 30 21 
3 22 7 36 
3 28 6 26 
3 17 28 4 
3 18 15 7 
2 4 23 

17 28 15 6 31 37 4 34 11 24 9 13 5 42 26 41 14 12 
9 28 17 12 16 8 6 5 4 7 
5 12 7 13 4 26 
12 24 18 10 6 1 31 5 3 30 27 2 9 
11 20 17 8 2 23 16 1 26 4 35 40 
7 1 16 8 4 32 7 2 
10 3 21 10 2 33 27 25 19 6 9 
12 20 6 15 2 5 10 42 32 21 13 11 33 
15 37 41 38 29 11 15 24 19 4 36 18 30 7 33 1 
4 8 4 7 20 
6 9 8 35 14 22 1 
3 2 1 3 
8 36 1 14 35 3 23 39 8 
11 13 19 34 30 22 11 37 32 1 36 38 
5 8 1 39 23 9 
6 27 2 17 5 6 40 
4 16 2 5 18 
8 21 17 4 9 25 31 22 28 
3 7 9 14 
4 5 8 10 34 
3 18 8 7 
3 11 14 18 
4 13 5 15 25 
4 29 9 1 4 
3 18 7 23 
4 42 5 3 1 
4 4 16 29 7 
4 1 18 2 38 
3 24 27 9 
3 4 9 14 
3 18 1 4 
3 6 8 14 
4 9 40 7 8 
4 20 1 14 41 
3 11 5 13 
3 9 14 13 
4 1 39 9 14 
3 28 14 9 
3 15 13 37 
3 33 5 16 
4 34 9 42 1 
4 8 26 41 1 

4 8 4 25 10 
11 9 6 24 15 8 4 19 7 10 5 11 
7 15 4 36 7 12 20 5 
19 1 23 16 17 38 7 31 5 32 41 2 9 39 21 35 14 42 6 3 
8 4 6 37 11 19 23 2 3 
5 16 8 4 5 2 
5 11 3 13 4 2 
10 9 29 6 17 1 20 31 30 2 12 
12 18 2 20 34 40 17 4 14 8 10 36 12 
10 26 15 18 1 22 21 25 2 9 19 
5 13 7 14 2 5 
7 28 3 26 8 9 13 22 
9 39 26 7 31 16 12 11 42 18 
6 11 28 4 21 34 9 
6 2 3 10 24 23 32 
3 13 4 6 
3 8 4 9 
7 13 10 27 24 9 28 33 
7 10 2 37 30 22 27 5 
4 25 8 3 9 
4 42 10 4 14 
5 41 10 19 12 38 
4 5 15 4 35 
5 34 18 27 2 15 
3 20 10 1 
6 13 10 36 38 12 29 
4 19 24 18 29 
6 18 37 30 33 14 12 
3 26 27 8 
5 19 8 39 28 40 
5 33 4 32 8 13 
5 4 40 15 31 35 
3 18 31 28 
3 14 24 9 
3 23 32 4 
3 9 26 3 
3 19 28 5 
3 22 4 26 
3 4 13 30 
3 9 30 32 
2 22 4 
3 21 13 4 

5 5 39 12 6 4 
5 4 5 17 18 11 
8 12 8 17 31 4 18 37 33 
18 35 22 15 5 13 2 3 6 26 24 10 7 19 29 37 1 32 8 
12 6 34 2 7 21 23 16 9 4 38 1 12 
16 5 28 11 4 38 32 8 1 17 27 7 26 14 16 9 15 
8 33 6 18 30 5 4 10 9 
5 21 3 6 4 14 
11 21 5 10 24 7 6 23 33 20 19 28 
7 30 11 4 13 7 42 9 
6 6 25 10 31 42 2 
10 13 23 36 29 14 26 3 5 15 1 
4 4 37 12 10 
9 22 36 35 8 16 39 6 19 12 
5 12 6 20 39 4 
4 5 30 14 6 
6 2 27 40 22 3 6 
5 41 3 7 42 2 
5 20 36 4 9 14 
5 15 40 25 9 19 
4 8 9 24 5 
8 14 28 41 34 17 25 4 35 
3 9 5 12 
4 9 4 21 27 
4 20 32 11 22 
4 6 12 34 4 
3 17 24 6 
4 29 6 9 22 
4 31 28 4 12 
3 10 7 16 
3 29 3 11 
3 25 4 6 
4 3 9 7 40 
3 26 5 22 
3 4 22 14 
5 12 38 14 19 41 
3 3 13 4 
4 36 5 41 6 
3 14 15 1 
3 33 17 20 
4 22 38 18 36 
3 10 11 18 

6 28 8 25 4 17 10 
11 11 40 16 9 18 4 32 6 7 12 5 
7 5 29 19 21 4 41 7 
18 31 25 38 6 1 3 24 2 11 39 14 33 28 8 13 5 15 9 
8 26 23 33 6 2 3 27 4 
11 7 17 13 5 18 2 22 10 42 4 32 
13 24 8 19 27 2 6 34 41 10 9 30 26 3 
8 1 11 7 12 15 4 13 23 
6 7 4 33 23 17 2 
9 6 7 1 39 22 29 36 20 41 
9 20 22 4 12 32 19 37 8 2 
8 15 11 14 8 29 16 18 2 
8 20 14 16 39 8 34 6 4 
5 12 21 4 13 40 
4 12 4 34 8 
4 2 13 31 12 
5 21 6 28 9 1 
3 6 2 12 
6 36 3 7 30 11 31 
3 10 13 11 
6 37 35 14 17 25 3 
4 24 6 11 10 
5 26 9 38 8 5 
3 22 4 7 
3 4 21 1 
6 5 7 30 38 27 23 
4 35 7 26 5 
3 17 1 4 
4 35 10 3 12 
5 42 7 40 26 19 
3 4 19 16 
4 2 6 36 11 
3 9 5 4 
3 13 7 15 
4 37 29 27 21 
3 10 32 19 
3 11 21 35 
3 23 4 26 
3 10 13 4 
3 14 2 30 
3 10 3 7 
2 6 30 

2 4 6 
5 11 4 32 12 5 
5 7 29 5 4 10 
13 2 1 25 6 5 22 21 18 3 9 19 7 17 
14 14 13 8 38 4 3 33 6 2 37 9 16 7 35 
10 15 5 8 1 26 28 12 4 10 32 
19 10 22 8 3 20 42 4 25 24 40 38 36 11 5 30 28 34 14 12 
5 6 9 14 5 7 
3 8 5 4 
9 13 6 33 21 11 15 24 7 3 
11 18 2 41 13 10 15 31 17 32 39 7 
7 6 20 39 30 2 7 29 
9 19 10 5 33 11 27 16 18 26 
6 16 34 7 8 17 5 
6 6 27 10 11 23 20 
4 5 14 13 19 
5 36 4 21 11 14 
5 13 23 11 28 4 
4 13 35 16 4 
8 29 7 12 15 22 37 42 26 
5 10 4 17 41 31 
13 7 40 35 20 30 34 36 25 31 23 39 41 4 
5 24 18 38 15 22 
3 10 23 7 
3 4 7 22 
4 27 13 6 20 
3 15 26 13 
3 6 7 18 
3 12 20 3 
3 12 7 22 
3 11 21 22 
4 11 37 6 2 
4 13 5 10 40 
3 14 7 22 
3 22 5 19 
4 17 7 42 22 
3 20 5 32 
3 23 5 7 
3 12 11 22 
3 22 7 33 
3 22 21 11 
3 20 7 36 

10 27 17 35 32 5 29 4 16 10 19 
8 6 16 5 13 7 9 37 4 
10 14 4 17 41 28 30 8 6 11 25 
12 37 7 26 2 38 6 5 9 42 1 3 40 
9 12 1 4 21 24 18 8 2 20 
15 11 36 30 10 12 9 38 2 15 3 22 7 32 19 4 
13 22 13 15 8 14 17 40 28 20 6 2 4 19 
9 10 3 14 18 11 20 7 25 5 
5 36 2 4 6 27 
4 1 35 6 8 
4 8 3 12 6 
12 5 41 31 11 33 34 6 13 23 21 26 32 
6 21 35 7 15 2 12 
12 7 31 26 42 23 39 8 33 40 3 25 28 
5 13 6 29 7 16 
4 2 18 15 1 
7 38 24 3 31 27 7 1 
5 23 5 8 16 22 
4 1 6 7 42 
3 7 8 5 
3 12 13 5 
4 18 6 7 33 
6 34 14 18 24 29 12 
3 5 23 17 
4 8 3 14 34 
4 14 4 37 12 
5 9 30 1 39 17 
3 3 7 14 
5 23 36 1 39 15 
3 3 6 27 
3 17 12 14 
3 1 12 6 
3 14 12 22 
3 12 25 23 
3 13 1 10 
3 6 9 29 
3 4 2 26 
3 17 6 4 
3 27 14 29 
4 4 7 42 14 
2 12 3 
4 40 19 14 4 

6 14 4 9 6 27 31 
7 5 17 4 15 26 38 14 
17 7 5 10 13 27 37 18 11 22 6 20 17 19 39 25 4 8 
12 15 3 11 29 5 33 6 7 38 1 34 2 
20 10 21 37 15 3 33 16 42 28 32 8 13 39 40 18 12 19 4 7 2 
7 4 3 1 29 23 24 8 
6 4 9 10 28 3 5 
11 35 14 17 33 12 3 11 9 6 16 5 
13 31 24 21 1 26 20 13 7 25 40 36 12 8 
6 16 32 30 7 5 3 
4 8 4 3 35 
4 5 8 18 9 
7 3 42 9 5 20 23 25 
3 1 8 2 
4 4 5 22 2 
9 34 8 41 5 22 19 10 21 24 
5 37 3 2 8 38 
4 12 3 5 26 
3 5 16 3 
4 9 3 23 13 
3 16 9 5 
5 31 30 15 3 16 
5 20 39 13 27 6 
3 9 16 6 
4 13 3 9 29 
4 9 2 28 18 
5 1 23 35 36 3 
5 30 26 7 5 36 
4 6 25 32 4 
4 28 10 42 22 
5 22 34 9 1 41 
3 10 29 5 
3 5 8 4 
3 4 31 16 
3 27 11 8 
3 28 9 27 
3 17 5 3 
3 4 17 2 
3 3 5 23 
3 9 5 41 
3 31 40 16 
3 30 13 5 

2 4 38 
11 16 9 35 24 33 30 10 31 4 6 5 
17 37 42 11 8 12 4 36 15 31 27 17 14 6 33 5 32 41 
24 11 13 5 7 24 29 2 40 22 16 26 32 21 9 6 1 23 3 20 10 36 41 8 18 
7 40 7 13 35 2 3 4 
10 25 4 12 2 15 27 9 7 3 8 
5 5 41 4 6 19 
11 18 6 10 25 19 14 3 17 4 11 23 
11 30 6 37 38 4 2 39 19 42 21 28 
5 38 8 2 4 18 
7 12 4 3 8 20 29 31 
9 11 13 14 17 23 26 3 27 6 
5 15 4 12 5 22 
7 12 34 40 8 3 16 20 
4 28 3 13 6 
3 14 4 2 
7 32 21 22 3 8 28 12 
3 10 8 4 
6 33 42 8 29 9 7 
4 4 14 25 11 
4 9 4 17 24 
3 13 4 17 
3 12 4 8 
5 36 21 4 26 2 
5 34 30 6 8 20 
3 12 4 24 
4 39 12 6 3 
5 15 35 17 34 9 
3 11 4 19 
3 9 25 2 
3 11 3 2 
3 3 4 17 
4 40 3 2 19 
3 25 28 14 
3 5 2 28 
3 3 4 24 
2 3 9 
3 9 1 10 
2 9 27 
5 14 41 33 4 5 
4 40 4 7 3 
3 9 3 19 

18 15 5 32 34 11 10 39 17 7 12 42 6 36 23 35 13 25 4 
2 8 4 
10 17 14 7 40 21 6 4 5 16 39 
18 9 11 1 5 20 7 27 13 8 37 33 41 14 10 3 21 38 2 
13 3 26 23 19 20 10 4 6 18 27 29 1 9 
13 33 5 3 17 36 9 1 25 16 12 21 26 27 
8 12 3 42 1 4 15 8 13 
11 30 7 2 4 31 14 41 40 37 32 11 
5 23 4 37 6 5 
5 4 32 19 5 1 
5 1 18 19 4 8 
4 6 1 22 7 
6 4 15 7 16 1 29 
4 3 38 4 8 
4 1 13 28 7 
6 3 6 24 13 40 33 
4 6 18 1 3 
5 36 5 17 11 22 
6 24 5 10 35 11 20 
4 4 5 22 19 
6 6 4 34 30 28 3 
7 42 20 28 12 34 25 18 
5 41 5 24 1 9 
5 31 19 16 23 38 
6 1 26 39 22 6 30 
4 31 25 5 6 
3 5 4 6 
4 15 29 22 21 
3 13 28 5 
4 21 8 35 25 
3 8 26 24 
4 1 39 8 10 
3 16 6 4 
3 21 1 22 
4 1 37 30 19 
3 18 6 1 
4 35 8 9 4 
3 4 24 14 
4 25 32 3 1 
3 3 8 16 
3 23 8 4 
3 7 22 1 

10 17 4 5 16 7 31 40 12 15 6 
4 21 9 4 18 
9 14 10 11 5 29 6 40 4 8 
16 27 7 19 12 21 11 26 1 6 18 15 5 33 3 10 2 
11 40 39 4 3 10 42 13 1 19 8 28 
16 35 7 4 9 29 31 42 36 24 8 1 11 28 39 37 3 
15 35 12 36 23 4 20 26 1 19 13 6 28 14 15 17 
10 9 27 6 21 32 5 20 16 22 3 
7 38 14 8 23 41 6 2 
4 3 4 22 5 
6 3 31 20 6 34 4 
6 4 7 1 27 13 39 
5 7 12 5 26 25 
6 17 24 7 9 3 33 
5 1 7 25 4 16 
6 8 33 18 1 15 35 
5 14 7 1 24 23 
4 4 2 16 22 
3 7 4 5 
4 7 8 11 32 
5 34 8 4 30 2 
5 8 25 32 18 10 
4 30 17 9 7 
6 6 30 17 34 14 29 
4 13 22 41 15 
3 4 13 7 
4 12 4 41 8 
4 37 5 6 7 
3 24 3 6 
3 24 21 23 
3 6 11 1 
3 8 20 22 
3 16 14 4 
3 11 21 24 
3 16 6 7 
2 6 7 
2 6 28 
1 9 
3 12 5 6 
3 3 5 1 
3 25 9 27 
2 5 6 

