10 15 3 4 12 5 6 11 7 24 9 
1 3 
8 8 9 1 5 4 17 2 14 
6 3 7 18 10 19 1 
6 6 1 11 23 3 13 
6 5 8 10 22 1 16 
2 1 4 
5 16 3 21 15 6 
3 12 3 1 
2 4 6 
4 25 1 5 14 
3 9 13 1 
4 5 19 12 17 
3 26 11 3 
3 20 1 8 
3 18 6 8 
3 3 13 23 
4 4 22 16 20 
4 13 24 4 21 
3 15 26 18 
2 19 8 
3 6 25 18 
2 17 5 
2 19 1 
2 11 22 
2 14 20 

3 6 7 3 
11 10 3 18 22 16 24 7 8 4 5 17 
10 14 25 4 8 22 6 2 5 1 21 
5 25 9 11 3 2 
6 13 10 19 21 3 2 
4 12 17 3 1 
8 13 20 9 15 12 2 1 16 
4 2 26 3 23 
3 7 24 4 
4 11 5 19 2 
3 10 4 20 
3 7 26 6 
4 14 18 5 7 
3 15 13 3 
2 14 7 
2 7 2 
2 2 6 
2 13 2 
2 10 5 
2 7 11 
3 3 23 5 
2 2 3 
2 8 21 
2 2 9 
2 4 3 
2 8 12 

7 4 6 25 24 21 9 3 
6 3 24 18 8 26 17 
15 13 4 6 10 2 20 25 15 11 7 14 12 5 8 1 
6 5 1 7 12 13 3 
5 16 10 9 4 3 
2 1 3 
4 18 19 4 3 
4 22 3 11 2 
4 19 15 5 1 
2 3 5 
2 3 8 
5 20 14 4 17 3 
2 3 4 
2 12 3 
3 9 16 3 
3 15 5 21 
2 12 2 
2 2 7 
3 9 22 7 
2 12 3 
4 26 16 1 23 
3 23 8 19 
2 21 22 
2 2 1 
2 1 3 
2 2 21 

10 3 5 4 6 23 12 10 26 13 21 
3 3 4 11 
8 2 6 5 7 9 1 10 14 
3 2 1 7 
4 11 1 22 3 
4 24 8 1 3 
9 19 8 12 4 9 3 18 22 17 
4 20 7 6 16 
3 14 3 7 
4 23 25 3 1 
2 5 2 
4 1 7 13 15 
2 1 12 
6 20 15 3 17 16 9 
5 14 12 18 19 21 
3 14 25 8 
2 14 7 
2 15 7 
2 7 15 
2 14 8 
2 15 1 
3 5 24 7 
3 26 1 10 
2 22 6 
2 16 10 
2 1 23 

3 9 3 22 
12 3 7 4 8 13 9 5 23 11 10 14 15 
8 6 1 2 16 22 19 4 12 
12 5 20 21 6 14 18 2 7 12 19 8 3 
2 4 2 
2 3 4 
2 4 2 
6 2 15 4 17 13 11 
5 10 2 24 1 25 
2 2 9 
3 8 2 17 
2 4 3 
4 16 8 2 18 
3 4 20 2 
2 2 8 
2 3 13 
2 8 11 
2 13 4 
4 4 24 3 23 
4 14 26 21 4 
2 4 20 
3 3 1 25 
2 2 19 
2 9 19 
2 22 9 
1 20 

9 16 19 7 18 4 15 21 5 3 
6 4 6 16 12 3 13 
7 1 14 6 22 2 11 8 
3 1 2 5 
5 4 8 25 1 7 
5 3 9 11 2 10 
2 5 1 
4 9 19 5 3 
8 17 13 10 6 24 12 22 8 
5 9 20 15 14 6 
2 6 3 
2 9 2 
4 17 9 2 21 
2 10 3 
4 10 26 1 23 
2 1 2 
4 13 20 9 18 
2 1 17 
2 1 8 
3 17 23 10 
2 13 1 
2 9 3 
3 20 26 15 
1 9 
1 5 
2 15 23 

10 12 23 17 4 9 19 18 11 7 3 
3 22 3 5 
11 8 25 4 6 1 17 13 11 10 5 2 
4 15 3 24 1 
11 22 3 16 26 20 12 24 7 14 6 2 
6 23 3 19 5 8 21 
6 10 1 13 25 15 5 
5 6 9 14 3 20 
2 1 8 
2 7 3 
2 1 3 
2 5 1 
3 21 3 7 
4 18 8 16 5 
2 4 7 
3 14 5 26 
2 1 3 
2 14 1 
2 6 1 
2 8 5 
2 13 6 
3 24 2 5 
4 25 26 6 1 
3 22 5 4 
3 23 3 7 
3 5 16 23 

4 4 3 5 22 
1 3 
12 5 21 4 6 1 23 9 22 11 7 2 12 
7 1 25 3 9 11 8 18 
8 19 8 13 6 26 1 16 3 
7 24 7 5 3 12 10 18 
2 3 6 
5 5 14 4 17 13 
4 3 4 10 17 
4 6 24 21 9 
3 4 15 3 
5 6 3 25 14 16 
3 5 23 8 
5 8 15 12 20 19 
2 11 14 
3 12 20 5 
3 8 9 26 
2 6 4 
2 14 5 
2 14 16 
2 3 10 
2 3 1 
2 3 13 
2 10 6 
2 12 4 
2 5 17 

8 6 16 26 19 13 9 3 8 
6 3 14 15 8 4 20 
7 5 7 25 4 1 11 2 
9 3 17 24 10 9 2 5 22 7 
4 10 6 3 4 
7 14 5 15 1 12 18 26 
3 4 3 16 
4 1 11 12 2 
2 4 1 
4 4 5 21 18 
4 3 17 20 8 
4 8 6 23 13 
3 12 25 1 
3 2 6 22 
3 6 2 19 
2 1 7 
2 11 4 
3 6 21 10 
2 15 1 
2 2 11 
2 10 18 
2 14 4 
1 12 
1 4 
2 13 3 
2 1 6 

4 22 6 17 3 
5 3 4 10 18 5 
7 12 6 2 5 4 9 1 
7 11 26 2 3 10 7 19 
6 3 8 2 20 11 7 
9 15 8 19 13 24 1 16 20 3 
2 5 4 
4 13 9 6 5 
2 8 3 
3 24 2 4 
5 4 14 5 15 12 
2 3 11 
4 8 18 14 6 
2 11 13 
4 21 6 11 16 
4 25 6 17 15 
3 1 16 26 
2 13 2 
2 4 6 
2 6 5 
2 15 23 
1 1 
2 24 21 
3 23 6 10 
1 16 
2 4 17 

11 6 26 4 11 8 15 13 10 3 25 17 
6 11 6 5 4 7 3 
2 1 2 
12 22 18 1 9 2 25 5 7 14 10 13 24 
6 16 2 19 23 4 8 
9 22 12 21 26 17 1 19 24 2 
2 2 4 
4 5 12 1 9 
3 15 4 8 
3 16 4 1 
3 1 2 23 
2 6 8 
5 1 14 18 20 4 
2 13 4 
2 1 9 
2 10 5 
2 1 6 
4 4 13 21 22 
2 6 5 
1 13 
3 23 18 6 
5 4 23 18 6 25 
4 22 5 11 21 
2 4 6 
3 4 22 1 
2 6 1 

7 8 12 4 19 13 20 3 
7 21 9 15 3 5 4 13 
7 10 14 2 23 1 17 21 
12 7 9 11 16 2 6 24 10 15 12 1 5 
8 7 2 20 4 22 25 23 6 
3 25 4 5 
5 4 8 18 5 14 
4 7 1 16 26 
3 2 11 4 
3 4 3 22 
3 9 4 17 
2 4 1 
2 2 1 
3 19 7 3 
2 2 4 
2 8 4 
3 20 3 11 
2 21 7 
2 1 14 
3 5 17 1 
3 18 2 3 
2 5 10 
2 5 3 
1 4 
2 6 5 
1 8 

6 7 3 23 5 14 6 
8 12 20 8 4 3 19 21 9 
16 26 2 1 10 5 11 24 8 17 14 4 15 16 7 19 22 
2 2 3 
6 1 3 16 25 6 9 
4 1 11 5 17 
3 24 1 3 
3 3 2 10 
6 18 5 2 25 22 13 
3 3 8 15 
3 6 12 3 
3 13 2 11 
2 12 9 
2 3 1 
2 3 10 
3 3 26 5 
3 18 3 6 
2 9 17 
2 3 2 
1 2 
2 2 24 
2 9 3 
1 1 
3 21 3 7 
2 9 5 
2 16 3 

2 13 3 
4 6 3 4 7 
9 15 14 2 8 1 4 5 10 11 
12 10 2 24 5 8 11 21 20 19 7 17 3 
5 3 4 9 18 6 
4 5 9 12 2 
3 22 2 4 
4 20 3 16 4 
2 5 6 
5 21 12 4 3 15 
2 4 3 
4 10 13 6 14 
2 1 12 
2 12 3 
3 18 3 10 
1 8 
1 4 
3 20 5 15 
1 4 
5 18 4 21 8 26 
3 4 10 20 
2 23 7 
1 22 
1 4 
0 
1 20 

3 5 3 9 
2 3 4 
12 2 7 4 17 12 1 22 13 25 6 15 11 
6 2 18 7 3 6 5 
8 1 11 8 12 4 10 20 17 
3 16 3 4 
7 4 10 9 16 13 8 3 
8 15 22 25 19 26 20 7 5 
2 7 1 
3 5 7 14 
3 14 5 3 
3 3 23 5 
2 3 7 
5 18 16 26 10 11 
6 19 22 8 17 3 24 
3 7 14 6 
4 3 5 26 15 
2 14 4 
2 8 15 
3 8 23 5 
1 25 
5 3 25 8 23 15 
3 20 22 12 
1 15 
4 22 8 21 3 
3 14 8 17 

3 8 16 3 
7 23 4 10 5 6 3 7 
13 1 20 2 9 14 7 22 12 4 6 17 8 19 
4 5 2 3 12 
9 4 10 21 17 13 24 25 19 2 
6 2 21 14 18 24 3 
6 9 2 15 16 13 3 
4 3 15 22 1 
3 11 7 3 
5 26 5 11 2 20 
3 10 9 26 
2 4 3 
4 18 7 5 21 
2 3 6 
3 7 19 8 
2 7 1 
4 5 21 23 3 
4 24 6 26 13 
3 5 15 3 
2 3 10 
4 13 6 17 5 
2 3 8 
3 24 17 2 
4 18 5 6 23 
1 5 
3 10 18 11 

1 3 
8 21 10 4 24 8 18 5 3 
17 1 22 12 17 15 10 6 24 2 11 20 16 5 9 7 23 4 
4 19 18 2 3 
10 16 13 7 3 26 12 8 6 2 21 
5 3 9 19 14 5 
4 3 5 11 15 
3 5 13 2 
4 6 23 3 20 
3 17 3 2 
2 7 3 
2 5 3 
3 18 8 5 
1 6 
2 7 3 
2 5 3 
2 3 10 
3 2 13 4 
2 6 4 
3 9 3 25 
2 2 5 
2 23 3 
3 22 3 9 
2 3 2 
1 20 
1 5 

8 17 24 26 16 3 23 12 20 
6 3 15 7 5 21 4 
9 4 26 2 11 13 25 9 1 6 
5 10 5 2 3 8 
14 4 22 9 10 2 20 8 6 15 17 18 11 14 7 
3 3 23 5 
2 5 2 
3 4 5 16 
6 22 12 13 5 3 24 
2 5 4 
2 3 5 
2 9 1 
3 3 9 14 
2 13 5 
2 5 2 
2 8 1 
3 5 1 22 
3 25 5 26 
0 
2 1 5 
1 2 
3 9 17 5 
3 6 1 25 
2 9 1 
3 23 18 3 
3 1 3 18 

3 3 6 17 
6 5 13 4 3 23 7 
10 20 7 9 1 12 2 19 4 15 6 
8 13 3 8 2 5 10 18 26 
5 2 4 8 17 23 
2 1 3 
5 3 2 26 12 21 
6 5 18 9 24 20 4 
2 8 3 
1 4 
0 
3 3 7 14 
4 19 18 2 4 
1 12 
2 3 25 
1 19 
2 1 5 
3 4 8 13 
4 13 3 16 21 
2 8 3 
2 7 19 
0 
2 5 2 
1 8 
1 15 
2 7 4 

1 3 
2 4 3 
12 19 6 1 4 9 5 14 2 7 11 26 13 
5 6 9 3 5 2 
6 4 14 8 7 3 22 
6 21 12 3 15 4 8 
3 3 12 5 
2 6 5 
4 3 11 10 4 
6 21 22 9 11 14 15 
3 9 3 10 
3 14 7 6 
4 19 25 16 3 
4 3 5 12 10 
3 10 16 6 
3 13 15 22 
0 
1 25 
2 13 3 
1 24 
2 6 10 
3 10 5 16 
0 
1 20 
2 13 18 
1 3 

6 5 6 4 17 23 3 
6 5 10 22 18 3 26 
7 10 4 1 2 9 8 7 
11 13 12 6 3 9 15 24 7 1 8 25 
2 2 1 
3 4 1 19 
2 4 3 
6 18 17 3 25 4 10 
3 4 10 3 
7 23 3 8 15 9 2 11 
7 13 18 19 25 24 23 10 
2 4 26 
2 11 4 
3 20 16 22 
4 17 10 4 16 
4 21 20 14 15 
3 8 15 1 
3 2 8 11 
2 11 6 
2 16 14 
2 24 16 
2 14 2 
3 1 11 10 
3 4 11 21 
3 11 4 8 
2 2 12 

2 3 4 
12 10 9 16 5 14 17 12 6 13 8 7 3 
9 1 2 8 6 7 9 4 25 10 
3 3 1 5 
5 22 14 20 4 2 
2 2 3 
4 18 2 3 26 
6 23 16 2 14 3 19 
6 14 2 20 11 3 22 
5 20 3 12 11 2 
2 9 10 
4 2 16 13 10 
2 12 2 
6 8 9 15 5 17 2 
1 14 
3 2 8 12 
2 2 14 
2 21 7 
3 21 8 25 
4 24 10 5 9 
2 19 18 
2 9 5 
1 8 
1 20 
2 3 19 
1 7 

3 13 3 9 
7 18 11 3 8 5 15 4 
13 5 1 14 13 18 22 2 6 24 12 19 4 11 
5 2 16 10 3 21 
2 3 2 
2 3 11 
4 15 19 11 18 
2 25 2 
3 1 13 23 
1 4 
8 21 12 7 20 6 3 18 2 
2 3 11 
7 9 24 3 19 15 16 1 
1 3 
6 24 13 2 26 7 17 
2 4 13 
1 15 
4 3 11 2 7 
3 3 13 7 
4 22 26 11 21 
3 4 11 20 
3 3 20 23 
2 9 22 
3 13 15 3 
1 8 
2 15 20 

3 8 3 15 
11 6 3 15 26 7 22 4 20 14 9 16 
13 26 17 24 10 6 2 4 1 5 13 7 22 12 
2 2 3 
8 6 25 7 16 10 3 19 17 
5 26 5 7 2 3 
10 8 23 25 21 6 2 5 3 26 12 
5 23 9 7 1 22 
2 8 2 
4 14 20 3 5 
1 15 
2 3 7 
2 3 17 
2 2 10 
3 2 11 1 
4 2 24 20 5 
3 3 5 13 
0 
1 5 
3 10 16 2 
1 7 
3 8 2 3 
2 8 7 
2 16 3 
2 7 5 
4 6 2 3 7 

7 4 3 8 6 11 17 25 
5 23 3 11 24 12 
2 2 1 
3 21 1 5 
3 24 4 11 
3 1 12 8 
5 13 9 11 10 21 
2 6 1 
2 16 7 
4 25 18 7 17 
5 7 5 1 2 23 
2 2 6 
2 7 14 
3 25 18 13 
1 19 
2 9 19 
2 1 10 
3 20 14 10 
2 15 16 
2 23 18 
2 7 4 
0 
3 2 20 11 
2 2 5 
3 14 1 10 
0 

9 5 3 18 16 12 6 21 26 8 
0 
4 7 5 1 4 
10 5 9 13 21 25 6 15 14 22 3 
4 1 3 16 4 
12 10 13 14 26 20 7 8 4 23 19 17 1 
2 3 6 
5 9 6 1 18 15 
3 10 4 8 
4 9 21 19 6 
4 26 12 20 22 
5 18 11 16 24 1 
2 6 4 
2 4 6 
2 4 8 
3 12 5 1 
1 6 
3 1 8 12 
2 6 10 
2 11 6 
3 1 10 4 
2 11 4 
1 6 
1 12 
1 4 
3 11 6 1 

0 
4 3 5 4 24 
9 19 4 7 25 2 11 20 13 23 
9 17 9 3 7 2 12 6 14 16 
5 8 9 2 10 21 
3 14 15 4 
3 11 4 3 
1 5 
6 22 17 10 19 4 5 
6 25 9 26 15 18 5 
3 20 3 7 
3 22 13 4 
2 3 12 
2 6 4 
2 6 10 
1 4 
2 9 4 
2 10 24 
2 9 3 
2 3 11 
2 5 23 
2 12 9 
2 21 3 
2 18 2 
2 10 3 
1 10 

6 9 12 4 16 3 7 
11 8 5 13 18 15 3 7 11 19 23 14 
7 5 8 1 19 4 18 2 
5 1 3 17 6 12 
4 6 3 15 2 
4 21 5 14 4 
5 1 20 9 11 2 
7 22 17 13 2 3 10 26 
4 10 1 7 21 
4 26 9 16 8 
2 7 2 
4 20 1 25 4 
2 2 8 
2 6 2 
4 5 2 24 25 
2 10 1 
2 8 4 
2 2 3 
3 24 3 2 
4 23 12 22 7 
2 6 9 
2 8 20 
2 2 20 
2 15 19 
2 15 12 
2 10 8 

1 3 
8 25 17 9 7 4 12 3 20 
13 14 6 23 5 10 16 19 4 2 21 15 1 8 
11 20 13 6 15 2 24 3 10 5 12 22 
4 3 4 8 19 
7 25 3 4 7 18 9 11 
4 22 13 6 2 
3 16 5 3 
3 11 2 6 
2 3 4 
2 6 9 
5 18 17 24 4 2 
4 4 14 26 7 
2 3 13 
2 3 4 
3 3 23 8 
3 21 12 2 
2 6 12 
2 3 5 
2 4 2 
2 3 17 
3 7 26 4 
2 3 16 
2 12 4 
2 2 6 
2 22 13 

10 19 17 3 7 11 25 5 4 21 26 
4 15 4 3 8 
3 2 20 1 
9 1 7 19 22 17 2 5 14 6 
10 6 8 4 9 18 21 1 12 22 10 
8 15 4 12 9 16 5 26 25 
2 4 1 
6 5 10 11 18 13 2 
2 5 6 
2 8 5 
2 8 1 
3 13 6 5 
3 12 14 8 
2 4 13 
3 6 16 2 
4 15 6 20 23 
3 24 4 1 
2 5 8 
2 1 4 
3 23 3 16 
3 1 24 5 
2 4 5 
2 16 20 
2 21 17 
2 1 6 
2 6 1 

6 25 8 10 7 14 3 
7 11 26 16 3 4 12 5 
7 1 20 6 24 2 13 4 
9 5 6 17 2 15 7 10 3 8 
5 16 4 14 19 2 
7 26 13 15 12 3 4 22 
6 11 23 9 4 1 18 
4 1 4 17 9 
5 21 8 25 23 7 
3 4 19 1 
3 18 2 7 
2 2 6 
2 3 6 
4 1 5 21 24 
2 6 4 
3 22 2 5 
2 4 8 
2 7 11 
3 5 20 10 
2 3 19 
2 14 9 
2 16 6 
2 7 9 
2 3 14 
2 9 1 
2 6 2 

6 5 10 8 4 3 20 
9 3 6 21 15 18 22 8 7 14 
11 14 19 2 6 1 15 4 16 5 11 7 
8 11 12 17 21 13 3 25 1 
2 1 3 
5 25 2 24 10 3 
11 18 9 3 12 19 13 2 24 26 20 23 
4 9 16 1 2 
2 7 8 
3 22 6 1 
3 3 4 23 
2 7 4 
3 26 4 7 
2 2 3 
3 17 2 3 
2 8 3 
2 4 15 
2 2 7 
2 3 7 
2 7 1 
2 4 2 
2 10 2 
2 7 11 
2 6 7 
2 4 6 
2 7 13 

6 16 14 7 3 5 4 
1 3 
10 4 6 8 5 23 2 13 15 10 1 
3 6 1 3 
7 1 7 18 20 22 3 9 
10 10 3 13 4 12 11 16 17 25 9 
4 8 1 24 5 
9 3 19 17 24 21 15 7 22 23 
4 12 6 26 5 
3 6 11 3 
3 25 10 6 
3 14 6 9 
3 26 3 6 
3 12 1 19 
2 8 3 
2 6 1 
5 21 8 6 20 18 
2 17 5 
2 8 14 
2 17 5 
2 17 8 
2 8 5 
2 8 3 
2 8 7 
2 6 11 
2 13 9 

4 3 5 4 8 
5 3 11 20 25 21 
8 18 4 1 9 2 19 6 17 
8 11 3 1 5 18 6 23 19 
6 4 7 10 1 17 16 
4 4 7 3 22 
4 5 6 21 8 
8 13 12 26 10 7 9 15 1 
2 3 8 
6 13 8 16 14 26 5 
3 2 4 12 
6 11 14 23 8 22 15 
2 10 8 
2 10 12 
2 12 8 
2 5 10 
2 3 5 
2 4 3 
3 3 4 20 
4 19 25 24 2 
2 7 2 
2 6 12 
2 4 12 
1 20 
2 2 20 
2 10 8 

10 16 24 25 10 6 3 19 11 12 5 
6 18 16 20 4 3 6 
9 2 7 11 5 21 8 9 4 1 
5 12 3 22 18 2 
6 1 3 14 7 23 10 
5 13 2 26 1 8 
5 15 3 5 9 13 
5 14 3 19 6 17 
2 7 3 
2 5 1 
5 3 23 17 1 26 
2 4 1 
5 6 15 21 20 7 
4 22 5 8 25 
2 7 13 
2 2 1 
3 11 24 8 
2 4 2 
2 8 1 
2 2 13 
2 3 13 
2 14 4 
3 11 5 24 
3 23 1 17 
2 14 1 
2 6 11 

2 3 4 
7 5 7 18 10 3 8 9 
12 13 18 2 24 1 6 11 16 5 4 10 8 
3 21 1 3 
6 9 2 3 6 13 26 
6 19 7 14 3 5 17 
2 2 6 
5 3 12 2 20 21 
2 2 5 
5 2 3 15 11 12 
5 25 3 17 15 10 
4 8 16 10 24 
4 3 5 23 14 
4 6 22 13 26 
2 10 11 
2 3 12 
3 11 20 6 
3 2 19 3 
2 18 6 
2 17 8 
2 8 4 
1 14 
1 13 
2 12 3 
1 11 
2 14 5 

13 3 4 15 6 20 16 12 22 11 5 24 10 9 
2 24 3 
14 11 2 13 5 18 21 23 17 1 19 20 4 25 16 
6 1 21 10 3 7 17 
7 3 8 7 26 14 6 1 
3 1 5 14 
6 5 9 13 8 4 18 
2 7 5 
2 1 7 
3 4 12 1 
2 1 3 
2 10 1 
2 7 3 
3 6 15 5 
2 1 14 
3 1 22 3 
3 3 23 4 
2 7 3 
2 25 3 
3 1 3 22 
3 4 23 3 
3 1 16 20 
3 3 17 21 
2 1 2 
2 19 3 
1 5 

2 3 4 
12 9 12 6 22 5 4 3 11 15 14 8 10 
2 1 2 
12 13 7 19 6 1 5 2 21 14 18 15 17 
7 24 16 11 2 7 4 9 
5 8 18 2 24 4 
4 10 5 4 22 
2 6 2 
8 12 23 2 26 5 21 16 13 
3 25 2 7 
2 5 2 
6 23 9 19 20 2 17 
2 9 4 
3 4 26 2 
2 4 2 
2 9 5 
2 12 4 
4 6 19 4 26 
3 4 12 18 
1 12 
2 9 4 
2 2 7 
2 9 12 
3 5 25 6 
2 10 24 
3 18 9 14 

6 3 9 12 4 5 23 
6 15 25 13 3 17 10 
14 9 12 18 2 5 13 15 17 4 8 26 1 14 6 
5 11 16 1 3 7 
4 3 1 10 6 
7 5 8 11 3 14 7 16 
2 6 4 
2 6 3 
5 3 26 1 18 19 
6 20 5 21 25 2 23 
5 22 4 21 6 20 
3 1 19 3 
2 2 3 
2 6 3 
3 24 3 2 
2 4 6 
2 3 2 
3 25 3 9 
3 12 20 9 
3 10 11 19 
2 11 10 
1 11 
2 1 10 
1 15 
3 2 10 18 
2 3 9 

11 6 15 21 12 26 4 19 3 5 13 8 
1 3 
10 6 7 10 11 14 4 2 1 19 5 
11 1 24 23 8 9 11 22 3 12 10 17 
7 3 17 18 22 25 1 21 
5 3 16 1 9 7 
2 6 3 
3 1 4 13 
5 4 14 15 26 6 
2 4 3 
5 16 24 3 4 25 
2 4 1 
3 18 8 1 
3 9 23 3 
2 9 1 
2 6 11 
2 5 4 
2 13 5 
2 3 1 
1 22 
2 1 5 
3 5 20 4 
3 4 24 14 
3 11 23 4 
2 11 5 
2 9 1 

7 22 14 6 3 23 4 7 
11 13 16 3 4 25 18 17 10 19 8 12 
4 2 5 1 9 
8 1 5 2 13 6 14 17 12 
5 4 16 20 9 3 
7 1 4 21 8 15 7 23 
3 6 1 21 
4 19 6 11 2 
4 11 5 10 3 
4 2 24 26 9 
2 9 8 
3 22 2 4 
4 15 2 18 4 
2 4 1 
3 6 20 13 
2 2 5 
3 4 20 2 
2 13 2 
2 2 8 
3 17 15 5 
2 6 7 
2 1 12 
2 1 6 
1 10 
1 2 
1 10 

12 14 7 3 23 5 26 6 4 10 21 9 22 
1 3 
11 25 23 10 12 2 18 17 1 4 8 19 
8 7 3 6 15 16 1 25 5 
3 4 1 12 
4 20 1 9 4 
5 1 11 8 4 21 
3 3 13 7 
2 6 1 
5 3 14 15 1 11 
2 10 7 
3 3 5 13 
2 12 8 
4 10 1 26 20 
2 10 4 
1 4 
2 3 24 
1 3 
1 3 
2 6 14 
2 1 7 
1 1 
2 3 1 
2 17 25 
3 3 4 24 
2 1 14 

2 6 3 
9 10 3 6 4 26 5 23 8 9 
8 2 5 12 18 26 1 20 4 
14 15 25 21 7 22 3 11 13 12 16 10 18 2 24 
2 2 3 
6 9 7 15 2 17 1 
5 6 13 20 4 8 
4 2 14 17 7 
4 6 19 2 11 
2 2 4 
2 9 4 
2 3 4 
3 24 7 4 
5 26 16 8 17 20 
2 6 4 
2 14 4 
5 6 19 8 18 14 
4 4 17 22 3 
2 17 9 
4 24 3 7 14 
1 4 
2 4 18 
1 2 
3 20 13 4 
1 4 
3 2 3 14 

16 4 19 8 24 16 13 20 14 26 6 15 5 10 3 9 12 
8 22 6 23 7 11 25 3 12 
3 1 2 4 
8 5 7 14 23 8 3 9 1 
6 10 1 4 17 26 22 
2 1 2 
2 2 4 
2 1 4 
2 1 4 
5 11 5 18 20 1 
2 2 10 
2 2 1 
3 24 14 1 
5 21 13 4 16 1 
1 1 
2 14 1 
1 5 
2 10 19 
4 1 22 18 23 
2 1 10 
1 14 
3 19 5 2 
4 19 4 25 2 
2 1 13 
2 23 2 
2 5 1 

12 12 5 24 6 16 14 11 4 3 8 9 25 
7 19 3 4 26 9 11 22 
7 23 1 15 2 10 13 6 
9 1 2 21 12 13 5 8 17 20 
3 4 1 7 
4 7 1 3 19 
5 18 6 5 16 14 
8 23 17 20 10 21 1 4 24 
2 2 1 
2 8 3 
6 19 1 2 15 13 16 
3 17 4 1 
4 11 21 3 4 
3 24 7 1 
3 3 11 25 
3 1 11 7 
5 21 4 12 8 18 
2 7 17 
3 6 2 11 
2 4 8 
4 8 17 4 13 
1 2 
2 3 8 
3 14 8 1 
2 15 1 
1 2 

1 3 
3 4 11 3 
8 7 5 2 17 12 4 14 1 
7 2 25 3 6 7 5 8 
11 24 25 11 8 6 17 15 19 9 4 3 
5 16 23 10 4 5 
3 3 18 4 
5 10 24 4 9 5 
2 8 5 
2 6 8 
2 2 5 
1 3 
1 15 
1 3 
2 5 13 
1 6 
4 26 18 3 5 
2 17 7 
2 25 5 
0 
1 22 
1 21 
1 6 
2 5 8 
3 5 4 19 
1 17 

12 3 12 9 16 6 17 23 20 22 5 4 13 
2 3 26 
7 9 2 15 18 1 4 7 
9 7 6 17 5 22 3 1 8 16 
6 1 21 10 15 4 8 
4 24 4 1 18 
3 4 10 3 
2 4 5 
3 3 1 13 
7 7 26 12 19 22 18 5 
0 
8 26 16 15 10 23 1 20 13 
5 12 14 21 1 9 
1 13 
3 3 5 12 
5 21 12 1 4 20 
2 4 1 
4 22 3 6 10 
1 10 
3 12 1 16 
3 13 5 16 
4 18 10 4 1 
2 12 1 
1 6 
0 
3 12 2 10 

3 19 4 3 
9 6 7 5 18 11 14 13 3 22 
5 1 10 4 2 20 
9 1 3 10 12 6 18 20 5 7 
4 13 4 8 2 
6 23 15 16 4 2 8 
2 4 2 
3 6 25 5 
2 11 19 
7 23 14 3 19 4 11 12 
5 13 2 14 10 9 
2 10 4 
3 11 5 2 
3 2 10 11 
1 6 
1 6 
1 21 
2 2 4 
6 20 24 26 10 9 1 
3 4 19 3 
2 25 17 
1 2 
2 10 6 
1 19 
2 8 21 
1 19 

5 6 3 18 4 14 
4 12 24 3 7 
6 5 10 4 8 2 1 
8 25 5 3 6 15 9 1 13 
3 3 14 4 
2 1 4 
7 21 2 17 25 9 15 23 
3 9 3 21 
4 11 4 7 8 
1 3 
6 24 12 9 26 22 19 
4 14 2 11 16 
2 4 17 
3 1 5 12 
2 4 7 
1 12 
2 7 13 
1 1 
1 11 
1 25 
3 8 7 24 
1 11 
1 7 
3 21 2 11 
4 7 4 26 20 
2 25 11 

9 14 3 7 9 11 16 24 8 5 
5 3 4 6 15 18 
7 10 1 17 15 14 2 4 
6 5 10 2 3 19 26 
2 1 4 
5 2 22 7 20 11 
6 1 12 26 8 13 6 
5 1 16 9 23 7 
6 1 8 20 11 25 10 
4 9 3 17 4 
4 23 9 6 1 
1 7 
3 21 22 7 
7 24 1 17 21 15 19 3 
5 16 2 18 14 3 
4 1 15 8 19 
3 3 10 14 
3 26 2 15 
3 14 4 16 
2 6 9 
2 14 13 
2 6 13 
2 11 8 
2 1 14 
1 9 
3 4 18 7 

1 3 
3 4 12 3 
13 18 6 1 11 9 5 8 2 4 13 7 16 17 
2 3 2 
7 18 20 3 6 25 12 22 
10 19 3 13 5 11 9 22 20 7 8 
6 3 16 21 6 17 12 
2 3 6 
2 3 6 
0 
2 6 3 
5 7 13 5 2 21 
3 6 12 3 
0 
1 26 
3 23 7 3 
2 7 3 
2 3 5 
3 23 24 6 
2 6 5 
2 12 7 
2 6 5 
2 16 19 
2 25 19 
2 24 5 
1 15 

5 21 19 17 13 3 
3 4 3 6 
2 2 1 
9 17 2 10 25 16 20 5 7 6 
3 4 10 12 
3 2 4 8 
7 25 22 4 24 23 18 20 
2 6 9 
2 21 8 
4 24 4 5 11 
6 15 10 22 13 14 19 
2 5 15 
3 11 1 14 
5 19 26 13 11 23 
3 12 21 11 
1 4 
2 1 4 
2 26 7 
3 11 1 14 
2 4 7 
3 9 15 1 
2 11 7 
2 14 7 
2 10 7 
2 4 7 
2 18 14 

10 8 20 19 4 3 13 7 5 11 9 
0 
9 1 8 9 24 22 5 15 13 4 
9 7 5 19 14 9 1 6 23 3 
12 21 10 4 12 8 17 18 1 16 7 3 26 
2 20 4 
5 4 5 11 1 23 
3 5 3 1 
8 25 1 10 20 12 26 3 4 
4 9 14 11 5 
3 10 7 1 
3 24 9 5 
2 3 1 
4 10 15 4 16 
2 14 3 
2 14 5 
4 18 25 22 5 
2 17 5 
2 4 1 
3 6 1 9 
1 5 
2 17 3 
2 4 7 
2 3 12 
2 9 17 
2 9 5 

0 
7 26 10 14 8 7 5 3 
10 17 18 19 11 2 6 9 4 23 20 
4 16 3 14 25 
5 6 2 24 10 12 
6 22 15 3 13 5 16 
2 18 2 
2 2 15 
1 3 
2 5 2 
3 12 21 3 
2 5 11 
1 6 
2 4 2 
3 17 8 6 
2 4 6 
2 3 15 
4 7 3 25 23 
3 21 3 24 
1 3 
3 11 19 22 
2 21 6 
2 18 3 
3 5 19 26 
2 4 18 
2 24 2 

6 4 3 5 8 22 7 
7 10 5 6 9 13 3 19 
6 4 6 1 10 25 2 
6 1 3 19 7 15 22 
5 2 11 18 15 1 
5 21 2 14 11 3 
8 23 12 16 21 1 17 4 8 
3 7 9 1 
4 25 24 2 8 
4 12 3 2 17 
2 5 6 
4 13 16 10 7 
4 26 14 2 12 
5 18 24 20 6 13 
2 4 5 
3 23 12 7 
2 10 7 
2 14 5 
4 2 4 20 26 
2 14 19 
2 7 6 
2 4 1 
2 7 16 
2 14 9 
2 9 3 
2 13 19 

8 10 19 3 6 22 5 8 16 
2 4 3 
14 4 1 7 23 11 10 2 6 5 21 12 19 8 18 
3 2 25 3 
5 11 3 14 7 1 
5 3 26 17 13 1 
6 9 5 3 17 21 14 
4 3 9 1 15 
6 13 18 8 16 7 24 
3 12 1 3 
3 5 15 3 
4 3 20 10 26 
2 9 6 
2 7 5 
2 8 11 
2 9 1 
4 20 7 6 23 
4 3 25 9 22 
2 1 3 
2 12 17 
3 7 3 24 
2 18 1 
2 3 17 
2 21 9 
2 4 18 
2 6 12 

1 3 
5 24 23 4 6 3 
9 14 15 2 4 12 5 10 26 1 
10 5 18 2 3 6 20 9 11 22 16 
5 4 7 3 19 8 
12 24 17 16 9 2 21 15 14 4 10 7 19 
4 8 5 6 25 
5 5 7 11 18 13 
2 4 6 
5 6 13 3 12 20 
2 4 8 
2 10 3 
2 10 8 
3 6 17 3 
3 25 6 3 
2 6 4 
2 6 14 
2 8 4 
2 6 5 
4 10 22 4 21 
3 6 23 20 
3 26 20 4 
2 2 21 
2 2 6 
2 15 7 
2 3 22 

8 6 8 4 3 14 5 15 18 
3 20 9 3 
13 6 14 4 7 24 10 1 5 2 9 18 11 13 
5 7 1 22 3 16 
6 21 13 3 12 19 1 
3 17 1 3 
4 8 3 4 12 
3 23 7 1 
4 2 10 3 22 
5 15 11 3 24 9 
3 26 3 10 
3 16 5 7 
3 5 3 25 
6 19 20 21 17 1 3 
2 10 1 
3 4 26 12 
2 14 6 
2 1 3 
4 14 25 23 5 
2 2 14 
2 14 5 
2 4 9 
2 19 8 
2 3 10 
2 19 13 
2 16 11 

9 6 7 24 9 4 13 8 3 20 
10 14 4 16 18 19 15 12 5 8 3 
3 10 1 2 
5 13 2 11 5 1 
6 10 4 6 21 7 2 
2 5 1 
7 25 5 26 19 1 15 22 
6 17 11 18 9 1 2 
4 12 20 8 1 
2 3 5 
2 4 8 
2 9 2 
3 14 1 4 
5 17 13 16 2 21 
3 2 7 23 
3 24 2 14 
2 14 8 
4 8 26 22 2 
2 7 2 
2 9 1 
3 25 5 14 
3 7 23 18 
2 22 15 
2 16 1 
2 7 21 
2 18 7 

2 6 3 
6 25 3 19 6 5 4 
11 5 15 2 16 23 1 9 4 7 12 17 
6 13 3 15 12 2 8 
2 3 2 
7 8 1 7 9 2 10 24 
8 6 16 20 10 13 3 21 14 
7 11 6 19 17 18 26 4 
2 6 3 
3 11 6 7 
5 24 10 8 25 14 
2 3 4 
3 22 7 4 
2 11 7 
3 4 22 3 
4 26 3 18 7 
5 3 8 20 23 21 
2 8 16 
2 2 8 
2 7 17 
2 17 7 
2 15 13 
2 17 3 
2 6 11 
2 2 11 
2 16 8 

1 3 
10 21 16 7 26 12 3 10 4 5 23 
14 12 8 4 1 20 2 10 7 17 18 19 6 24 14 
7 24 2 3 9 5 14 6 
2 2 4 
3 3 4 11 
6 2 13 15 8 3 19 
8 16 26 13 9 7 15 18 3 
6 8 22 4 25 23 17 
3 3 11 2 
2 6 10 
2 3 2 
2 8 7 
2 4 3 
3 7 8 20 
3 8 21 2 
2 9 3 
3 3 22 8 
2 7 3 
2 3 15 
2 16 2 
2 18 9 
2 9 2 
2 4 3 
1 9 
2 8 2 

13 25 12 8 5 4 17 23 10 22 15 16 26 3 
7 3 8 17 11 9 4 14 
6 1 7 2 5 6 11 
7 18 6 2 1 9 13 10 
4 21 7 3 1 
4 3 25 14 4 
5 5 3 20 24 19 
2 1 2 
2 4 2 
3 24 4 1 
4 23 12 3 2 
5 13 15 20 1 11 
3 4 12 16 
5 6 19 2 21 22 
3 1 12 26 
3 18 1 13 
2 2 1 
2 4 16 
2 14 7 
2 7 12 
2 5 14 
3 14 25 1 
2 1 11 
2 10 7 
3 22 6 1 
2 15 1 

2 3 4 
9 26 9 13 5 3 11 23 21 18 
14 11 6 2 17 25 19 5 20 4 10 16 1 12 15 
2 1 3 
9 2 10 24 8 14 6 15 7 3 
8 20 5 14 22 12 7 3 13 
6 5 6 8 23 16 9 
2 7 5 
6 21 18 2 17 7 22 
3 3 5 25 
2 2 3 
2 6 3 
2 2 6 
2 6 5 
3 3 5 19 
2 3 7 
3 9 3 26 
2 9 2 
2 15 3 
2 6 3 
2 2 9 
2 9 6 
2 7 2 
1 5 
2 10 3 
2 2 17 

7 23 12 13 3 7 20 11 
4 5 24 3 4 
7 26 4 22 6 2 1 15 
13 10 19 5 8 24 3 6 2 17 11 18 16 9 
2 2 4 
8 9 10 18 8 4 7 21 3 
3 1 20 6 
2 4 6 
4 12 6 4 23 
6 14 13 22 4 25 6 
2 1 4 
4 1 15 9 16 
7 25 26 1 14 17 10 21 
2 13 10 
2 3 12 
2 4 12 
2 4 13 
2 4 6 
1 4 
3 24 1 7 
2 6 13 
2 10 3 
2 9 1 
3 20 2 4 
2 13 10 
2 13 3 

4 8 6 3 25 
6 8 5 17 16 3 4 
12 11 20 18 9 4 22 10 5 23 7 2 1 
8 2 19 18 6 3 13 11 10 
6 12 16 9 2 3 7 
4 1 15 13 4 
3 25 5 3 
3 21 1 2 
4 12 3 5 14 
4 24 3 20 4 
5 4 15 3 22 14 
2 5 9 
2 6 4 
6 11 9 21 19 17 26 
3 11 6 26 
2 2 5 
2 2 14 
3 19 4 3 
3 4 14 18 
2 3 10 
2 8 14 
2 3 11 
1 3 
1 10 
2 7 1 
2 15 14 

8 19 4 11 5 10 7 9 3 
7 21 8 15 20 3 14 9 
12 6 20 15 13 17 26 1 2 12 5 7 4 
9 8 10 6 3 18 1 12 24 13 
5 3 1 25 16 24 
5 4 3 21 16 18 
2 1 3 
2 2 4 
6 2 14 23 25 1 11 
2 1 4 
2 1 9 
3 4 3 26 
2 3 4 
3 17 9 2 
2 2 3 
2 6 5 
2 3 14 
2 6 4 
2 1 23 
3 2 24 3 
2 2 6 
0 
2 19 9 
3 4 5 20 
2 5 9 
2 3 12 

5 18 5 4 10 3 
5 3 6 23 8 24 
9 12 1 17 2 13 24 5 4 7 
7 3 8 6 20 17 1 15 
4 3 7 1 14 
8 11 16 14 4 9 2 21 15 
6 3 13 19 9 12 5 
3 11 2 4 
3 6 7 10 
2 1 9 
2 8 6 
2 7 3 
5 23 16 3 22 7 
3 25 6 5 
2 6 4 
2 6 13 
4 3 22 19 4 
2 22 1 
2 7 17 
2 4 23 
1 6 
3 17 13 18 
3 2 13 20 
2 3 2 
1 14 
0 

11 13 11 6 4 25 5 3 18 17 21 15 
10 5 3 4 7 15 9 24 19 16 10 
8 21 14 2 6 8 1 9 13 
5 1 7 2 17 26 
3 24 2 1 
3 3 1 8 
5 2 18 20 4 12 
4 3 22 6 10 
2 2 3 
3 8 2 11 
3 1 12 10 
3 7 11 20 
4 14 3 1 19 
2 13 3 
5 1 18 19 21 2 
1 2 
4 1 4 26 25 
4 15 26 7 1 
5 2 20 15 22 13 
3 19 12 7 
3 3 15 1 
2 19 8 
0 
2 2 5 
2 1 17 
3 4 18 17 

4 3 12 6 16 
6 7 22 3 20 18 4 
16 19 11 4 8 2 16 17 10 21 15 26 1 14 5 24 23 
5 12 2 5 20 3 
9 14 25 21 3 15 26 7 4 6 
3 9 1 5 
7 11 13 8 2 17 19 5 
5 3 7 9 13 24 
3 6 10 8 
2 9 3 
3 23 3 7 
3 1 25 4 
2 7 8 
4 16 3 23 5 
2 3 5 
3 14 1 3 
4 7 22 26 3 
1 2 
3 3 25 7 
2 4 2 
3 3 5 23 
2 2 17 
4 3 11 21 14 
2 3 8 
3 12 5 19 
3 17 5 3 

4 3 11 5 4 
8 9 5 21 22 7 6 3 20 
8 26 2 15 10 8 4 16 1 
6 23 1 17 21 3 12 
11 6 1 14 26 9 8 23 13 11 2 10 
5 7 12 16 2 5 
4 13 2 20 6 
2 3 5 
4 25 2 5 14 
2 3 5 
3 1 19 5 
2 4 6 
2 5 7 
3 18 5 9 
1 3 
2 3 6 
1 4 
1 14 
1 11 
2 7 2 
3 22 4 2 
2 2 21 
2 4 5 
0 
1 9 
2 5 3 

9 15 7 5 21 26 6 3 19 14 
4 12 4 13 3 
13 2 13 26 6 19 8 11 16 4 18 5 1 25 
4 12 3 7 2 
4 1 10 3 8 
5 21 15 1 20 3 
4 1 23 4 9 
7 11 22 3 9 17 10 5 
8 7 14 22 8 23 24 18 16 
3 8 5 20 
2 8 3 
3 4 18 2 
4 2 3 22 15 
2 9 1 
5 24 1 13 25 6 
6 18 17 19 24 9 3 
2 16 8 
4 9 3 12 16 
3 16 1 3 
2 6 10 
2 1 6 
3 8 13 9 
2 9 7 
3 9 15 16 
2 3 15 
2 3 1 

1 3 
4 16 4 12 3 
10 6 1 24 19 8 2 4 5 21 12 
7 3 6 5 25 7 20 2 
5 20 4 23 3 9 
5 3 7 9 4 11 
6 8 4 22 10 13 6 
6 7 26 17 10 14 3 
5 15 6 18 5 11 
2 8 7 
2 6 9 
2 2 3 
2 7 17 
1 8 
2 9 24 
1 2 
3 13 25 8 
1 9 
1 3 
2 4 5 
1 3 
1 7 
1 5 
2 15 3 
2 17 4 
1 8 

11 23 4 21 12 18 5 14 25 3 11 19 
4 21 15 6 3 
9 4 25 1 2 17 5 12 6 7 
4 9 1 3 22 
5 8 3 9 1 7 
6 8 10 2 16 22 3 
3 10 5 3 
3 5 6 13 
2 5 4 
4 22 7 6 26 
5 16 15 23 21 1 
4 3 13 1 14 
2 12 8 
2 12 1 
2 11 2 
4 11 6 25 17 
4 18 16 19 3 
2 17 1 
2 1 17 
0 
4 1 24 11 2 
3 10 6 4 
2 1 11 
1 21 
3 1 3 16 
1 10 

3 23 26 3 
7 5 23 4 3 9 18 16 
7 2 1 10 11 22 6 4 
5 5 3 7 15 2 
11 17 15 8 14 4 7 12 11 6 13 2 
5 9 3 13 5 25 
4 8 5 22 4 
2 5 7 
2 2 6 
2 3 11 
5 3 26 10 13 5 
3 14 15 5 
7 5 20 16 11 17 18 6 
2 12 5 
3 5 12 4 
2 13 2 
2 13 5 
5 19 20 13 26 2 
1 18 
2 13 18 
1 24 
3 3 23 7 
4 24 1 22 2 
2 21 23 
1 6 
3 1 11 18 

4 3 25 26 10 
2 3 4 
11 4 20 21 15 22 1 6 17 7 2 5 
5 3 2 5 9 23 
9 13 9 6 4 24 12 3 8 17 
9 8 7 26 11 10 12 5 3 25 
2 3 6 
5 6 14 5 10 19 
2 4 5 
4 1 12 8 6 
1 6 
3 10 5 6 
1 5 
4 8 17 20 21 
2 3 16 
2 15 19 
6 24 5 3 26 14 18 
2 20 17 
3 8 24 16 
5 3 21 14 18 25 
3 20 3 14 
1 3 
1 4 
3 19 5 17 
3 1 20 6 
3 6 1 17 

3 3 7 4 
11 10 9 20 5 17 11 3 13 16 6 12 
6 1 8 4 18 2 26 
13 24 10 1 9 17 13 23 15 16 5 3 14 6 
5 8 4 2 7 20 
2 2 4 
3 14 1 5 
3 13 3 5 
3 11 4 2 
7 16 19 23 15 2 18 4 
3 9 16 2 
4 14 19 2 22 
3 2 8 4 
3 12 7 4 
3 10 4 18 
5 21 4 10 2 11 
2 2 4 
5 20 3 10 15 24 
2 12 10 
3 5 2 18 
1 16 
1 12 
2 10 4 
2 4 18 
0 
1 3 

5 4 9 3 13 5 
6 20 7 21 18 11 3 
10 2 17 23 1 6 4 12 25 22 20 
5 3 5 1 7 12 
2 4 1 
2 24 3 
5 19 23 2 12 4 
2 21 14 
3 1 15 18 
1 11 
2 2 10 
5 22 3 4 25 7 
1 1 
1 8 
1 9 
1 21 
1 3 
3 19 2 9 
3 18 7 26 
3 2 3 25 
4 8 22 2 16 
3 12 21 3 
2 3 7 
1 6 
3 12 20 3 
1 19 

9 4 8 16 15 5 21 13 3 12 
14 23 20 18 6 24 14 8 19 10 13 5 3 7 11 
6 15 1 7 4 6 2 
2 3 1 
8 14 9 6 1 10 22 2 8 
5 3 5 8 17 2 
9 11 23 2 10 26 13 15 3 25 
5 2 1 14 6 5 
2 16 5 
3 2 5 7 
6 16 2 19 24 15 7 
3 24 26 1 
3 1 2 7 
3 5 2 8 
4 7 3 11 1 
5 11 21 9 1 19 
2 6 18 
2 17 2 
3 16 11 2 
1 2 
2 16 1 
1 5 
2 7 2 
3 2 11 12 
1 7 
2 7 12 

3 3 7 11 
7 3 14 22 5 12 4 15 
2 1 2 
2 2 19 
4 9 11 26 2 
0 
4 22 1 9 12 
0 
5 5 25 17 10 7 
3 20 17 9 
3 1 5 21 
2 2 7 
2 14 16 
4 2 18 13 26 
1 2 
1 13 
3 22 10 9 
1 14 
3 4 25 24 
1 10 
1 11 
4 23 17 7 2 
1 22 
1 19 
2 19 9 
2 5 14 

4 17 3 4 19 
0 
6 1 4 7 10 9 6 
10 8 11 3 17 6 15 12 5 21 1 
1 4 
6 3 18 4 9 22 8 
7 3 19 13 21 14 18 10 
2 6 4 
3 6 3 23 
3 17 3 7 
2 19 4 
3 16 13 4 
3 12 7 20 
2 16 7 
2 4 26 
2 14 12 
5 24 23 1 4 10 
2 6 7 
4 20 11 1 7 
3 25 19 13 
2 7 4 
1 6 
4 9 25 17 24 
2 17 23 
3 26 20 23 
2 25 15 

0 
15 19 10 12 20 18 11 3 9 8 21 23 15 25 5 6 
4 11 2 4 16 
11 5 7 8 10 6 25 16 15 3 17 20 
7 7 14 13 26 24 4 2 
4 9 2 4 14 
4 24 4 22 5 
2 2 4 
6 18 12 2 21 13 6 
2 2 4 
3 3 2 26 
2 2 9 
2 9 5 
2 5 6 
2 4 2 
2 4 3 
1 4 
2 2 9 
2 2 22 
2 2 4 
2 2 9 
3 19 7 23 
2 2 22 
2 5 7 
2 2 4 
2 5 11 

7 9 7 22 18 14 3 21 
12 11 6 4 23 26 9 13 5 8 10 3 7 
3 2 1 4 
6 5 19 3 12 24 2 
6 2 15 17 6 4 18 
7 8 10 2 24 5 15 12 
2 2 1 
6 19 14 6 11 16 2 
5 13 25 2 20 1 
3 23 6 2 
2 2 8 
4 4 6 20 21 
2 9 2 
4 8 26 1 17 
3 16 6 5 
2 15 8 
2 5 14 
3 22 5 1 
2 4 8 
3 25 12 9 
2 12 1 
2 18 1 
2 10 2 
2 4 6 
2 20 9 
2 2 14 

5 16 26 3 14 11 
5 5 9 4 3 14 
10 2 20 10 7 12 6 1 11 4 23 
12 25 18 6 3 7 16 8 2 15 5 9 13 
7 4 19 17 24 8 10 2 
2 3 4 
7 21 19 3 4 23 17 12 
2 5 4 
3 2 13 4 
2 5 3 
2 1 3 
2 7 3 
3 24 4 9 
4 1 15 2 22 
3 4 14 18 
4 1 4 22 20 
2 5 7 
2 4 15 
3 5 21 7 
2 3 16 
3 19 7 25 
2 16 14 
3 3 26 7 
2 13 5 
2 21 4 
2 23 1 

8 4 18 3 26 22 17 9 6 
5 15 7 6 3 4 
5 1 13 16 5 2 
12 5 2 25 12 8 10 14 7 23 1 26 9 
4 3 14 4 23 
2 1 2 
5 8 2 11 4 15 
3 7 21 4 
6 12 13 10 19 1 4 
4 9 20 4 11 
3 7 10 18 
2 9 4 
4 9 16 24 3 
4 5 17 4 20 
2 7 2 
6 25 13 19 22 21 3 
3 1 14 24 
2 11 1 
2 16 9 
2 14 10 
2 16 8 
2 16 1 
2 4 5 
2 13 17 
2 4 16 
2 4 1 

7 3 17 9 13 4 11 10 
5 3 4 7 5 16 
11 1 17 6 8 13 12 11 2 14 5 7 
3 2 1 23 
6 26 25 6 3 10 2 
6 8 18 3 5 14 12 
4 3 9 19 2 
4 24 15 3 6 
3 1 16 7 
2 5 1 
4 24 19 3 1 
4 20 3 22 6 
4 18 21 1 3 
3 3 15 6 
4 20 8 14 23 
2 9 2 
2 1 3 
2 6 13 
3 21 7 11 
2 15 12 
4 19 22 13 26 
2 21 12 
3 15 25 4 
2 8 11 
2 23 5 
2 21 5 

4 20 3 21 6 
11 6 8 20 3 17 14 11 5 7 9 4 
10 8 22 4 1 5 14 12 2 10 7 
3 2 3 15 
2 2 3 
3 1 17 2 
8 2 9 3 18 25 10 26 13 
4 2 3 24 12 
7 18 16 7 2 11 19 24 
3 3 13 7 
6 22 2 21 9 23 15 
3 3 8 16 
2 10 7 
2 3 2 
3 4 19 11 
2 9 12 
2 6 2 
3 25 9 7 
3 26 9 15 
2 1 2 
2 11 1 
3 11 23 3 
2 22 11 
2 8 9 
2 7 18 
2 19 7 

2 3 12 
9 13 22 3 11 4 6 20 5 25 
6 23 2 1 20 4 22 
10 24 3 12 5 14 7 9 2 21 6 
7 7 8 10 4 21 23 2 
8 8 4 2 15 16 18 17 11 
5 16 17 10 5 4 
3 5 6 9 
2 4 8 
3 13 7 5 
2 2 6 
4 1 19 15 4 
4 25 14 2 10 
3 26 4 13 
3 6 19 12 
5 6 7 26 18 24 
2 7 6 
2 6 16 
2 12 15 
2 2 3 
2 5 4 
2 2 3 
2 3 5 
2 16 4 
2 13 2 
2 14 16 

6 3 4 11 9 6 22 
2 3 15 
14 5 12 2 1 4 10 13 6 16 8 11 21 7 15 
10 19 13 26 12 7 1 8 3 5 22 
8 4 25 23 3 24 19 20 9 
2 3 1 
5 20 16 3 4 14 
3 3 25 4 
4 10 5 1 17 
3 3 24 9 
2 1 3 
2 3 4 
4 21 14 4 3 
2 7 13 
4 3 18 17 2 
2 7 3 
4 18 9 23 15 
2 15 17 
2 4 5 
3 7 5 26 
2 13 3 
2 1 4 
2 5 17 
2 10 5 
2 5 8 
2 4 20 

6 3 8 4 5 6 10 
1 3 
13 24 5 20 14 7 1 4 25 9 16 6 2 22 
3 1 7 3 
5 11 1 9 3 14 
6 8 3 24 1 12 20 
6 11 16 4 10 19 3 
3 17 6 1 
10 23 3 5 19 25 13 21 26 15 12 
3 26 1 7 
5 7 21 13 5 18 
4 9 22 15 6 
2 9 11 
3 3 5 17 
2 9 12 
3 7 3 18 
2 8 14 
2 16 11 
2 9 7 
2 3 6 
2 11 9 
2 12 3 
1 9 
2 3 6 
2 9 3 
2 10 9 

15 19 26 12 9 7 4 24 6 11 23 3 15 21 22 16 
6 6 3 5 4 13 17 
8 9 10 2 26 5 1 12 23 
6 2 11 8 10 18 1 
2 3 2 
5 7 2 16 8 1 
3 6 15 1 
2 4 6 
4 3 25 20 1 
4 3 14 13 4 
3 4 18 1 
6 17 1 3 14 22 19 
2 10 2 
3 10 12 20 
2 1 7 
2 1 6 
3 2 24 12 
2 4 11 
2 1 12 
2 9 14 
1 1 
3 12 1 23 
3 22 3 1 
2 17 1 
1 9 
2 1 3 

5 11 12 3 19 5 
6 7 5 4 9 3 6 
8 1 6 2 23 25 4 10 20 
2 3 2 
3 15 1 2 
9 16 8 15 10 7 14 3 2 13 
10 26 21 2 17 6 18 20 8 9 11 
2 6 7 
3 2 16 7 
6 13 3 19 12 6 22 
2 1 7 
6 14 18 10 24 1 22 
3 10 6 17 
2 12 6 
2 5 6 
2 9 6 
7 21 24 13 7 23 25 26 
2 12 7 
3 1 21 10 
3 25 7 3 
3 7 19 17 
2 10 12 
2 17 3 
2 12 17 
3 20 3 17 
2 17 7 

7 4 15 21 13 3 17 8 
2 5 3 
13 8 2 12 24 10 16 6 9 7 4 11 1 19 
9 16 5 3 9 17 7 12 6 1 
3 2 4 13 
2 4 3 
7 21 4 20 3 19 14 26 
3 22 1 3 
5 4 3 11 10 15 
2 9 3 
2 3 9 
2 3 4 
3 14 1 5 
2 7 13 
2 1 9 
6 4 22 18 20 24 3 
2 4 1 
1 16 
2 3 7 
2 16 7 
2 7 1 
2 8 16 
0 
2 3 16 
0 
1 7 

8 10 8 22 15 3 4 6 20 
3 18 3 24 
7 17 25 4 1 2 7 5 
15 3 6 25 13 20 10 14 26 7 19 17 8 11 5 1 
3 3 4 18 
6 9 4 22 23 1 24 
3 12 3 4 
7 1 9 11 4 16 12 14 
2 6 8 
3 4 1 26 
2 8 4 
6 13 16 15 21 8 7 
2 4 12 
3 21 4 8 
3 23 12 1 
2 12 8 
3 4 18 3 
3 2 17 5 
2 25 4 
4 23 1 26 4 
2 12 14 
4 23 25 6 1 
4 6 15 20 22 
2 6 2 
4 3 19 4 22 
3 10 4 20 

10 4 11 19 16 12 3 17 6 8 5 
2 5 3 
11 16 9 17 4 10 14 1 15 2 13 6 
6 3 1 22 7 20 8 
3 9 2 1 
6 3 23 1 7 19 26 
6 21 20 4 6 24 25 
4 1 4 18 10 
2 5 3 
7 3 11 18 12 8 13 21 
4 10 1 15 14 
4 22 25 10 1 
3 24 3 10 
3 3 11 26 
2 3 11 
2 3 1 
3 1 3 19 
2 10 8 
3 1 6 17 
2 4 7 
2 10 7 
2 4 12 
1 6 
2 7 13 
2 12 7 
2 6 14 

15 6 13 4 14 3 11 26 5 20 12 9 18 10 7 21 
4 16 3 8 4 
4 11 22 1 2 
6 7 2 5 15 1 10 
7 1 4 8 9 26 6 17 
2 1 5 
3 4 19 1 
3 17 5 2 
3 1 5 21 
4 1 15 20 4 
4 3 1 14 12 
3 13 1 11 
4 12 19 24 1 
2 1 11 
3 23 4 10 
1 2 
2 5 8 
1 1 
2 13 7 
2 1 10 
2 1 9 
1 3 
1 15 
1 13 
0 
2 5 1 

3 5 3 6 
8 11 8 6 5 22 3 10 4 
9 15 8 2 20 4 16 14 13 1 
4 10 3 2 7 
7 9 1 12 2 23 7 22 
4 2 1 9 26 
4 4 12 25 5 
7 23 17 15 18 13 2 3 
7 6 14 18 20 17 5 21 
3 4 2 11 
4 10 2 26 16 
2 7 5 
2 3 8 
3 16 3 9 
2 8 3 
3 11 3 14 
4 9 8 22 18 
3 9 8 17 
2 24 25 
3 3 9 23 
2 23 9 
4 2 5 25 17 
4 8 21 20 5 
1 19 
3 22 7 19 
2 6 11 

13 13 5 4 7 10 8 9 6 26 17 3 19 14 
10 23 8 26 10 5 21 17 22 3 7 
9 16 6 11 19 1 20 13 2 4 
2 3 1 
2 2 1 
6 15 16 12 18 1 3 
2 1 2 
7 2 18 20 11 9 14 1 
2 8 1 
3 24 1 2 
3 12 3 8 
2 6 11 
2 3 1 
2 1 8 
1 6 
5 21 3 6 24 19 
3 2 1 19 
2 8 6 
4 1 16 3 17 
2 8 3 
2 2 16 
3 2 25 24 
1 2 
3 10 22 16 
1 22 
2 2 1 

6 15 20 13 5 4 3 
5 11 10 5 23 3 
5 1 8 4 12 2 
11 17 15 6 7 19 14 1 3 21 10 25 
10 24 6 12 17 14 26 1 18 2 9 
5 7 4 22 9 5 
8 4 18 6 22 21 16 23 8 
3 11 3 7 
2 5 6 
3 2 4 16 
2 2 8 
3 3 15 5 
2 1 25 
3 4 21 5 
3 4 1 12 
2 10 7 
2 4 5 
2 7 5 
4 25 4 22 24 
1 1 
4 14 4 23 7 
3 6 19 7 
3 21 2 7 
2 5 19 
3 19 4 13 
1 5 

9 7 15 3 6 8 4 10 26 12 
1 3 
9 2 11 18 26 7 4 1 13 5 
9 14 10 1 15 3 13 21 9 5 
4 4 22 3 6 
5 8 16 19 5 1 
7 1 3 17 21 11 20 22 
7 9 12 17 16 6 14 1 
4 4 18 25 8 
2 1 4 
5 3 13 7 26 20 
2 1 8 
3 3 4 11 
2 4 8 
2 4 1 
4 24 8 19 6 
2 8 7 
2 9 3 
3 25 16 6 
2 11 7 
2 7 4 
2 5 7 
0 
1 16 
2 19 9 
3 1 3 11 

3 7 5 3 
8 4 16 22 13 6 5 3 12 
12 4 10 20 1 6 9 7 2 24 8 17 14 
4 12 11 3 2 
3 2 21 1 
5 18 10 8 3 2 
6 1 13 22 18 3 26 
3 9 3 6 
2 3 8 
2 3 6 
2 19 4 
3 2 4 24 
2 7 2 
2 20 3 
1 23 
1 2 
2 3 25 
2 6 7 
1 11 
2 14 3 
1 5 
4 24 7 23 2 
2 22 15 
3 3 12 22 
1 17 
1 7 

