6 4 7 34 6 5 28 
3 38 22 4 
12 18 5 27 12 35 13 9 30 32 6 39 4 
25 36 7 13 5 16 26 22 11 17 25 1 10 15 8 41 6 12 2 21 3 14 43 39 9 20 
6 13 1 14 11 4 3 
11 4 19 23 22 1 7 8 9 18 3 28 
12 14 6 27 10 30 18 1 12 20 8 4 11 
7 4 6 37 7 21 17 36 
8 15 3 24 4 42 6 41 10 
6 4 9 23 16 7 19 
15 43 27 32 46 20 7 30 25 5 24 16 19 40 15 4 
6 42 4 29 3 7 44 
4 5 4 3 36 
6 37 7 31 5 17 4 
4 9 11 4 25 
6 4 33 31 10 39 11 
5 14 37 28 8 4 
4 45 7 6 3 
3 11 6 10 
6 29 4 7 21 11 33 
5 20 32 4 8 24 
9 26 4 42 31 40 43 6 2 23 
4 35 6 22 10 
5 21 11 41 9 26 
3 15 11 4 
4 4 24 22 46 
5 3 7 45 11 29 
4 17 6 33 1 
3 12 27 20 
3 3 11 7 
3 16 22 14 
4 21 11 3 34 
6 40 16 45 20 34 28 
5 44 33 32 1 35 
4 23 38 3 34 
3 13 8 4 
4 38 17 8 14 
3 35 2 37 
3 3 16 4 
3 33 22 11 
4 4 24 9 44 
3 9 22 12 
3 22 4 11 
3 34 41 12 
4 46 33 18 27 
3 45 26 11 

7 42 19 35 39 4 29 5 
11 25 19 4 17 41 6 10 14 31 11 33 
5 5 30 32 27 4 
18 34 22 23 33 13 31 1 8 7 10 18 3 2 9 5 26 46 6 
14 3 34 8 6 42 28 7 43 12 32 4 33 35 1 
13 4 13 19 5 46 17 12 14 37 15 7 21 2 
8 5 15 8 45 9 6 20 4 
10 13 5 45 20 4 35 12 16 9 7 
6 7 11 8 4 32 10 
8 9 17 16 2 4 21 11 27 
7 2 23 24 10 9 22 26 
12 36 8 18 5 16 46 14 38 44 22 15 6 
5 6 8 21 34 4 
6 2 12 43 24 18 6 
7 20 26 12 24 29 6 7 
6 36 12 10 8 38 42 
5 2 10 6 38 40 
6 45 12 4 14 25 39 
6 28 40 6 37 2 1 
4 23 7 15 8 
8 30 13 6 43 40 25 10 31 
4 41 12 11 4 
4 11 29 4 20 
5 37 11 27 15 14 
5 2 36 21 28 18 
3 4 15 11 
4 3 30 24 10 
3 19 25 5 
4 1 41 15 23 
3 27 3 21 
3 21 2 4 
3 3 5 9 
4 5 2 44 4 
3 4 13 5 
3 8 5 1 
4 25 16 12 39 
3 19 24 6 
4 17 12 16 44 
3 1 18 36 
3 19 17 21 
3 22 2 29 
3 16 1 5 
3 5 14 21 
3 33 12 38 
3 18 7 8 
3 4 6 12 

14 13 25 26 22 38 6 8 45 23 5 24 27 7 4 
1 4 
17 4 26 28 31 5 12 7 10 15 9 18 40 21 6 35 13 20 
18 29 15 16 41 2 34 21 7 5 33 11 3 39 8 10 17 36 1 
19 42 30 27 22 3 12 4 14 11 1 9 35 40 8 18 39 34 6 13 
6 5 3 17 21 45 1 
10 33 23 4 9 15 42 29 3 1 43 
5 1 31 20 5 4 
10 5 20 12 19 7 10 26 3 14 38 
7 17 11 19 4 9 41 3 
6 23 10 5 14 4 38 
9 16 9 28 24 5 37 3 46 18 
4 3 1 24 5 
5 11 5 30 9 16 
4 7 4 3 32 
5 34 29 14 12 4 
5 6 4 40 10 28 
10 30 19 37 12 41 3 44 32 5 45 
3 18 10 9 
3 8 3 9 
7 46 22 25 3 4 6 37 
4 5 36 1 21 
5 1 31 27 11 7 
5 12 25 1 33 13 
4 21 1 24 36 
5 9 44 1 3 39 
3 1 5 23 
3 3 17 12 
4 4 16 32 7 
4 42 14 18 5 
4 35 23 3 8 
3 29 15 18 
3 7 24 4 
6 4 5 44 46 16 43 
3 3 31 5 
3 4 22 25 
4 12 21 18 43 
3 1 11 9 
3 4 5 26 
3 3 5 17 
3 10 18 4 
3 30 7 5 
3 34 37 7 
3 34 26 18 
3 1 18 6 
3 21 34 12 

2 4 13 
6 5 31 8 26 4 35 
9 19 10 41 16 5 7 6 4 42 
18 10 31 6 39 9 7 23 13 1 2 18 37 5 8 36 12 11 3 
19 44 16 36 38 30 45 33 21 8 15 11 4 9 24 41 6 2 42 3 
6 15 3 5 7 4 39 
14 28 15 3 34 20 41 6 29 35 18 40 24 25 4 
8 4 2 44 27 18 5 9 10 
13 19 13 11 24 4 8 12 5 36 39 20 14 17 
8 8 27 40 12 4 28 37 3 
5 9 26 21 5 4 
7 10 19 25 9 4 33 14 
4 14 9 4 1 
6 34 22 13 12 9 17 
5 6 7 5 16 17 
6 46 5 31 3 15 35 
12 38 26 22 15 9 30 23 32 21 14 34 45 
6 8 4 37 32 20 7 
7 9 25 3 40 29 23 12 
4 7 29 9 18 
6 22 5 28 17 27 11 
4 14 21 38 17 
3 19 4 17 
3 9 7 5 
6 32 7 12 44 19 30 
3 11 2 17 
5 10 21 8 43 33 
3 10 7 21 
4 19 20 7 46 
3 25 17 5 
3 4 16 2 
4 45 18 17 25 
3 5 12 27 
3 14 17 7 
3 16 7 2 
3 9 4 5 
5 42 18 43 10 4 
3 5 17 22 
3 6 4 9 
3 19 10 7 
4 43 7 3 5 
3 37 3 5 
4 46 27 41 37 
3 25 5 8 
3 32 5 17 
3 43 29 16 

17 33 10 14 22 12 5 4 13 16 40 6 30 7 8 28 26 20 
13 6 8 15 18 27 42 11 19 4 7 9 20 35 
4 30 38 5 4 
14 3 9 6 10 13 28 5 1 29 12 16 42 23 2 
13 4 3 29 1 15 35 21 44 33 17 11 7 25 
10 1 21 36 27 33 46 4 24 2 19 
12 9 22 32 35 1 2 10 8 5 11 15 41 
8 2 25 14 7 24 1 18 16 
6 7 26 2 17 19 4 
4 1 23 7 4 
9 14 36 38 5 37 13 2 12 7 
10 36 37 1 41 32 11 24 4 44 40 
7 31 37 38 20 1 11 4 
4 1 8 31 11 
3 2 5 7 
5 1 17 8 4 39 
4 5 16 9 18 
7 29 17 2 8 28 22 46 
7 23 6 21 26 9 2 25 
4 43 1 2 13 
6 41 19 34 5 44 6 
6 7 18 34 43 45 1 
3 19 10 4 
3 12 6 8 
4 8 19 30 5 
4 1 27 9 19 
3 26 2 6 
4 1 18 4 43 
3 4 5 18 
5 25 31 32 1 3 
5 14 39 45 13 30 
3 30 7 12 
4 1 6 34 5 
3 21 22 33 
3 5 7 2 
5 11 12 6 40 39 
4 11 13 45 12 
3 3 13 11 
3 31 36 16 
4 36 1 12 42 
4 21 12 7 46 
3 4 2 40 
3 22 28 20 
3 5 21 12 
3 31 22 37 
3 6 18 41 

3 4 14 42 
6 7 38 23 6 4 5 
15 4 15 23 25 6 20 5 26 35 13 7 8 11 21 12 
24 5 25 41 33 17 2 24 14 10 22 43 6 30 3 1 31 9 28 45 36 34 29 11 7 
16 2 20 30 35 16 13 23 29 22 8 37 9 4 3 38 43 
10 10 8 2 3 39 33 4 34 20 37 
13 46 42 32 2 4 18 14 19 15 3 24 43 16 
11 5 37 24 36 18 11 44 3 9 10 6 
8 45 21 33 8 12 4 5 36 
10 6 38 26 16 29 25 15 8 17 4 
7 19 4 26 21 8 3 12 
7 9 27 3 19 13 11 18 
3 3 5 12 
6 1 4 44 31 7 17 
5 32 10 7 3 40 
6 41 31 5 7 28 10 
4 10 14 28 4 
4 12 27 8 7 
5 46 12 22 7 11 
3 5 6 3 
5 3 11 9 45 27 
3 5 4 19 
4 2 5 40 3 
3 8 4 7 
3 3 10 4 
4 3 30 11 10 
4 39 12 18 21 
3 16 4 17 
3 10 4 5 
5 35 5 26 4 41 
4 14 32 4 16 
4 15 46 7 31 
5 4 6 34 44 9 
3 33 4 6 
5 40 3 39 30 5 
3 9 4 8 
3 6 8 5 
3 10 5 2 
3 6 27 35 
3 23 35 15 
4 16 30 42 4 
3 41 7 1 
3 5 4 7 
3 14 8 33 
3 21 9 4 
3 32 7 19 

16 27 46 6 21 44 43 11 37 34 39 29 31 7 4 15 14 
6 41 24 4 11 6 5 
4 20 35 4 5 
20 20 5 32 3 19 2 44 13 6 12 31 22 17 1 7 43 23 8 37 9 
11 2 40 10 24 22 3 41 42 12 9 4 
10 2 4 1 14 15 7 19 38 8 45 
15 8 42 15 17 6 9 14 26 38 1 10 24 46 4 13 
9 40 32 27 4 6 16 7 28 18 
13 4 39 32 25 10 37 7 41 19 5 27 20 18 
9 21 9 11 13 12 29 5 7 26 
7 16 28 2 35 1 10 40 
3 4 10 5 
10 42 10 39 17 4 23 16 7 18 30 
3 6 7 1 
4 7 6 34 1 
4 30 8 13 11 
3 7 13 4 
5 13 28 9 8 21 
3 6 4 9 
4 3 31 4 9 
7 1 29 45 18 10 22 34 
6 33 4 23 21 25 5 
5 38 25 4 13 22 
5 2 5 33 26 7 
4 22 9 33 23 
3 24 10 7 
3 9 8 1 
5 11 30 8 18 35 
4 1 10 21 43 
4 28 13 16 36 
4 4 44 20 1 
4 36 9 8 4 
4 25 22 36 24 
3 1 21 15 
3 11 3 28 
3 30 32 33 
3 9 4 1 
3 23 6 7 
3 13 9 1 
4 45 11 5 8 
3 5 2 9 
3 13 5 7 
3 29 1 4 
3 31 4 1 
3 21 40 6 
2 1 7 

9 16 13 12 32 7 6 4 5 26 
8 5 19 13 4 6 25 43 11 
6 10 5 36 15 20 4 
12 46 8 34 1 29 35 9 7 18 3 19 2 
12 17 25 3 32 42 6 2 20 33 35 1 24 
18 2 31 11 8 45 25 29 15 7 1 5 10 38 9 23 41 43 27 
16 9 18 6 1 10 8 13 16 23 14 4 42 26 12 40 11 
7 7 46 45 4 38 6 19 
8 28 6 27 12 7 30 18 4 
7 44 7 3 42 17 6 20 
4 32 7 6 2 
11 31 1 36 46 17 33 7 14 24 35 9 
12 27 2 15 7 14 26 24 21 16 1 36 29 
3 7 13 12 
6 13 33 22 3 6 34 
4 13 1 7 38 
7 22 21 41 10 12 31 5 
4 9 22 4 7 
6 4 30 28 34 2 8 
6 5 3 23 21 39 10 
4 20 44 13 17 
3 18 17 15 
4 20 28 6 7 
3 5 12 13 
6 2 39 6 37 41 5 
4 7 1 13 37 
4 6 9 44 13 
4 9 40 19 23 
5 37 13 30 4 6 
3 29 19 9 
5 12 17 40 6 45 
3 1 5 11 
3 15 5 12 
3 4 19 15 
5 5 43 39 12 4 
3 13 3 12 
3 26 25 29 
3 16 8 6 
3 20 25 35 
3 31 7 28 
3 25 17 6 
3 7 5 10 
3 2 35 6 
3 27 21 10 
4 8 31 6 46 
4 45 8 12 4 

17 23 25 5 4 40 43 6 46 34 16 7 9 12 39 8 10 15 
9 14 42 41 16 5 43 4 6 39 
3 9 11 4 
18 3 28 20 6 29 26 24 30 19 1 27 41 16 7 35 5 33 2 
6 24 1 2 8 20 4 
13 21 38 10 9 13 4 8 17 1 7 2 23 14 
16 15 25 29 1 14 12 20 36 32 26 4 30 6 10 18 37 
7 6 5 1 38 31 12 21 
10 1 19 37 11 40 31 33 32 6 3 
12 45 18 41 11 1 23 6 13 17 24 7 22 
7 9 37 22 26 10 34 3 
7 34 13 22 7 1 8 21 
10 10 40 12 17 6 36 27 19 15 39 
3 7 6 2 
4 33 1 7 13 
4 2 4 25 1 
4 10 18 6 13 
3 7 10 17 
4 13 30 4 9 
7 7 32 43 4 5 29 44 
4 28 8 6 12 
4 11 10 31 12 
4 35 6 10 1 
4 35 5 10 4 
5 27 28 16 7 1 
3 4 11 7 
3 13 25 4 
5 4 25 21 45 46 
4 20 7 42 4 
5 4 44 7 36 19 
3 9 22 8 
3 20 9 7 
3 9 4 15 
4 1 11 38 12 
3 4 24 23 
3 30 13 7 
3 11 7 9 
3 34 8 6 
3 2 1 13 
3 9 1 13 
3 2 4 10 
2 29 2 
3 20 1 2 
2 20 30 
2 10 28 
2 1 28 

7 21 34 5 27 4 17 6 
6 12 4 7 11 8 42 
12 22 13 46 19 45 6 14 5 37 9 4 38 
14 31 37 16 8 25 13 1 9 3 23 5 21 2 17 
14 15 6 19 45 8 14 3 10 4 46 24 1 7 16 
5 3 14 1 5 7 
7 6 5 46 10 31 29 2 
8 18 2 39 27 42 5 9 4 
9 10 11 3 27 12 8 15 18 4 
12 7 9 22 11 5 39 28 16 31 23 33 12 
8 13 41 2 34 10 9 42 36 
5 2 32 10 39 9 
9 40 4 3 28 17 15 34 11 24 
6 6 33 5 3 20 30 
16 33 13 32 18 21 40 36 29 43 9 30 22 5 26 23 35 
5 5 40 20 4 10 
6 13 4 1 26 30 38 
4 8 15 19 9 
7 20 24 29 3 37 18 5 
5 19 38 16 14 32 
7 1 43 25 44 15 4 28 
3 15 3 10 
3 15 4 10 
7 25 26 13 35 19 5 41 
4 4 43 21 24 
5 15 36 24 17 45 
3 8 1 9 
4 13 21 10 41 
3 7 19 15 
3 15 14 17 
5 35 44 10 4 7 
3 15 20 12 
3 10 15 14 
3 1 11 13 
3 24 31 15 
3 11 15 26 
3 4 19 3 
3 3 17 20 
4 8 12 46 10 
4 13 16 15 42 
3 24 28 11 
5 44 8 2 11 40 
3 15 21 25 
4 42 45 31 21 
4 5 44 26 3 
4 3 39 5 7 

8 10 33 4 27 17 7 5 16 
10 26 38 11 36 6 25 5 4 14 8 
6 4 43 29 6 7 21 
16 1 20 2 15 6 5 30 40 28 44 8 24 13 45 9 3 
12 1 2 8 17 10 31 28 11 4 7 20 18 
9 27 28 13 29 2 37 4 3 30 
17 11 34 12 14 37 32 10 16 35 9 3 23 5 1 19 25 20 
8 13 42 5 2 19 9 12 4 
6 38 4 23 12 7 8 
6 30 29 35 1 5 7 
5 5 7 15 2 46 
17 7 14 39 23 43 8 18 26 42 31 27 41 46 22 25 24 9 
12 15 22 39 8 4 16 32 42 45 41 31 6 
3 2 12 7 
4 11 13 17 4 
7 19 7 1 24 13 34 26 
7 21 1 15 18 5 45 46 
5 44 33 17 5 12 
3 7 8 16 
6 21 7 22 5 4 33 
5 20 3 17 40 37 
3 20 13 12 
3 9 7 12 
3 16 4 12 
4 34 7 12 2 
3 12 2 16 
4 41 6 1 12 
4 4 5 6 36 
5 10 3 36 6 32 
5 4 6 10 38 35 
4 40 12 5 13 
3 7 29 13 
3 1 18 20 
3 16 25 7 
3 10 30 7 
5 29 39 2 43 28 
3 7 6 21 
3 2 30 9 
3 12 36 13 
3 31 21 4 
3 12 13 27 
3 13 8 12 
4 3 12 36 44 
3 43 18 4 
3 4 13 17 
3 12 17 11 

15 25 5 4 12 6 18 11 14 16 7 23 8 24 10 19 
10 41 5 19 40 10 12 4 11 28 13 
5 15 9 4 7 6 
23 42 21 9 1 6 22 36 17 39 25 29 7 12 38 31 2 8 5 37 13 16 19 3 
5 2 22 4 43 1 
11 4 41 40 1 13 11 39 27 8 17 3 
17 9 21 35 31 40 25 17 15 16 28 3 1 36 4 34 10 14 
6 29 1 6 4 27 43 
5 7 4 15 3 14 
8 33 45 1 2 7 44 22 20 
6 6 24 23 33 1 2 
8 2 18 34 30 1 4 45 36 
5 2 34 23 4 6 
5 7 26 1 9 29 
3 7 9 3 
9 4 26 46 1 20 28 7 31 18 
6 7 6 46 20 27 4 
9 37 21 42 16 33 30 24 12 1 
3 4 2 1 
4 26 10 16 17 
4 18 7 4 38 
5 43 5 4 32 10 
6 1 11 30 32 13 37 
5 1 44 11 18 32 
4 1 7 4 35 
5 41 16 14 35 20 
3 8 17 6 
3 7 2 16 
4 4 44 8 14 
4 38 23 12 18 
4 16 7 4 46 
3 22 23 24 
5 11 42 18 45 10 
3 12 7 13 
3 25 7 26 
3 4 12 7 
3 4 23 18 
3 30 21 4 
2 6 4 
3 2 6 7 
3 6 26 2 
4 44 4 33 18 
3 22 5 8 
4 10 24 29 42 
3 33 10 12 
3 31 17 16 

1 4 
11 12 41 10 4 30 46 19 6 7 5 8 
16 5 15 9 11 27 39 44 8 4 29 14 22 10 38 6 18 
16 19 5 7 2 21 8 25 9 35 1 12 24 29 30 3 42 
13 3 6 32 7 2 11 4 33 31 41 16 34 21 
7 2 5 9 39 15 3 27 
7 4 14 2 43 5 13 35 
7 4 3 15 45 2 20 37 
14 11 45 31 40 10 42 3 38 36 4 6 23 33 13 
11 12 17 3 37 14 9 20 2 13 23 33 
11 40 32 5 26 27 22 29 9 36 3 38 
12 17 22 18 44 2 25 4 16 40 45 10 43 
5 18 36 7 9 10 
4 10 7 16 3 
8 6 32 17 31 24 3 19 8 
5 5 14 26 12 37 
5 20 10 30 12 15 
4 13 3 12 26 
3 4 15 2 
7 8 28 25 24 10 21 17 
6 20 42 28 4 23 5 
5 11 3 12 46 28 
3 9 21 10 
4 4 20 15 39 
3 20 12 4 
6 34 11 46 43 18 16 
3 3 11 6 
3 21 20 22 
3 4 3 11 
3 4 2 17 
4 15 5 9 44 
5 11 35 15 34 5 
3 5 9 10 
3 5 26 32 
3 32 7 4 
4 9 39 11 13 
3 10 16 8 
3 3 9 11 
4 3 6 24 36 
3 11 12 9 
2 2 5 
3 21 4 9 
3 12 26 7 
3 3 12 31 
3 9 12 8 
3 26 22 2 

10 9 19 25 4 8 38 12 5 10 26 
10 21 40 33 6 10 4 14 5 9 7 
1 4 
16 12 33 22 3 20 45 2 11 5 36 39 37 7 28 6 1 
11 10 8 4 25 6 11 19 2 1 41 38 
9 4 20 18 17 33 21 5 7 2 
14 6 16 46 35 15 4 23 9 8 2 32 42 17 14 
3 1 5 7 
7 30 14 28 1 36 7 2 
15 18 29 45 27 11 5 23 12 1 13 2 31 15 28 16 
6 5 43 13 10 24 4 
13 16 15 35 10 4 13 1 32 22 40 42 31 24 
4 10 11 44 12 
10 30 20 27 7 9 34 41 45 17 2 
7 34 10 26 43 12 29 7 
4 44 7 12 10 
5 14 6 37 18 7 
10 19 17 27 26 6 46 29 24 21 10 
5 1 18 31 43 5 
5 22 6 4 14 41 
3 18 6 2 
8 38 12 4 25 35 23 20 39 
4 22 10 32 7 
3 12 11 18 
4 1 5 22 42 
3 1 15 18 
4 14 30 10 18 
4 36 4 10 9 
3 10 18 15 
3 27 14 9 
5 10 44 12 39 19 
5 7 12 23 40 34 
4 37 4 2 6 
3 32 14 15 
3 12 7 22 
3 9 28 4 
3 17 4 33 
4 41 5 22 1 
3 22 31 4 
3 12 2 32 
4 5 20 38 14 
3 7 25 12 
3 15 19 11 
3 31 16 13 
3 10 4 14 
2 18 7 

9 7 28 4 13 15 5 14 30 20 
7 10 15 45 6 5 8 4 
9 8 33 35 19 4 40 39 6 24 
19 5 12 46 44 1 26 17 31 7 16 23 2 41 13 6 11 22 36 3 
18 1 43 11 46 7 23 32 10 34 28 37 4 24 2 25 41 26 30 
12 3 16 21 13 19 25 9 12 18 4 17 2 
19 5 20 15 42 29 14 9 12 19 17 4 22 30 34 1 10 32 8 33 
9 9 11 42 18 2 3 7 34 44 
5 6 38 18 8 7 
6 2 5 7 24 35 20 
4 5 4 21 8 
6 6 4 14 16 25 7 
5 4 6 1 39 27 
8 7 1 45 36 29 12 33 44 
5 26 2 43 7 1 
6 6 21 4 38 27 12 
3 7 4 6 
6 8 35 6 27 9 23 
3 3 6 7 
3 7 10 1 
7 31 11 16 43 37 6 22 
3 4 7 21 
3 18 5 4 
4 10 3 28 5 
3 6 5 12 
3 15 5 4 
5 18 13 16 32 29 
4 5 1 37 24 
4 7 42 27 14 
4 5 7 1 31 
3 21 4 30 
3 7 5 27 
3 7 14 3 
3 8 7 5 
3 10 3 18 
2 4 14 
3 21 28 5 
3 9 16 46 
2 3 13 
1 3 
2 4 5 
3 7 29 8 
3 5 21 15 
3 4 8 14 
2 14 2 
3 4 5 38 

11 13 36 5 12 8 16 4 28 9 19 29 
6 6 4 44 5 34 45 
9 35 30 7 6 39 31 10 4 5 
10 1 32 23 3 7 22 19 20 27 2 
16 14 24 11 15 8 31 7 6 3 9 2 12 18 1 26 10 
7 11 3 2 29 5 22 8 
13 22 20 43 39 33 5 3 40 4 32 25 44 18 
7 5 21 13 6 12 9 1 
16 41 38 10 13 30 8 15 5 35 11 33 14 29 17 21 1 
9 9 30 3 14 46 5 17 16 34 
3 5 6 9 
5 27 1 25 5 8 
13 19 43 15 26 37 34 8 16 1 18 25 44 9 
8 26 10 5 23 39 45 9 17 
4 13 31 5 9 
5 10 28 32 13 1 
5 10 27 36 14 9 
7 43 5 7 38 24 13 41 
6 13 46 36 1 4 20 
9 7 21 28 46 33 4 19 42 24 
3 9 20 8 
5 42 6 4 23 7 
3 4 22 14 
3 18 5 20 
3 13 7 12 
4 37 13 14 5 
4 38 17 4 12 
5 20 16 42 1 41 
3 1 6 9 
3 3 9 10 
4 3 35 15 5 
3 4 7 16 
3 9 20 7 
6 10 40 2 13 41 38 
4 36 9 3 31 
5 35 40 17 1 19 
3 13 26 39 
4 9 27 34 18 
5 3 37 46 14 7 
3 34 7 36 
5 45 9 34 28 18 
3 20 28 22 
3 13 7 18 
3 2 7 13 
3 2 14 41 
4 19 39 20 10 

5 4 25 29 9 6 
13 8 13 29 4 38 17 5 11 7 20 27 26 43 
3 5 4 12 
26 2 41 46 35 10 31 21 16 9 30 3 23 5 1 14 32 13 27 7 26 6 34 40 22 43 8 
13 39 2 22 32 33 3 14 13 8 6 4 9 24 
9 37 40 5 20 1 4 11 7 26 
8 31 4 2 6 44 10 35 34 
13 16 27 42 15 35 41 12 11 5 2 4 30 19 
15 28 29 25 41 30 5 12 37 10 20 19 1 18 15 4 
12 9 44 14 7 33 36 38 19 21 4 24 18 
5 8 18 6 2 38 
5 9 24 3 8 28 
6 2 23 32 4 5 17 
7 10 5 16 4 39 40 15 
3 8 14 9 
7 21 17 14 8 31 4 43 
5 13 16 22 2 45 
5 25 11 39 9 10 
4 46 10 9 8 
5 2 44 9 6 23 
3 16 4 10 
6 34 28 17 42 4 5 
6 36 33 13 4 20 45 
3 5 10 12 
3 1 18 9 
3 6 4 2 
4 4 42 2 8 
3 22 12 9 
4 2 9 1 37 
3 8 4 9 
3 7 16 4 
3 13 5 4 
3 10 23 5 
4 4 7 40 22 
4 7 37 4 8 
2 10 23 
4 6 9 35 29 
4 40 11 10 2 
3 5 18 14 
5 6 14 4 38 34 
3 4 8 9 
3 8 27 22 
4 16 2 4 45 
3 20 7 10 
3 17 23 43 
2 19 4 

5 4 5 20 19 21 
4 24 14 4 16 
11 12 5 4 42 36 6 45 7 10 21 23 
24 8 46 3 43 13 34 28 25 37 32 5 30 44 31 17 11 16 6 1 9 2 15 7 10 
6 3 6 17 8 4 1 
14 8 20 41 7 4 31 36 15 5 44 18 19 9 3 
8 20 43 6 4 35 3 14 12 
13 42 23 18 9 38 46 12 6 5 4 15 13 32 
11 6 25 4 22 29 24 11 39 32 8 10 
16 3 21 19 9 40 17 28 18 11 27 23 4 45 39 41 16 
5 40 13 9 4 10 
4 3 30 8 7 
7 22 4 8 11 24 37 14 
3 2 7 13 
5 4 6 39 33 8 
5 10 2 4 26 22 
9 44 28 30 35 5 38 41 10 4 
4 6 8 10 29 
3 1 10 6 
6 34 38 6 7 27 1 
3 10 3 1 
5 34 43 13 9 16 
3 8 10 3 
8 27 33 25 37 13 9 2 26 
5 29 9 26 24 4 
3 25 16 24 
3 10 20 24 
4 17 10 31 4 
3 18 25 9 
3 12 4 17 
3 6 28 4 
3 4 9 8 
2 24 15 
3 4 22 20 
3 17 36 7 
3 6 35 3 
3 13 24 4 
3 20 17 8 
3 10 15 9 
2 11 10 
3 6 17 10 
3 45 3 8 
3 7 22 4 
3 6 17 4 
4 46 3 42 10 
3 45 8 4 

11 40 8 4 11 22 36 6 5 37 26 27 
9 7 27 5 13 28 6 8 18 4 
12 34 8 20 33 43 45 11 46 9 7 12 4 
14 1 3 17 37 40 10 7 20 2 19 22 5 24 13 
13 30 9 29 14 38 42 1 21 4 33 2 31 6 
5 5 1 2 19 31 
7 18 10 4 3 2 16 19 
14 24 30 12 1 10 9 25 46 16 14 38 3 2 11 
6 28 8 5 26 3 29 
10 8 22 15 13 41 29 7 4 26 44 
7 12 21 35 3 8 15 1 
13 20 44 32 11 23 30 25 15 3 8 17 14 21 
4 4 10 17 2 
8 23 8 18 16 12 5 37 36 
3 11 10 12 
8 25 38 42 14 8 28 7 36 
5 13 41 12 4 23 
4 2 14 34 7 
4 6 7 34 4 
3 4 3 12 
3 5 11 12 
7 1 10 33 4 32 40 24 
4 27 14 17 12 
3 22 8 4 
4 16 12 43 8 
3 1 9 10 
7 45 35 43 1 39 2 23 
4 32 9 16 2 
3 5 9 10 
3 5 12 8 
2 5 6 
5 22 33 28 12 45 
4 5 22 32 3 
5 18 36 3 35 19 
3 11 27 34 
5 34 16 14 42 1 
3 1 4 14 
4 40 8 5 16 
1 27 
5 22 4 1 38 46 
2 17 10 
3 36 16 5 
3 27 25 3 
2 12 10 
3 32 27 3 
3 3 40 8 

12 17 10 11 25 9 4 20 6 29 13 27 14 
9 13 5 12 44 4 30 8 6 22 
7 31 6 4 33 21 8 5 
22 10 25 3 15 23 36 18 5 46 33 19 1 12 7 9 16 8 32 26 21 2 29 
6 7 10 2 4 3 45 
12 1 15 16 3 24 25 2 17 31 20 34 7 
8 6 4 37 15 5 9 46 38 
8 27 11 3 41 39 2 32 4 
14 18 38 11 45 4 16 21 17 1 30 29 7 14 46 
9 1 14 32 4 12 39 44 5 22 
10 22 43 41 1 8 13 9 18 24 20 
3 2 4 10 
7 33 26 11 35 19 2 1 
8 26 34 23 1 19 10 9 24 
5 6 7 31 4 42 
4 9 35 4 6 
3 6 1 9 
3 9 4 11 
6 14 27 35 4 13 34 
5 11 1 44 6 37 
5 4 36 23 3 9 
4 10 2 28 11 
4 21 4 14 42 
5 28 11 40 6 14 
6 6 4 28 40 43 1 
3 14 13 4 
4 19 36 1 8 
3 22 25 24 
4 4 31 1 9 
5 44 46 9 2 42 
4 3 15 29 6 
3 10 8 4 
4 35 13 3 4 
4 19 6 39 14 
4 16 19 13 33 
3 21 27 4 
3 20 7 45 
3 9 7 39 
4 8 10 38 34 
3 24 25 41 
3 11 40 8 
3 15 23 30 
2 25 11 
4 10 30 2 20 
3 9 37 5 
4 7 30 9 4 

14 25 30 16 4 21 11 45 10 9 23 34 15 12 5 
3 6 45 4 
19 26 40 27 4 35 46 21 17 36 12 19 5 10 8 42 18 7 44 43 
16 8 18 11 34 16 25 28 5 13 38 7 1 2 6 14 3 
18 30 3 17 14 29 6 32 16 15 4 25 39 9 1 7 42 22 24 
6 4 5 8 2 46 39 
12 5 22 10 13 4 32 20 44 37 9 3 38 
10 3 11 13 36 15 19 6 27 28 4 
4 34 1 5 7 
9 3 18 46 7 28 35 1 20 12 
5 4 8 41 14 1 
8 10 29 17 21 31 24 3 1 
6 27 7 26 8 4 22 
7 31 4 11 36 23 5 33 
4 29 8 1 5 
3 5 1 4 
7 5 3 43 26 33 20 12 
4 4 3 19 10 
3 8 18 3 
6 24 7 23 37 10 17 
5 44 41 1 3 12 
6 13 5 31 33 38 7 
3 14 20 1 
3 12 5 20 
4 4 5 1 45 
6 42 13 30 3 32 17 
3 13 3 8 
5 45 4 30 8 10 
4 12 40 15 5 
4 28 5 26 1 
4 14 39 22 12 
3 7 5 26 
3 14 17 22 
4 1 37 4 9 
3 3 38 10 
4 41 8 14 3 
4 20 7 42 34 
4 35 4 7 22 
4 43 31 5 6 
2 3 29 
3 21 11 36 
4 3 26 5 37 
3 3 17 39 
3 7 21 3 
4 1 28 2 25 
3 6 10 3 

13 25 6 4 14 38 9 30 42 12 11 21 41 36 
14 29 8 33 4 5 13 15 17 20 26 11 18 34 22 
6 4 24 5 14 27 30 
21 40 37 9 44 3 32 6 5 36 29 10 12 2 13 27 30 7 23 8 1 24 
17 7 8 4 11 14 13 39 10 38 6 25 9 19 16 2 3 35 
11 22 42 4 7 16 19 15 1 12 5 27 
9 10 5 4 18 39 15 6 46 21 
5 25 2 4 31 5 
6 4 23 26 1 5 38 
3 7 5 4 
5 41 1 2 43 5 
4 20 4 1 6 
5 4 21 28 2 5 
8 34 5 32 1 35 22 3 19 
8 35 36 17 18 6 16 7 2 
6 26 28 6 17 5 15 
5 16 15 31 2 28 
6 24 45 23 7 15 2 
6 6 20 5 45 44 14 
3 12 19 2 
5 1 13 33 41 7 
4 14 6 2 37 
3 9 18 4 
3 3 18 4 
5 29 8 46 1 5 
3 2 16 9 
4 43 4 6 3 
3 16 13 17 
4 2 4 25 35 
4 1 37 4 3 
2 8 17 
4 4 41 14 39 
2 21 2 
2 14 2 
4 5 15 29 14 
3 15 1 4 
4 30 22 40 4 
3 5 1 9 
4 5 40 7 32 
3 39 4 37 
4 11 1 21 32 
2 1 6 
2 27 11 
2 19 4 
2 19 18 
2 7 25 

13 30 4 34 12 7 35 8 6 10 18 39 20 16 
17 16 8 11 15 31 19 44 24 4 22 9 12 5 26 10 20 36 
12 35 4 6 39 21 17 18 5 36 32 30 13 
16 10 2 29 40 26 15 3 23 33 1 14 5 13 28 7 24 
12 9 4 23 7 19 3 34 6 40 41 2 11 
12 29 5 23 17 22 41 3 1 27 8 25 12 
10 1 38 29 15 5 37 14 28 43 4 
6 6 1 9 28 14 2 
4 8 24 5 2 
7 1 11 25 16 20 2 4 
4 5 10 22 2 
8 13 17 6 26 40 2 1 42 
4 3 30 4 12 
4 4 38 7 8 
3 7 2 4 
5 10 25 2 37 1 
7 12 6 18 3 46 33 38 
8 44 1 17 3 37 21 34 19 
6 21 2 5 33 18 43 
3 1 10 2 
6 42 27 45 18 19 3 
5 2 41 11 27 6 
4 4 5 6 32 
3 9 2 4 
3 6 16 10 
4 12 2 40 4 
5 45 6 21 22 34 
5 31 4 8 7 44 
5 4 7 39 6 33 
3 3 13 1 
4 2 28 46 32 
3 3 31 23 
5 43 17 4 19 29 
6 27 1 5 40 37 18 
2 3 1 
2 3 2 
4 34 18 16 7 
4 17 43 7 14 
3 1 29 3 
5 34 12 26 5 4 
4 22 5 6 42 
3 12 21 41 
4 38 33 19 7 
3 2 28 18 
2 21 27 
2 17 31 

16 7 26 4 43 5 23 13 11 39 16 24 10 15 29 45 8 
7 21 5 34 40 11 44 4 
2 4 6 
13 3 6 7 23 5 32 2 43 22 41 1 12 19 
10 9 6 2 17 15 1 13 4 8 28 
14 40 27 5 35 31 4 29 3 10 9 36 7 8 12 
5 1 25 4 16 6 
13 5 17 46 38 22 6 36 30 37 28 9 29 1 
11 12 15 14 11 18 8 10 23 13 5 6 
10 45 19 44 9 1 6 46 31 20 39 
9 32 33 2 21 14 27 9 1 24 
9 18 9 6 44 4 25 41 19 46 
6 5 16 1 38 14 9 
9 21 43 9 11 28 20 17 42 13 
8 24 18 37 1 26 5 20 9 
7 1 22 7 13 25 33 31 
4 14 8 34 5 
3 15 12 9 
5 4 12 41 10 34 
4 10 30 14 15 
7 11 2 38 14 27 35 42 
4 26 4 16 8 
4 39 9 1 4 
3 11 15 1 
6 16 35 12 45 7 31 
5 1 45 22 46 15 
3 11 21 6 
5 14 5 32 8 31 
3 8 6 1 
2 20 8 
5 28 25 10 6 16 
3 4 11 28 
2 11 16 
4 19 17 2 36 
3 21 6 25 
4 44 34 6 8 
4 8 42 39 15 
3 21 13 8 
6 37 10 23 1 43 46 
2 6 2 
3 19 12 4 
3 37 21 14 
4 1 4 39 14 
4 2 12 10 36 
4 10 25 1 26 
5 12 10 39 26 8 

6 4 12 5 11 29 43 
12 32 42 9 4 13 8 6 21 22 33 5 11 
5 4 12 6 7 14 
19 24 22 10 1 35 2 15 43 13 16 45 44 3 31 8 5 6 25 33 
16 12 23 8 40 1 4 7 30 13 15 11 42 2 21 35 10 
18 7 9 17 14 34 3 33 41 4 38 44 39 28 27 20 2 37 16 
10 6 3 30 39 19 18 5 46 23 40 
12 4 41 15 10 14 28 17 5 19 9 2 20 
6 8 17 21 38 6 2 
9 27 29 30 5 18 36 4 19 8 
3 1 5 2 
7 16 1 3 5 36 43 41 
5 4 25 24 2 5 
5 8 32 20 6 3 
6 8 24 4 27 5 22 
3 4 6 12 
6 31 6 9 18 23 8 
5 26 10 7 25 17 
5 8 26 10 42 7 
4 6 8 34 14 
3 9 2 5 
6 46 15 26 4 31 2 
3 17 7 5 
4 30 4 13 15 
4 18 4 13 33 
3 19 18 22 
4 15 6 10 35 
2 8 6 
3 10 1 32 
5 24 7 37 5 10 
4 17 4 36 22 
4 29 14 40 2 
4 4 6 25 2 
2 6 20 
3 4 5 27 
3 12 10 31 
2 6 30 
2 6 9 
2 7 6 
3 32 7 5 
4 12 42 8 6 
4 19 41 5 2 
3 4 1 12 
3 45 6 4 
2 44 4 
2 7 22 

2 5 4 
7 7 46 4 20 5 6 17 
10 8 19 4 25 32 18 7 6 42 41 
14 2 40 15 14 32 5 11 3 9 6 20 10 22 1 
12 16 10 12 23 35 34 24 2 4 7 21 1 
16 2 8 35 38 30 4 3 11 10 18 37 29 17 13 26 9 
14 11 14 3 12 2 9 42 16 8 24 13 5 34 22 
10 7 33 28 29 21 3 19 45 27 6 
5 17 7 4 6 36 
8 4 30 12 5 31 14 6 42 
8 21 6 26 7 43 4 41 19 
7 5 7 10 26 23 15 13 
9 6 7 39 36 25 27 29 16 12 
7 10 4 38 7 15 41 24 
3 4 12 14 
4 13 5 31 7 
8 38 2 18 36 6 9 44 34 
8 35 3 25 6 28 17 40 20 
8 31 28 33 8 43 22 3 11 
7 18 23 2 30 32 27 4 
3 8 5 11 
3 7 4 19 
3 20 5 12 
7 45 36 5 40 37 7 14 
6 29 18 3 32 13 28 
3 12 11 6 
3 8 20 13 
6 39 18 8 25 19 34 
5 8 6 46 25 13 
4 6 10 37 20 
3 16 19 10 
5 20 3 4 45 25 
4 44 19 8 35 
5 7 38 5 17 28 
4 6 18 33 5 
4 17 13 9 24 
3 24 6 30 
4 17 14 34 6 
2 13 28 
3 4 24 18 
3 14 3 11 
3 7 10 3 
2 19 11 
2 17 33 
3 8 32 24 
2 2 29 

4 4 5 19 20 
11 27 12 6 43 28 7 19 4 5 11 36 
10 18 16 17 4 23 6 8 31 24 13 
30 23 6 44 22 2 10 18 15 25 14 46 13 9 1 16 32 27 42 30 5 12 7 11 8 20 3 24 26 38 43 
13 9 29 40 14 22 7 30 13 1 4 45 2 15 
20 40 25 44 3 21 31 19 10 4 32 26 2 23 16 8 28 9 11 37 14 
8 41 4 10 5 34 2 17 22 
8 37 33 18 35 3 4 6 20 
5 5 6 25 21 4 
5 33 21 6 4 7 
9 27 46 4 6 17 12 39 2 42 
4 2 15 4 11 
5 35 26 4 3 5 
5 24 34 4 5 6 
7 4 46 41 5 29 38 12 
5 3 36 6 32 4 
3 7 11 3 
6 41 8 3 4 39 45 
3 1 6 2 
4 37 4 8 1 
3 9 6 10 
4 7 4 5 44 
4 33 3 4 6 
6 4 43 3 14 46 39 
3 6 4 9 
3 4 13 6 
3 11 4 2 
4 6 46 2 37 
2 5 15 
3 5 4 37 
2 6 3 
4 39 6 16 4 
4 44 10 23 8 
3 40 14 7 
2 8 13 
2 16 2 
5 6 20 28 8 30 
2 15 4 
5 11 32 24 45 18 
3 34 6 5 
4 45 15 18 7 
2 11 4 
3 4 24 2 
4 4 33 22 6 
4 5 18 41 39 
5 15 4 11 24 28 

5 25 16 11 7 4 
15 6 4 12 32 33 23 42 18 8 28 22 17 21 5 38 
3 36 5 4 
19 15 3 6 35 2 27 14 8 1 7 12 31 9 24 18 23 43 10 5 
13 17 20 3 9 19 6 41 4 30 10 2 14 26 
14 37 20 32 24 2 13 22 16 4 7 8 35 5 40 
8 36 26 9 42 4 1 6 11 
13 40 23 6 16 44 4 21 11 29 25 17 2 19 
9 44 29 10 7 18 14 38 5 4 
8 29 21 5 15 12 4 9 13 
4 7 8 1 13 
7 22 4 10 28 2 27 30 
8 11 27 10 15 20 32 46 6 
6 4 45 5 9 33 37 
4 13 31 4 10 
3 8 1 6 
5 19 2 8 26 5 
5 36 4 2 9 34 
4 5 17 8 25 
3 5 13 6 
4 10 2 39 8 
4 40 2 6 12 
6 8 2 28 45 4 29 
2 4 6 
3 1 19 8 
4 7 17 5 30 
5 13 38 4 12 33 
3 12 2 23 
5 23 43 10 9 8 
7 35 12 26 34 36 5 31 
4 42 30 4 15 
3 2 13 6 
3 2 14 27 
2 30 18 
3 4 6 30 
4 30 3 18 7 
2 14 6 
3 27 9 2 
1 21 
3 22 8 6 
1 5 
3 2 7 31 
3 44 29 4 
3 9 43 8 
2 14 23 
1 13 

10 5 21 8 23 32 4 12 9 6 7 
8 41 19 6 4 26 43 17 45 
5 15 4 5 25 43 
21 28 11 45 2 8 33 16 19 32 1 23 22 3 29 38 35 24 40 5 37 13 
13 4 9 14 28 21 11 1 7 18 3 6 10 42 
14 7 30 15 9 5 13 12 45 2 22 10 37 1 31 
7 5 8 23 29 34 1 6 
10 46 7 4 21 10 34 42 35 1 28 
5 1 13 6 5 18 
12 12 11 8 5 27 39 6 14 36 38 19 17 
10 39 20 14 46 10 4 16 5 18 25 
6 30 1 6 10 27 20 
7 36 4 20 9 24 6 33 
6 5 10 31 17 11 15 
4 3 16 14 6 
5 4 15 44 11 36 
5 22 10 14 2 26 
6 41 5 9 43 25 11 
3 4 10 2 
6 12 34 11 45 44 13 
9 8 30 38 31 1 45 35 39 5 
5 46 6 39 17 4 
5 4 24 1 7 39 
4 34 23 4 13 
3 3 11 18 
3 17 28 2 
2 10 12 
5 8 5 4 46 26 
2 7 4 
3 12 6 21 
5 14 41 33 6 21 
4 1 4 43 37 
3 4 13 31 
5 8 20 24 41 7 
3 4 21 8 
3 16 10 13 
5 6 43 32 40 4 
3 4 10 21 
5 21 11 22 10 23 
2 4 37 
5 34 31 2 42 18 
3 41 5 8 
5 3 32 37 2 18 
2 20 16 
5 4 2 6 20 21 
4 8 22 11 28 

3 4 6 41 
5 6 45 28 5 4 
11 19 8 7 5 29 28 15 36 32 4 39 
22 14 32 11 22 8 6 5 13 9 26 20 3 1 35 30 29 23 7 37 45 19 2 
16 9 7 21 15 34 31 18 26 16 4 3 30 25 35 19 2 
15 13 8 39 17 1 4 15 11 14 12 2 22 45 27 31 
6 10 40 4 5 11 3 
6 6 10 42 9 4 3 
15 26 16 5 41 12 17 25 21 33 14 44 34 4 8 10 
7 7 9 37 8 22 29 43 
8 7 6 4 12 36 18 24 25 
6 20 13 9 6 42 11 
4 20 4 12 6 
14 36 6 37 4 9 21 28 41 33 16 23 31 43 42 
6 38 5 3 17 34 6 
5 5 18 14 27 9 
5 9 23 6 24 15 
3 5 16 11 
3 5 3 4 
3 12 4 13 
6 14 26 29 5 9 27 
3 10 4 6 
6 41 14 17 33 4 24 
5 11 40 23 17 37 
3 9 5 11 
4 4 9 5 21 
7 39 44 21 6 31 16 32 
7 34 40 14 35 3 30 2 
4 21 10 3 4 
4 42 4 5 28 
4 5 6 14 27 
3 3 4 27 
4 23 38 9 14 
4 5 15 9 28 
3 5 28 4 
3 3 14 11 
4 10 14 4 24 
3 44 33 15 
3 27 6 3 
3 28 24 7 
5 46 23 9 1 14 
4 30 14 12 8 
2 14 10 
3 27 38 9 
3 4 2 6 
1 41 

7 4 6 8 23 43 7 5 
6 11 4 38 7 39 9 
12 5 15 31 10 36 44 4 34 9 24 27 14 
23 5 20 13 21 3 14 7 24 39 17 23 6 15 11 8 9 19 18 42 1 2 26 40 
11 20 4 39 8 3 1 6 12 11 25 38 
7 16 1 4 10 13 32 5 
11 14 2 18 28 13 4 31 32 22 1 16 
13 1 37 26 5 4 17 34 20 31 29 35 12 19 
11 2 24 33 10 44 34 22 21 3 4 25 
6 3 30 46 9 6 12 
3 5 2 4 
5 10 44 8 5 22 
4 4 7 6 30 
14 4 3 15 17 46 32 41 18 23 30 16 45 27 7 
3 3 4 14 
5 6 29 14 7 28 
3 14 8 4 
4 7 27 4 14 
3 38 8 4 
5 8 4 46 5 24 
2 9 4 
3 12 7 9 
4 14 39 1 4 
6 3 32 9 4 30 20 
3 40 5 9 
4 44 4 40 8 
3 18 14 3 
4 33 16 7 35 
2 16 8 
4 10 24 13 14 
3 7 8 3 
4 6 14 24 7 
2 9 28 
3 9 8 3 
4 38 46 8 28 
1 3 
1 8 
5 19 2 5 35 46 
4 5 4 23 2 
4 4 26 25 44 
1 14 
2 43 4 
2 42 1 
5 3 9 26 12 40 
1 14 
5 20 35 10 14 38 

8 30 18 4 6 5 45 11 7 
12 30 15 5 31 4 26 16 45 39 8 22 13 
9 32 8 14 4 44 7 12 39 13 
15 42 5 16 9 12 2 26 8 1 6 10 3 27 35 11 
11 10 35 44 1 2 6 4 29 33 28 36 
18 19 27 33 9 46 5 11 7 24 4 16 25 34 31 23 32 15 1 
11 20 22 9 1 3 35 28 6 15 14 18 
8 29 13 2 3 4 20 23 34 
7 7 25 39 30 10 6 4 
6 18 14 5 4 9 21 
6 6 37 41 1 4 12 
6 17 4 19 3 11 24 
8 3 22 36 34 25 2 26 8 
8 3 41 17 37 7 36 19 10 
3 7 2 6 
3 4 2 6 
3 12 19 14 
4 1 33 7 10 
6 17 12 6 29 14 38 
6 21 27 40 7 41 8 
3 20 35 10 
6 37 2 7 41 13 25 
2 6 8 
3 43 6 12 
8 6 26 9 37 22 36 28 13 
4 2 13 25 4 
4 4 20 45 6 
4 7 40 25 5 
4 19 36 8 5 
4 42 1 9 2 
2 2 6 
5 3 35 42 6 33 
4 6 18 32 5 
3 8 13 6 
6 46 5 21 4 32 7 
5 5 25 29 13 14 
4 22 25 11 14 
1 19 
3 9 2 3 
2 20 28 
4 20 22 14 11 
5 45 4 43 30 32 
2 24 42 
2 5 3 
4 1 2 42 27 
2 6 35 

2 17 4 
7 13 5 7 34 16 31 4 
10 29 4 8 13 6 19 46 40 5 11 
14 7 21 9 10 20 25 6 12 5 2 3 1 23 16 
12 18 2 3 4 6 14 9 7 39 12 8 46 
14 31 4 3 16 15 5 41 8 33 24 9 17 10 43 
5 19 2 11 4 5 
13 29 40 17 36 12 6 28 5 19 10 18 3 30 
9 6 41 4 35 13 5 11 27 30 
7 6 4 8 41 39 26 18 
12 27 3 21 32 22 34 14 35 7 9 42 20 
7 21 15 29 5 4 8 42 
8 24 43 25 9 15 3 2 14 
4 39 11 5 13 
3 12 13 6 
11 40 27 42 38 4 17 6 21 43 23 2 
10 21 1 8 43 20 40 16 45 6 38 
4 8 5 10 43 
5 24 8 3 32 7 
4 11 17 4 33 
7 4 16 12 42 17 31 11 
1 11 
2 16 4 
3 19 6 13 
2 4 13 
3 29 10 28 
3 11 16 9 
2 26 8 
4 3 12 26 8 
2 9 8 
3 6 21 2 
2 11 19 
2 6 20 
3 11 46 2 
3 9 11 37 
2 46 8 
3 38 35 44 
5 41 40 16 37 17 
3 5 10 14 
5 17 8 38 16 3 
4 6 9 38 10 
4 21 16 11 12 
5 6 18 16 13 17 
1 37 
1 17 
4 5 3 34 36 

9 8 26 5 4 12 6 11 14 31 
10 5 33 46 4 36 9 7 10 19 24 
17 38 42 9 27 6 4 34 37 45 5 8 19 15 18 17 41 14 
6 1 7 3 21 9 2 
18 6 15 3 10 28 13 7 12 29 11 19 33 20 1 2 36 18 42 
9 1 3 16 25 30 8 34 5 38 
16 5 10 12 28 2 37 44 39 45 31 13 43 4 26 16 32 
6 16 44 6 1 45 3 
10 25 4 3 27 29 21 28 22 11 2 
6 5 27 43 7 20 2 
11 1 9 18 14 22 5 31 40 32 23 26 
9 30 24 40 5 7 35 13 1 23 
6 7 15 36 12 5 43 
3 1 3 11 
6 20 13 3 5 46 28 
8 43 30 7 22 45 6 8 33 
5 23 22 3 25 35 
5 31 3 44 5 11 
8 5 2 32 37 42 27 36 3 
4 10 15 5 26 
4 38 4 9 33 
8 9 24 38 17 36 23 11 16 
4 22 11 17 12 
4 34 2 22 12 
6 9 26 6 17 32 40 
6 20 11 7 1 37 25 
5 28 19 3 10 9 
5 15 27 5 7 9 
3 5 9 44 
3 6 12 16 
4 18 1 11 7 
4 11 25 7 19 
5 16 21 37 2 5 
3 6 3 24 
2 12 17 
7 19 13 38 45 22 5 2 
6 19 3 45 33 26 7 
5 22 21 6 36 3 
1 7 
3 12 25 11 
2 44 3 
3 19 5 3 
4 13 16 10 7 
5 41 7 29 8 18 
6 37 36 16 8 7 3 
2 15 2 

9 8 16 45 5 7 9 20 26 4 
5 41 42 4 32 6 
12 13 32 11 18 21 9 22 4 12 5 46 6 
23 7 42 45 33 12 34 2 41 1 3 10 8 19 5 23 16 17 40 27 38 20 11 6 
11 1 38 18 40 7 3 4 31 28 43 36 
10 9 4 2 29 13 3 35 20 39 15 
17 8 11 18 14 21 32 37 26 25 42 44 24 5 10 1 4 33 
7 4 13 10 31 7 15 1 
6 1 12 25 14 6 3 
7 31 30 7 8 38 39 4 
8 27 19 7 4 15 3 17 24 
6 9 4 16 14 3 22 
3 8 6 3 
6 9 20 12 33 7 17 
4 8 6 11 23 
5 4 1 32 17 12 
5 14 11 4 21 16 
4 35 7 5 3 
2 11 4 
5 1 14 4 40 6 
7 3 24 17 22 46 25 7 
4 41 12 3 21 
3 15 34 4 
3 11 21 7 
6 7 9 21 29 42 41 
3 7 30 1 
3 4 39 11 
1 5 
5 25 39 44 6 37 
2 10 26 
3 10 5 8 
4 3 2 16 7 
3 4 14 7 
5 35 38 23 4 46 
3 6 18 34 
1 5 
2 7 29 
4 5 10 34 4 
4 29 10 6 27 
3 5 20 4 
4 25 4 2 22 
4 2 4 7 25 
1 5 
2 7 29 
2 4 1 
3 3 21 34 

10 19 4 44 46 11 10 7 5 40 42 
11 38 32 5 13 35 15 19 6 17 4 8 
1 4 
23 1 14 10 9 12 3 16 38 8 21 7 24 6 45 23 17 22 2 44 15 46 18 5 
9 25 9 1 39 33 6 11 2 4 
9 7 25 4 2 24 29 16 5 9 
12 1 14 29 22 15 16 6 10 38 8 4 17 
14 28 23 18 13 2 7 12 4 30 26 42 19 35 20 
8 12 5 25 13 4 36 6 34 
10 1 40 29 23 30 4 7 27 31 11 
6 1 21 10 20 22 5 
3 4 8 9 
6 26 8 23 9 2 37 
8 19 23 7 29 21 27 35 4 
5 7 2 34 25 4 
9 24 46 4 7 17 6 22 39 29 
4 7 4 2 16 
3 4 35 8 
4 1 14 8 2 
4 8 46 45 11 
5 11 14 36 41 4 
5 16 7 4 11 30 
5 8 4 10 13 14 
5 33 6 4 28 16 
5 5 28 9 6 15 
3 34 8 13 
3 10 30 14 
3 8 25 24 
5 7 6 16 14 10 
4 8 22 27 10 
1 10 
1 2 
4 44 24 43 5 
4 26 9 44 15 
7 18 36 37 2 14 8 40 
3 21 9 35 
2 35 13 
3 4 2 7 
2 5 16 
3 35 1 10 
1 21 
3 1 43 8 
2 33 42 
4 33 34 1 4 
2 4 20 
4 16 20 4 1 

7 6 21 20 9 4 38 5 
19 23 28 12 37 11 14 17 18 5 31 20 7 6 8 19 15 43 46 4 
2 4 16 
12 24 29 46 8 3 14 12 2 7 34 5 1 
7 6 2 1 4 33 30 22 
13 8 2 7 22 21 13 18 5 19 1 10 12 25 
15 4 17 11 13 42 23 29 22 45 9 2 32 6 15 10 
6 31 2 24 6 4 9 
15 24 11 15 39 18 36 26 40 37 1 27 10 16 8 7 
4 6 7 35 9 
3 7 2 9 
6 4 2 31 14 28 6 
5 39 7 33 6 18 
3 2 12 4 
9 40 7 45 33 41 2 42 28 9 
3 9 3 24 
6 2 39 44 37 31 7 
6 2 6 13 20 9 21 
4 37 27 6 2 
5 2 30 1 36 18 
6 32 37 45 1 6 18 
3 6 7 5 
4 7 2 27 26 
4 8 16 4 9 
3 34 6 26 
3 25 9 23 
7 23 19 36 43 9 32 35 
3 15 12 2 
2 7 4 
2 5 20 
5 12 17 8 46 2 
5 34 7 27 41 21 
4 13 43 15 5 
4 41 25 32 4 
2 10 27 
3 20 27 9 
5 9 2 21 19 17 
1 1 
3 9 17 13 
2 9 15 
4 32 15 34 43 
2 7 15 
4 2 27 33 41 
1 17 
3 7 21 15 
3 31 2 4 

5 24 14 4 15 5 
12 12 4 13 28 27 21 9 6 5 24 16 19 
11 8 30 6 5 9 7 11 15 34 27 4 
13 16 31 8 22 20 24 1 13 19 12 2 3 43 
21 17 1 20 39 7 25 34 19 33 40 42 22 2 41 11 18 10 6 3 16 46 
5 2 5 3 7 11 
12 5 45 6 21 27 8 3 44 39 41 17 14 
10 37 10 9 7 36 3 33 12 4 44 
8 13 8 3 2 29 10 25 36 
3 8 9 5 
6 19 5 6 36 3 23 
11 8 21 25 14 2 33 4 42 13 44 17 
5 9 2 39 4 12 
5 28 7 1 34 12 
9 32 1 25 16 45 27 26 35 3 
4 5 15 2 4 
5 5 12 7 20 29 
1 5 
9 5 30 26 4 37 2 11 35 40 
5 41 28 5 4 17 
7 12 2 31 45 34 27 7 
2 5 4 
2 11 42 
4 38 1 2 4 
5 12 32 5 15 9 
2 19 15 
9 43 21 39 7 15 2 36 41 3 
3 20 2 14 
3 30 17 9 
4 19 29 40 3 
4 33 38 21 4 
2 15 25 
4 5 31 12 8 
5 5 44 14 21 3 
2 15 19 
4 8 27 9 11 
3 41 8 19 
2 24 31 
5 27 7 46 5 13 
3 19 5 30 
7 5 20 43 44 27 7 37 
3 12 5 23 
3 41 4 27 
5 41 7 34 8 12 
3 21 15 7 
2 39 5 

12 7 30 39 38 13 6 5 15 27 26 11 4 
13 17 20 23 22 32 25 35 11 12 4 14 37 40 
9 42 27 16 12 18 4 8 5 40 
21 43 5 18 25 8 45 9 3 7 1 12 2 6 41 10 15 36 31 17 13 39 
8 1 3 16 6 29 45 4 34 
17 9 29 32 14 11 28 20 7 1 35 21 10 4 44 45 8 5 
5 14 46 1 6 4 
10 3 21 39 26 22 13 4 6 9 40 
3 4 6 8 
3 38 6 4 
11 6 2 34 15 30 42 18 1 33 31 29 
7 32 23 3 14 37 2 4 
6 32 35 20 8 4 1 
7 6 7 29 36 18 2 12 
5 1 4 11 22 32 
7 5 31 42 28 44 3 17 
5 4 46 21 16 2 
6 11 14 26 35 4 3 
5 30 46 38 23 35 
5 25 13 40 2 6 
5 8 26 28 6 17 
5 8 40 15 23 2 
4 12 2 19 22 
0 
5 20 4 38 26 2 
5 18 8 25 1 21 
3 1 3 43 
3 6 16 21 
4 6 11 14 5 
3 11 19 1 
4 37 4 16 11 
6 12 2 6 15 45 13 
1 11 
3 5 39 11 
5 13 6 19 18 2 
3 4 14 41 
3 2 12 31 
4 10 25 1 19 
5 4 43 1 8 34 
5 8 22 2 20 3 
2 36 4 
3 3 11 16 
4 45 39 4 27 
2 16 6 
5 4 5 43 32 6 
3 19 7 17 

8 33 23 4 9 5 7 6 27 
9 11 27 9 12 22 4 16 18 13 
12 4 27 16 8 42 6 24 13 14 5 36 7 
13 1 7 24 3 20 10 2 14 39 8 6 5 22 
4 1 4 3 9 
7 4 30 44 10 1 3 23 
10 11 8 1 3 15 4 12 20 38 10 
3 4 3 7 
7 1 26 5 30 10 2 24 
4 6 4 9 7 
8 20 7 22 15 2 19 28 33 
2 2 7 
9 36 17 16 3 37 28 23 2 32 
4 3 34 19 4 
9 11 18 21 30 25 42 7 43 35 
3 13 2 3 
6 13 27 36 31 24 19 
2 2 15 
3 14 11 17 
6 23 4 46 7 11 34 
4 46 33 37 15 
5 24 11 2 33 4 
4 20 6 13 1 
7 17 42 4 22 3 9 44 
1 15 
2 29 9 
6 2 38 3 1 17 31 
2 11 13 
1 26 
3 6 9 15 
2 27 17 
1 13 
4 21 22 1 11 
3 20 14 38 
1 15 
4 41 3 17 13 
2 13 21 
3 34 7 27 
1 4 
2 43 41 
2 40 36 
3 24 3 15 
3 15 40 44 
3 43 24 6 
0 
2 20 21 

7 11 20 31 14 4 18 6 
7 15 13 32 7 4 5 6 
3 5 4 10 
17 32 12 26 17 3 39 1 20 2 22 8 9 21 43 13 29 5 
17 4 14 7 44 6 24 9 8 17 34 11 2 28 43 3 13 10 
8 2 33 38 12 1 7 37 5 
3 6 2 5 
5 26 5 4 32 15 
6 45 11 44 4 5 20 
16 46 39 24 23 40 34 44 37 3 12 26 5 42 16 31 21 
15 28 5 33 32 21 31 13 38 18 40 17 37 1 26 9 
8 31 10 14 28 4 6 30 15 
9 19 41 2 11 29 5 4 17 43 
8 12 19 25 45 5 41 1 34 
5 18 12 17 2 8 
2 21 10 
5 5 11 4 15 13 
6 1 19 11 22 15 25 
3 14 13 18 
4 32 4 9 1 
9 29 4 36 28 10 35 11 25 16 
2 18 4 
3 34 35 10 
3 5 42 10 
3 14 18 21 
7 40 10 11 36 4 8 35 
1 29 
6 21 30 5 37 12 11 
5 27 4 13 21 33 
4 12 45 28 43 
5 11 12 1 46 10 
5 2 20 8 4 11 
5 29 6 11 38 39 
4 14 10 5 23 
4 26 21 23 41 
3 46 26 21 
4 10 28 11 6 
3 11 33 6 
3 4 10 33 
3 10 11 26 
4 14 43 13 35 
2 10 24 
5 5 4 30 13 41 
3 10 9 5 
3 30 14 9 
3 10 36 31 

3 35 4 36 
6 4 7 24 5 6 31 
19 10 4 20 44 43 42 37 11 8 5 36 15 7 45 14 29 22 25 6 
13 37 1 16 2 19 23 12 6 22 42 35 3 5 
15 18 13 45 35 2 3 27 8 14 15 17 43 21 19 4 
3 3 4 2 
15 16 19 34 9 25 33 8 3 24 30 36 14 23 2 15 
7 46 7 10 3 11 5 37 
2 7 35 
6 21 35 12 3 23 8 
11 19 8 3 21 16 17 35 32 44 29 15 
7 22 24 16 10 46 4 20 
7 39 5 41 18 30 19 22 
3 5 3 7 
7 45 3 7 26 36 11 5 
7 12 39 18 11 7 4 30 
8 31 5 34 46 44 36 11 28 
6 42 45 13 27 5 16 
9 13 5 27 40 25 11 29 7 4 
4 12 23 3 31 
7 10 33 11 26 42 43 5 
5 41 13 12 3 4 
8 27 4 41 7 10 38 25 20 
4 28 2 7 12 
4 23 3 7 19 
2 15 21 
5 19 5 18 40 23 
3 24 17 38 
3 3 11 19 
5 42 16 13 7 45 
3 2 17 20 
1 11 
2 7 21 
2 7 17 
6 5 9 4 1 10 11 
6 3 7 17 15 1 37 
4 4 3 36 8 
2 23 28 
3 40 13 16 
3 27 39 19 
3 23 13 22 
5 3 30 4 18 21 
3 5 21 3 
3 17 11 3 
5 18 5 15 3 30 
3 8 17 12 

4 39 4 25 5 
22 27 4 11 44 30 12 42 20 10 5 45 37 33 18 40 17 6 13 15 22 7 8 
1 4 
22 5 40 8 12 24 28 35 10 2 19 1 43 30 36 45 25 7 39 6 3 9 41 
3 4 2 1 
11 11 30 24 36 2 39 7 9 4 10 23 
14 9 46 17 21 30 8 2 18 6 20 13 28 29 4 
10 2 42 34 12 16 13 9 4 7 33 
9 40 6 34 12 7 27 4 10 8 
8 4 18 11 2 9 39 20 6 
7 19 23 38 10 6 24 2 
6 2 8 9 4 33 14 
6 2 30 34 7 8 16 
4 26 12 15 31 
5 14 39 26 17 2 
6 38 8 13 25 46 31 
5 44 41 15 7 2 
8 7 25 10 21 2 32 44 26 
5 28 4 38 11 29 
5 22 2 7 27 10 
2 7 18 
4 2 20 33 37 
3 11 46 6 
4 28 4 6 11 
5 32 4 1 16 18 
3 15 14 18 
3 20 9 2 
5 4 7 24 19 41 
3 7 32 19 
5 6 13 2 4 7 
3 14 40 16 
5 41 29 18 40 25 
4 8 12 22 2 
5 13 45 9 8 43 
1 4 
2 4 6 
2 22 2 
3 16 11 19 
5 4 6 1 15 10 
5 9 2 4 32 31 
4 17 32 4 28 
2 2 8 
2 34 4 
3 17 2 18 
3 2 34 4 
3 16 7 23 

14 39 45 42 16 5 25 11 34 9 4 18 6 8 7 
3 20 4 35 
12 7 5 10 6 45 4 34 39 23 14 24 17 
3 3 2 1 
19 37 10 17 9 6 11 42 34 3 20 8 36 16 1 7 23 13 31 26 
12 1 22 14 41 5 19 28 9 3 29 15 12 
8 3 40 5 1 15 32 36 23 
9 18 11 5 33 34 43 31 1 16 
9 21 32 31 27 1 13 6 41 5 
7 27 23 5 3 20 14 44 
11 29 25 8 5 32 1 24 26 35 18 17 
3 14 21 6 
3 5 9 46 
8 38 6 42 16 10 12 3 21 
4 7 45 37 6 
4 14 1 8 5 
3 5 11 3 
4 8 1 19 11 
4 28 6 18 26 
5 22 43 5 10 2 
7 14 9 46 24 44 38 12 
3 6 20 33 
6 5 46 10 7 34 3 
3 11 21 3 
3 1 39 11 
3 11 5 19 
2 9 10 
3 29 19 6 
5 35 11 30 6 28 
1 29 
3 5 9 8 
3 11 7 9 
2 8 22 
6 23 3 8 1 5 38 
3 11 2 29 
2 7 5 
2 15 5 
3 34 14 21 
3 1 25 3 
1 7 
2 6 9 
3 14 5 1 
2 20 8 
2 10 21 
3 15 3 1 
3 13 23 21 

19 34 19 20 24 9 13 42 43 10 22 45 16 12 5 14 11 30 4 17 
16 27 15 39 8 26 5 25 11 14 12 29 4 37 19 7 21 
0 
18 36 29 9 30 20 43 12 7 6 5 15 2 8 10 1 14 13 19 
9 1 8 32 40 26 44 13 4 2 
12 25 16 42 24 13 11 4 36 27 10 29 26 
10 17 19 46 2 4 12 21 26 31 23 
7 2 9 38 4 11 5 16 
9 8 37 1 22 4 41 18 38 12 
13 22 28 17 1 15 6 24 36 41 4 29 35 18 
10 32 20 15 14 28 6 8 1 2 30 
6 1 2 7 4 9 44 
9 1 35 27 21 6 5 41 30 4 
6 4 34 1 2 11 40 
5 2 33 10 4 11 
8 8 38 39 6 1 31 21 32 
4 1 7 27 10 
5 9 10 19 23 42 
6 18 44 2 1 7 4 
6 33 28 11 1 22 4 
5 2 7 33 13 16 
4 9 10 1 20 
4 7 43 18 25 
4 1 10 45 6 
4 6 37 23 2 
6 2 7 5 31 6 37 
4 6 2 13 17 
3 10 20 11 
4 10 2 6 4 
5 43 4 1 11 13 
3 7 16 26 
4 5 16 46 11 
3 20 15 21 
2 14 1 
3 13 40 10 
3 6 10 4 
4 9 25 26 2 
3 9 8 16 
2 2 16 
3 14 5 35 
3 13 10 9 
3 18 1 6 
4 1 23 30 4 
4 46 5 19 12 
2 24 1 
3 7 32 44 

5 34 31 4 13 7 
0 
4 23 4 31 6 
15 1 24 20 30 17 26 44 3 14 7 11 5 28 6 46 
9 12 10 24 4 27 6 7 8 44 
5 4 5 21 13 3 
15 23 42 16 18 1 9 5 22 10 4 32 15 8 29 37 
9 20 35 5 9 18 22 28 7 31 
7 18 7 38 32 35 8 17 
3 19 5 7 
8 44 16 15 34 4 13 41 25 
4 5 23 25 29 
5 11 34 6 1 21 
4 37 33 4 36 
5 39 11 42 7 46 
4 11 31 7 27 
4 35 9 4 40 
3 7 9 8 
5 43 28 45 10 26 
2 8 4 
2 6 13 
2 8 7 
3 12 3 7 
2 5 4 
5 30 36 11 33 12 
3 19 45 4 
3 41 5 16 
3 8 19 4 
4 12 7 32 46 
3 4 43 25 
5 1 38 8 3 16 
4 7 9 29 33 
4 40 32 25 14 
3 11 13 1 
4 8 9 36 17 
5 25 14 35 40 39 
3 7 38 14 
3 31 9 37 
2 36 15 
4 17 36 33 41 
3 11 27 40 
2 7 15 
2 19 30 
3 11 4 5 
2 19 26 
3 29 15 4 

0 
7 15 4 6 25 32 5 9 
20 6 9 19 23 10 24 4 11 7 12 39 20 30 26 5 16 32 8 13 31 
14 14 21 29 36 6 20 2 18 3 15 5 33 16 7 
9 8 3 46 38 4 31 2 22 37 
13 21 34 27 29 8 3 22 19 17 2 28 45 4 
7 9 3 4 11 23 10 25 
6 5 10 18 3 6 13 
8 2 17 3 25 24 12 7 11 
7 7 15 28 3 14 8 36 
7 32 7 3 9 35 16 12 
4 11 9 3 28 
7 3 14 29 8 26 44 27 
8 10 18 4 13 39 34 17 35 
6 39 2 4 19 22 10 
6 43 4 30 11 24 3 
3 14 6 9 
9 14 8 21 41 4 40 37 42 44 
10 41 23 35 6 3 15 20 30 36 42 
5 41 3 4 19 40 
7 44 6 33 38 18 4 26 
3 15 6 5 
4 40 3 19 7 
3 3 16 9 
6 7 9 2 27 43 33 
3 21 13 3 
3 25 6 13 
3 6 10 12 
5 4 43 13 6 37 
3 16 3 19 
2 3 5 
3 2 3 11 
4 42 21 4 25 
2 14 6 
3 19 14 11 
5 38 4 45 10 19 
3 5 18 29 
3 36 5 21 
3 15 14 3 
3 20 18 23 
4 19 18 45 20 
4 46 18 19 33 
4 46 29 16 25 
3 18 13 21 
3 41 36 6 
3 42 5 43 

12 6 35 9 13 29 15 33 21 19 4 31 22 
15 26 9 18 42 36 12 11 5 38 4 27 10 8 20 23 
8 5 12 41 22 7 28 4 14 
16 31 15 16 7 33 25 1 39 17 13 11 9 3 5 6 2 
17 26 17 30 20 14 6 2 43 32 21 4 23 36 3 16 25 8 
8 10 19 15 7 4 21 1 5 
11 26 24 8 3 11 35 6 12 18 4 10 
12 16 13 18 44 5 14 37 25 2 7 46 19 
3 2 1 4 
4 6 45 2 7 
3 4 7 2 
5 7 2 17 3 20 
3 8 4 1 
7 5 23 40 8 46 3 30 
7 31 32 4 1 27 6 40 
4 4 8 5 22 
5 4 44 12 29 5 
7 45 33 7 42 8 37 2 
4 29 6 1 8 
6 36 30 5 2 24 12 
5 6 1 45 5 28 
9 24 41 16 39 43 3 1 37 38 
6 14 46 27 5 43 2 
4 34 20 7 22 
3 8 5 4 
7 38 7 41 28 40 5 2 
5 34 23 15 2 35 
3 26 21 3 
3 1 19 17 
3 14 5 20 
4 1 32 15 4 
4 34 5 15 31 
3 1 4 18 
4 24 39 27 32 
3 7 27 1 
3 2 5 20 
3 22 8 18 
3 2 26 22 
3 22 4 34 
3 26 15 14 
4 3 26 22 42 
3 2 41 18 
4 23 5 44 22 
3 8 17 43 
3 10 18 21 
3 14 23 8 

9 34 7 9 19 41 45 8 4 24 
11 33 7 34 11 18 13 14 43 5 21 4 
11 13 21 7 10 36 38 24 5 4 6 35 
19 5 27 44 43 10 3 16 12 9 31 29 30 1 22 2 14 8 35 6 
10 22 17 3 20 6 39 4 23 18 2 
11 8 46 12 19 3 5 34 20 37 4 15 
7 16 12 1 2 25 3 14 
13 29 4 13 11 44 20 15 9 33 25 23 1 6 
6 17 8 1 10 42 4 
12 28 19 11 46 43 35 18 3 32 4 30 9 
4 15 2 8 10 
5 7 6 39 4 16 
4 8 36 3 2 
3 4 2 7 
3 8 6 11 
7 4 26 17 7 37 12 30 
11 31 23 46 5 28 42 27 9 45 21 16 
5 22 10 2 5 40 
5 38 37 6 1 10 
3 5 8 6 
6 38 17 24 2 3 40 
4 18 32 5 4 
6 5 17 45 26 8 25 
6 1 21 26 3 27 29 
4 8 32 7 23 
4 16 23 39 24 
6 24 28 41 17 4 44 
4 31 17 27 10 
4 4 24 8 33 
3 10 4 16 
3 28 17 4 
3 10 22 25 
4 29 8 2 36 
3 2 6 1 
3 3 10 4 
3 13 33 3 
3 16 6 19 
4 21 40 3 19 
3 12 26 5 
4 41 21 38 18 
4 42 1 40 27 
3 17 9 41 
3 2 4 10 
3 4 27 8 
3 1 23 17 
3 10 17 6 

7 5 23 7 9 43 11 4 
14 9 10 4 20 22 45 5 36 28 12 18 13 7 8 
10 25 9 21 20 16 39 22 6 33 4 
17 2 24 6 25 14 35 12 3 1 5 33 37 29 15 8 13 38 
12 8 1 10 6 45 31 2 7 24 18 32 4 
4 5 4 3 14 
8 5 1 17 37 2 39 40 19 
13 31 46 38 21 2 5 25 11 42 4 13 23 29 
16 26 29 41 24 10 11 2 1 35 30 15 21 3 27 28 16 
4 2 17 9 5 
5 18 8 1 9 12 
5 27 14 2 4 11 
8 4 16 36 28 35 15 2 8 
10 38 34 6 39 4 23 40 37 12 17 
7 30 41 9 13 4 44 19 
5 13 43 40 3 9 
8 42 10 7 32 19 33 14 27 
4 5 11 2 32 
6 17 15 20 7 46 22 
4 3 19 34 2 
6 9 8 42 36 3 43 
6 2 26 30 19 44 3 
3 14 1 8 
4 5 4 26 9 
3 3 8 4 
3 9 22 24 
5 12 34 17 44 9 
4 2 13 9 31 
4 8 4 46 9 
3 22 15 9 
3 5 28 8 
3 5 18 17 
4 4 45 3 17 
3 14 20 27 
3 13 9 4 
3 2 13 21 
3 14 4 7 
4 14 8 4 41 
3 7 3 14 
3 16 7 14 
3 9 38 15 
3 17 21 8 
3 1 21 16 
3 27 15 22 
3 2 33 5 
3 29 19 8 

12 5 23 18 15 41 20 4 36 37 7 16 6 
9 14 13 11 8 23 4 12 22 45 
7 4 13 10 7 15 44 5 
24 20 11 16 1 32 5 21 40 6 28 3 37 2 46 31 30 19 15 35 38 10 13 41 25 
13 34 8 3 6 37 18 27 9 1 11 25 4 17 
16 30 29 27 10 4 16 5 9 42 41 7 12 1 32 22 14 
16 43 36 6 12 1 40 34 3 28 21 33 24 8 31 38 9 
4 31 7 2 5 
5 19 6 7 5 17 
5 4 29 23 3 6 
6 29 2 36 14 5 4 
7 2 18 24 28 7 20 6 
5 46 3 2 4 39 
7 11 26 6 2 46 19 35 
7 22 24 4 1 35 3 17 
4 4 1 33 6 
5 9 15 27 5 26 
5 30 21 12 1 5 
3 4 9 14 
3 4 1 12 
7 25 4 42 7 26 18 39 
3 15 6 2 
3 10 1 2 
3 12 15 7 
4 45 4 5 21 
5 40 17 21 14 34 
4 42 5 6 17 
5 43 7 12 32 4 
3 6 10 11 
3 6 18 4 
3 7 8 4 
5 28 33 6 39 4 
3 16 7 32 
3 26 5 7 
3 14 15 4 
4 7 38 1 11 
4 5 1 44 4 
4 43 36 4 7 
4 32 13 44 21 
4 45 4 7 26 
3 1 6 4 
3 27 21 6 
3 7 28 38 
3 37 3 39 
3 2 25 40 
3 14 4 13 

9 5 28 17 4 9 24 13 12 6 
9 4 8 6 34 5 36 23 12 7 
2 4 11 
15 1 20 26 11 5 8 43 42 9 36 2 30 45 16 3 
16 2 27 45 28 7 18 1 41 10 6 34 21 20 4 24 9 
18 8 2 21 15 44 46 34 38 7 30 5 25 43 13 31 10 1 14 
8 22 19 11 6 13 2 5 17 
8 14 46 35 2 10 6 40 4 
6 4 1 21 5 46 16 
17 15 14 12 6 32 19 5 35 8 29 22 39 18 16 42 30 33 
3 7 3 4 
6 1 10 17 2 23 25 
10 1 6 23 7 32 20 24 33 15 40 
7 27 39 8 35 6 18 10 
5 37 19 13 10 6 
5 4 9 37 10 27 
4 7 1 12 26 
6 36 28 10 22 14 5 
3 7 15 10 
3 13 4 5 
6 9 5 37 29 6 26 
5 18 39 10 31 7 
3 2 12 13 
7 13 41 1 38 25 5 31 
4 24 6 33 12 
5 29 38 17 21 4 
4 16 5 14 40 
3 1 18 5 
3 10 26 21 
4 4 10 6 32 
3 24 22 6 
3 30 13 10 
3 10 25 13 
3 6 5 2 
3 10 14 8 
3 2 18 4 
4 15 21 45 16 
4 26 6 43 24 
4 10 22 14 44 
5 44 41 8 27 13 
4 24 5 40 42 
3 10 41 4 
3 4 38 6 
3 39 40 6 
3 5 4 37 
3 9 8 6 

1 4 
18 41 25 6 15 10 17 26 5 39 21 38 4 20 22 8 16 7 43 
7 33 30 13 4 6 5 7 
19 28 21 1 41 14 46 2 3 8 5 24 31 13 9 6 12 17 34 7 
12 38 12 4 37 17 2 3 15 32 24 43 23 
16 20 8 10 3 9 22 15 19 12 45 4 25 42 11 39 2 
10 3 14 23 27 44 4 2 10 9 11 
4 2 16 6 4 
12 21 7 46 41 38 13 25 4 40 6 32 45 
8 36 35 7 20 11 2 6 37 
6 10 32 18 6 7 16 
5 43 6 4 23 5 
8 19 9 18 4 3 29 14 31 
4 7 44 4 13 
5 6 29 30 5 2 
6 8 34 2 40 11 18 
4 5 42 2 4 
10 29 36 27 13 28 11 19 24 16 22 
3 6 18 13 
5 46 2 6 10 37 
3 2 4 9 
6 6 18 39 2 35 26 
3 5 7 12 
4 18 4 31 5 
5 27 2 26 6 9 
4 25 2 34 22 
6 35 7 18 33 25 28 
4 18 27 4 30 
3 13 18 15 
3 15 28 3 
4 13 24 4 33 
5 40 9 36 5 11 
3 27 31 3 
3 16 26 4 
3 10 27 22 
3 10 32 18 
3 5 10 20 
3 2 9 5 
5 44 22 42 2 6 
3 9 32 16 
3 2 9 4 
3 17 39 6 
3 5 12 2 
3 14 39 7 
2 9 6 
3 20 9 4 

9 15 19 11 5 22 6 4 16 42 
13 11 28 35 4 41 17 43 38 44 6 5 8 10 
12 22 12 25 15 26 18 8 4 14 7 13 37 
19 45 35 17 9 27 5 6 25 1 38 2 24 3 21 30 19 34 11 7 
7 8 21 4 14 1 2 9 
10 2 27 1 18 20 40 4 33 9 7 
6 3 4 10 29 16 6 
7 3 10 40 22 5 2 12 
5 4 12 5 6 33 
10 2 35 16 7 44 20 8 26 43 45 
7 32 2 4 46 13 1 30 
9 28 13 21 9 31 3 8 23 20 
11 15 31 3 11 18 12 25 14 36 39 27 
5 3 13 23 42 5 
10 13 45 1 29 39 24 33 3 23 17 
6 24 29 26 1 7 10 
3 2 15 4 
5 6 19 13 38 3 
4 1 28 4 18 
6 37 32 30 6 10 12 
6 12 5 42 44 36 4 
5 8 1 3 31 43 
4 14 12 15 41 
3 15 16 4 
3 4 13 3 
3 16 3 10 
4 13 6 32 4 
5 34 2 12 19 36 
5 39 37 16 7 15 
3 20 4 11 
3 13 22 12 
5 40 27 20 34 11 
4 15 9 6 46 
3 28 4 32 
4 4 46 10 2 
4 13 28 21 41 
3 29 3 20 
3 4 18 2 
3 29 15 13 
3 8 32 6 
3 2 36 23 
4 45 1 14 21 
3 2 22 10 
3 10 2 21 
4 4 42 15 10 
3 33 11 35 

11 4 5 45 40 13 18 43 6 37 21 32 
17 45 8 28 46 16 36 7 31 23 5 4 22 17 38 29 9 6 
11 10 4 12 34 7 21 30 38 41 24 6 
19 44 2 17 38 7 10 3 14 31 12 19 25 1 9 39 5 40 8 36 
4 4 2 1 11 
17 18 31 1 2 11 9 14 8 15 3 24 20 16 40 27 26 23 
8 32 29 33 4 3 2 11 22 
11 25 18 2 24 44 17 6 19 23 4 39 
8 2 6 4 13 10 27 12 19 
7 22 4 13 34 9 20 3 
7 5 6 42 14 15 7 45 
4 3 4 35 9 
4 9 15 1 10 
7 16 4 6 34 27 43 11 
6 11 6 29 13 21 41 
5 14 2 6 30 26 
3 2 8 4 
5 25 8 30 1 6 
4 8 4 9 20 
3 6 10 19 
4 3 1 37 15 
6 10 2 28 7 26 33 
5 2 8 32 36 6 
3 6 3 8 
4 4 28 18 8 
6 22 43 6 16 42 35 
6 35 37 9 41 6 14 
3 2 25 22 
3 2 7 15 
4 3 33 16 18 
3 6 2 4 
3 7 1 23 
3 22 30 7 
3 3 10 14 
3 27 12 26 
3 23 2 4 
4 42 1 27 21 
4 2 4 39 3 
4 8 46 4 38 
3 1 6 4 
3 27 3 15 
3 26 11 37 
3 1 14 26 
2 4 8 
3 2 1 11 
2 39 2 

12 12 8 30 6 20 38 4 10 24 15 13 33 
11 14 34 9 31 27 5 4 26 38 19 15 
9 4 42 11 6 31 41 9 5 24 
18 16 3 2 39 30 6 13 9 12 5 7 22 1 27 10 43 45 14 
13 4 11 36 37 3 7 42 44 28 8 16 2 13 
8 7 29 1 32 16 4 33 3 
8 11 4 18 5 25 6 21 8 
7 12 7 22 35 26 1 5 
9 4 15 17 3 22 34 2 10 23 
6 4 31 19 20 1 9 
4 7 3 39 5 
12 4 44 30 28 46 17 19 1 32 8 23 14 
10 21 5 45 40 17 4 32 46 1 36 
5 24 37 4 12 2 
4 2 21 1 9 
7 6 44 36 18 4 46 5 
10 9 40 27 20 26 13 12 18 43 28 
6 35 7 17 16 23 25 
3 10 12 2 
6 10 25 38 33 1 17 
6 29 13 15 37 7 34 
4 41 9 4 8 
3 18 12 9 
3 1 14 3 
3 18 20 7 
3 17 2 8 
3 17 4 2 
5 5 12 42 29 17 
5 21 28 39 6 35 
3 4 1 12 
3 3 2 10 
3 6 12 13 
3 1 20 6 
4 21 40 2 9 
4 29 18 8 43 
3 13 16 5 
3 21 14 5 
3 2 1 20 
3 4 29 11 
3 13 34 17 
3 3 22 44 
3 28 5 3 
4 35 46 17 4 
4 41 5 16 12 
2 4 13 
4 43 12 13 16 

5 26 4 7 18 13 
7 4 5 45 28 21 17 20 
8 11 8 32 41 4 10 5 6 
16 1 27 14 3 35 20 34 12 6 2 5 15 46 42 9 45 
12 10 40 17 3 14 15 2 4 18 8 7 6 
22 42 12 43 37 20 33 46 24 8 11 3 19 15 5 7 26 22 9 17 25 4 40 
8 31 18 16 10 1 25 6 5 
8 30 6 3 13 5 38 16 9 
8 21 4 30 6 8 29 11 23 
7 12 19 27 14 5 7 3 
3 6 9 3 
12 6 10 23 13 26 43 4 42 44 35 21 16 
4 29 12 8 1 
4 4 5 10 46 
8 22 31 30 5 6 4 32 19 
6 31 8 29 23 7 12 
4 2 5 37 6 
5 1 28 5 7 33 
8 27 44 34 15 6 10 36 32 
7 22 2 33 45 4 6 24 
5 39 25 2 9 12 
5 6 15 24 20 28 
3 9 12 16 
4 20 22 35 6 
5 37 21 7 41 6 
3 12 1 6 
3 10 19 4 
3 18 2 22 
3 13 9 16 
5 34 40 8 15 9 
5 16 44 38 15 7 
5 15 3 38 19 39 
3 20 18 6 
5 30 43 4 36 19 
5 4 39 24 36 12 
3 34 19 35 
4 41 17 6 25 
3 31 32 8 
5 41 21 32 45 35 
3 6 30 5 
4 37 3 39 25 
3 6 12 4 
3 12 6 34 
3 19 31 12 
4 20 39 2 4 
3 14 4 6 

6 16 4 5 11 6 32 
7 9 12 8 4 7 22 5 
8 37 15 9 12 4 35 8 7 
20 19 5 46 3 32 8 26 9 15 30 40 14 6 18 33 10 25 13 1 2 
16 2 29 15 21 44 28 1 14 4 20 6 30 11 26 25 7 
7 4 16 13 1 11 5 31 
5 3 5 2 21 27 
14 25 14 16 42 18 17 2 4 10 29 45 36 3 13 
5 4 3 2 12 10 
8 8 23 38 4 29 9 22 39 
6 1 6 20 24 5 31 
6 2 42 27 9 39 3 
7 17 4 37 8 6 21 33 
9 19 22 36 8 4 43 31 23 5 
6 4 18 5 17 3 34 
9 1 19 6 43 41 20 8 33 27 
3 8 15 13 
3 8 15 4 
3 4 16 14 
7 24 40 16 5 11 39 28 
4 7 13 41 5 
10 24 37 10 23 30 34 2 40 32 14 
6 45 34 14 41 10 22 
4 43 22 11 20 
5 26 4 5 8 38 
4 28 4 25 5 
5 16 12 7 45 44 
5 36 26 5 20 35 
3 5 8 10 
4 4 35 5 22 
3 6 14 11 
3 22 4 1 
3 4 13 16 
3 23 15 22 
3 3 28 30 
7 8 28 38 46 14 42 44 
3 13 3 22 
3 36 25 10 
3 20 10 12 
3 4 22 20 
3 21 23 16 
3 8 12 36 
3 16 14 24 
3 36 27 5 
3 23 8 27 
2 4 36 

11 14 19 7 5 42 20 24 12 11 4 31 
5 45 24 5 4 8 
10 25 6 33 10 38 32 7 14 8 4 
9 5 1 2 10 21 42 29 6 3 
15 20 45 11 4 8 16 2 6 19 7 35 9 1 14 24 
15 18 17 23 25 31 3 4 9 41 12 5 13 21 15 27 
5 1 3 38 30 5 
22 10 35 28 33 17 16 30 39 18 5 25 15 12 9 3 2 41 21 44 43 29 22 
3 6 5 8 
8 11 4 45 3 8 20 15 44 
8 26 37 34 10 1 13 22 5 
12 17 13 34 44 1 16 23 43 40 8 6 37 
5 12 6 36 18 11 
6 34 29 5 1 3 32 
5 10 8 23 26 6 
6 5 12 19 30 8 27 
3 12 8 6 
5 39 8 6 13 26 
5 5 16 28 22 1 
3 5 1 10 
3 6 8 4 
6 28 39 11 27 8 19 
4 15 12 6 31 
3 1 5 2 
4 3 38 8 6 
3 11 18 15 
3 16 22 6 
8 22 19 8 46 36 37 40 33 
3 14 8 4 
4 8 16 32 7 
5 1 43 6 46 23 
3 3 14 30 
4 8 3 28 46 
7 41 11 12 35 42 14 36 
3 8 34 5 
3 28 34 13 
3 28 12 11 
3 25 3 7 
3 18 8 22 
2 12 28 
4 6 8 34 46 
3 34 1 4 
3 31 12 8 
3 10 8 12 
3 10 2 5 
4 41 31 28 33 

4 19 5 4 11 
12 6 37 27 46 14 17 22 4 10 41 18 5 
5 13 6 39 4 7 
20 36 2 5 44 23 10 19 3 31 21 7 13 17 34 12 33 40 15 9 1 
9 2 38 4 1 12 10 8 16 6 
18 5 14 15 3 18 12 8 41 28 45 2 26 20 9 7 29 31 11 
9 8 4 36 6 26 3 16 9 38 
14 16 27 40 30 34 6 5 22 19 7 18 15 21 29 
8 21 4 6 13 11 44 7 25 
9 5 43 4 35 2 44 30 23 25 
5 42 9 31 6 1 
10 4 14 39 25 28 32 6 27 5 37 
8 20 29 3 9 4 43 35 17 
6 2 6 39 26 43 12 
7 6 4 8 33 38 20 24 
3 7 8 5 
5 22 13 2 4 24 
5 2 8 37 42 6 
6 8 34 1 33 28 4 
3 15 13 6 
4 4 23 8 9 
4 24 17 2 8 
4 45 21 10 4 
3 22 15 17 
4 42 10 9 12 
3 7 14 6 
5 2 8 12 36 30 
4 6 32 12 19 
4 41 8 13 6 
5 32 27 46 8 10 
4 4 46 11 6 
5 28 30 35 12 40 
3 19 4 15 
3 19 4 8 
3 32 13 10 
3 4 27 7 
3 12 2 18 
3 5 7 15 
4 3 14 40 12 
4 32 4 39 8 
3 29 2 6 
3 11 25 18 
3 13 10 14 
3 4 10 9 
2 23 6 
3 2 31 30 

9 8 12 4 5 11 32 42 25 9 
13 39 19 6 7 11 9 46 5 24 22 35 42 4 
3 26 21 4 
18 13 7 30 6 17 5 15 23 11 39 2 8 41 14 3 36 21 1 
23 6 13 32 10 15 30 33 31 16 7 25 19 14 21 1 8 23 4 18 2 28 35 12 
5 2 4 32 10 5 
8 2 31 43 22 9 4 12 5 
13 10 29 25 24 14 18 20 5 1 4 37 28 16 
6 7 13 36 1 27 2 
9 18 5 8 33 6 22 24 17 19 
6 1 17 4 2 16 33 
6 34 26 1 5 7 36 
7 39 44 30 5 20 4 9 
5 8 5 4 15 29 
5 14 27 38 4 5 
7 11 23 20 8 40 28 5 
4 34 11 10 4 
3 8 10 5 
7 5 37 10 38 2 46 34 
4 26 8 13 16 
4 3 43 5 4 
7 10 45 40 7 29 44 2 
4 16 31 5 4 
5 40 8 2 37 10 
4 1 38 8 5 
4 27 3 20 12 
3 9 15 26 
3 16 8 5 
5 46 14 22 8 42 
3 13 5 4 
4 23 45 7 5 
3 5 1 6 
4 11 41 5 10 
3 19 17 12 
2 5 2 
3 9 12 4 
3 8 19 24 
3 19 15 25 
3 2 4 13 
3 16 22 24 
2 33 4 
3 2 1 29 
2 21 7 
3 13 45 22 
3 44 31 22 
3 2 29 19 

8 4 17 5 14 6 23 11 9 
4 4 5 7 23 
1 4 
20 6 36 34 2 1 16 9 8 21 3 19 11 37 5 29 15 20 10 13 32 
14 42 10 8 17 38 7 40 4 26 27 6 1 2 11 
10 18 20 17 40 5 4 7 1 8 14 
10 2 43 31 9 6 26 33 39 10 5 
10 5 45 36 26 20 15 4 12 6 24 
9 1 27 31 28 4 7 25 38 21 
7 5 7 4 40 14 12 13 
11 5 19 13 37 18 4 25 1 24 29 12 
7 16 22 19 8 10 11 15 
11 41 11 35 18 28 38 4 29 16 10 30 
6 10 34 32 1 44 6 
4 4 12 41 8 
7 4 45 33 37 12 13 22 
6 21 22 6 5 32 1 
7 33 11 6 25 30 41 13 
8 11 39 23 12 24 43 28 4 
3 6 8 4 
3 9 17 4 
4 16 12 17 35 
5 27 19 2 34 1 
3 11 19 8 
3 18 11 9 
4 36 5 8 7 
8 30 35 23 9 5 45 46 31 
4 13 19 9 44 
3 11 13 4 
3 13 18 27 
3 9 27 7 
3 14 17 4 
3 18 16 7 
5 23 41 14 4 35 
4 22 27 13 34 
3 26 8 4 
4 16 43 11 4 
3 13 9 5 
3 44 7 19 
3 10 6 5 
5 45 15 34 13 18 
1 5 
3 7 19 37 
3 39 14 28 
4 27 41 8 16 
1 27 

2 19 4 
9 5 45 8 35 7 14 4 46 40 
9 35 20 4 7 32 6 41 40 5 
16 14 6 30 10 27 1 17 8 3 18 28 26 2 5 42 25 
18 3 2 36 33 11 13 34 4 9 10 12 31 7 16 6 15 19 46 
6 39 5 3 11 4 29 
20 9 14 8 21 25 16 22 15 24 31 32 18 5 23 27 2 12 3 20 28 
19 29 12 15 2 4 10 38 13 11 25 9 35 41 36 7 44 16 24 42 
3 5 7 8 
7 8 5 17 34 4 23 13 
5 20 8 6 22 5 
4 8 19 5 7 
5 5 17 10 8 18 
5 26 7 21 2 4 
5 5 8 7 23 29 
6 21 8 5 30 32 7 
8 34 33 26 22 10 37 13 4 
6 13 7 4 43 39 27 
4 30 5 12 1 
4 11 7 3 33 
4 7 41 16 14 
4 24 11 7 17 
4 15 28 7 10 
4 38 22 8 7 
4 38 8 4 7 
3 4 17 14 
5 7 31 18 4 46 
7 4 37 7 40 36 44 23 
3 6 15 8 
5 44 19 4 16 37 
3 27 7 5 
3 3 7 16 
3 5 17 20 
4 5 17 42 10 
4 8 2 44 3 
5 39 46 8 28 5 
3 28 17 30 
4 25 43 8 24 
4 36 18 42 6 
3 3 2 28 
3 3 21 8 
4 34 39 8 4 
3 46 38 18 
4 8 30 28 35 
1 2 
5 2 36 27 43 5 

12 4 40 18 37 6 11 31 29 7 5 15 36 
2 4 5 
3 43 6 4 
25 19 38 8 41 36 2 12 34 7 14 18 1 10 17 6 45 3 25 21 11 35 39 5 9 33 
12 4 43 46 13 27 25 8 1 2 9 7 30 
11 19 4 8 33 13 1 3 12 26 36 14 
16 23 32 28 5 16 22 10 42 11 14 18 4 15 9 20 1 
5 4 5 10 6 39 
9 4 17 29 35 23 15 7 5 28 
12 12 40 7 21 13 27 42 8 23 20 24 4 
7 25 30 20 4 7 1 16 
5 6 10 19 21 4 
6 17 6 16 24 10 5 
5 7 35 4 42 6 
4 34 1 9 7 
4 13 7 22 11 
5 40 9 39 4 13 
5 7 4 44 1 32 
7 22 27 6 12 4 24 26 
6 7 11 38 45 10 46 
5 4 29 30 12 10 
4 7 44 19 16 
6 10 45 41 7 28 9 
4 13 10 19 26 
5 4 11 37 5 33 
5 19 38 43 24 6 
4 10 31 19 5 
3 23 7 9 
5 41 34 1 9 21 
5 32 11 21 31 5 
3 30 1 27 
5 30 7 18 39 42 
3 4 25 6 
4 43 4 15 29 
3 4 9 14 
4 1 6 45 4 
3 1 43 25 
3 26 20 4 
4 4 17 32 8 
4 45 1 10 17 
3 29 23 4 
4 14 10 7 32 
5 26 37 5 34 3 
2 18 22 
5 23 36 20 4 40 
2 20 5 

13 7 10 5 11 4 15 18 17 30 25 9 41 22 
10 5 12 28 4 31 9 26 17 8 36 
19 10 6 39 46 30 20 32 33 27 35 7 14 11 13 28 19 8 4 15 
10 2 6 41 1 29 24 3 12 31 5 
14 21 18 1 8 20 6 16 2 7 35 12 45 4 9 
7 4 18 15 3 25 14 5 
11 1 16 34 24 3 26 5 17 37 27 43 
5 2 3 23 5 21 
10 45 10 1 23 2 13 32 19 5 43 
8 1 9 22 42 34 3 11 21 
6 27 10 25 3 13 1 
10 35 20 46 5 36 38 19 16 4 2 
4 3 9 11 14 
3 13 3 6 
6 6 40 44 1 39 3 
4 33 5 7 12 
5 23 29 1 2 7 
7 5 40 26 33 22 1 6 
4 3 9 12 28 
4 5 3 12 40 
7 10 5 24 46 31 37 8 
3 10 18 1 
5 8 29 17 44 9 
5 21 30 4 7 36 
4 1 11 6 37 
3 7 2 18 
3 7 11 3 
4 3 19 38 2 
5 23 17 4 38 32 
3 3 24 1 
3 2 21 4 
3 29 9 3 
3 16 18 3 
2 7 10 
3 5 12 3 
5 44 12 37 2 24 
5 25 36 21 7 46 
3 28 29 12 
2 15 3 
3 20 18 15 
2 4 1 
1 10 
2 7 9 
3 15 23 36 
2 9 5 
4 37 12 3 21 

10 17 34 32 5 42 27 4 6 8 12 
6 20 4 13 15 7 45 
9 34 6 5 25 13 4 16 18 27 
26 3 17 43 13 5 29 22 8 25 18 10 35 23 28 21 26 2 19 30 1 14 7 9 46 33 38 
12 24 1 4 3 32 10 45 40 35 19 6 8 
11 31 36 32 28 17 11 3 7 20 1 5 
15 26 4 11 29 39 9 14 2 33 22 38 16 6 40 15 
13 23 21 4 11 9 16 10 43 5 20 46 1 34 
5 28 12 7 8 4 
5 5 4 44 8 15 
12 8 23 7 12 6 14 41 18 22 39 21 36 
4 1 11 9 26 
5 44 2 4 45 3 
6 37 35 24 11 7 4 
5 24 7 2 10 33 
4 7 29 3 8 
7 31 1 41 6 25 4 42 
6 3 4 11 19 37 30 
3 4 5 18 
3 6 8 2 
3 4 8 11 
5 41 11 31 4 7 
3 8 4 11 
5 27 39 15 5 14 
4 4 17 30 3 
4 7 12 44 4 
3 24 3 1 
4 4 36 9 6 
3 7 4 16 
3 18 4 25 
5 6 41 22 17 42 
4 1 6 5 34 
4 15 7 4 45 
4 3 8 1 32 
3 4 5 14 
3 28 6 11 
2 14 18 
4 39 42 4 7 
5 7 38 24 11 44 
2 7 5 
5 17 43 31 22 11 
4 31 38 17 1 
3 8 41 4 
4 39 26 10 13 
4 13 2 33 5 
2 4 8 

11 4 18 19 46 13 28 32 30 31 8 5 
10 4 17 25 5 23 9 6 18 46 41 
9 8 34 23 10 4 7 9 24 38 
20 7 26 31 8 1 22 24 21 15 34 40 2 5 11 3 32 43 27 6 12 
12 7 40 6 4 1 17 18 10 2 35 33 31 
7 4 5 2 14 38 25 13 
9 20 5 16 3 33 36 4 44 10 
13 20 13 16 26 1 38 19 4 28 3 29 14 9 
7 2 11 41 12 8 39 3 
8 15 5 7 41 3 11 30 33 
10 12 10 26 28 4 14 39 9 16 24 
4 17 4 11 9 
4 6 25 8 1 
7 22 20 11 6 15 29 8 
6 37 4 44 36 10 14 
3 11 7 8 
4 12 2 5 27 
5 5 19 1 27 2 
7 39 1 18 8 29 22 21 
6 14 8 7 21 42 32 
5 35 4 20 23 19 
4 4 14 37 19 
5 45 3 21 2 30 
3 3 4 11 
3 6 13 2 
5 11 36 42 4 8 
4 18 34 17 4 
3 8 11 1 
3 19 14 8 
3 10 1 23 
3 4 5 1 
5 1 38 4 20 43 
4 5 46 7 10 
3 27 4 3 
2 21 5 
5 37 15 40 7 26 
3 36 15 22 
4 32 3 8 6 
3 11 19 9 
4 5 4 42 36 
3 9 10 2 
3 20 40 26 
2 32 4 
2 15 7 
1 23 
3 33 2 1 

8 44 26 33 10 9 4 21 11 
11 16 46 7 18 5 8 24 22 6 9 4 
5 28 5 11 6 4 
16 7 13 21 3 5 8 29 24 12 2 40 1 45 18 14 37 
8 7 4 3 6 2 39 30 19 
8 2 3 27 20 5 40 8 11 
8 13 23 2 9 5 42 17 4 
15 26 14 36 29 10 19 6 34 20 32 37 17 41 4 2 
15 42 1 43 16 25 26 12 14 34 23 10 2 7 45 27 
6 8 13 9 35 15 1 
7 18 6 15 1 42 3 12 
4 9 11 17 4 
12 34 25 10 4 38 16 32 29 15 7 33 27 
4 9 8 4 36 
11 22 11 43 30 13 40 44 10 38 33 28 
5 9 2 37 13 20 
5 30 8 12 21 7 
5 19 11 31 2 4 
4 8 18 46 5 
7 44 6 32 36 24 16 8 
5 1 4 22 17 35 
6 41 15 2 31 21 23 
3 22 7 9 
5 25 4 41 2 20 
4 24 13 9 28 
4 9 39 8 1 
3 9 6 13 
4 15 40 25 3 
3 8 13 4 
3 15 5 17 
2 18 22 
4 35 20 8 13 
4 15 1 13 45 
3 9 13 8 
4 37 32 10 21 
4 45 8 20 14 
4 16 4 8 35 
2 15 13 
5 42 43 26 5 44 
4 4 6 15 28 
3 24 22 8 
6 7 39 11 46 43 9 
4 42 39 9 15 
4 15 1 20 39 
4 9 33 36 4 
3 19 2 42 

6 5 36 41 6 26 4 
2 5 4 
7 13 11 14 29 35 7 4 
23 39 34 42 21 1 22 3 10 8 14 31 30 2 5 6 23 9 18 44 37 32 12 16 
19 44 9 16 2 34 4 1 14 25 19 17 11 29 7 13 27 6 46 33 
11 31 5 11 38 9 1 7 37 8 4 10 
4 3 5 6 8 
13 7 28 35 10 23 13 12 6 25 26 4 33 34 
7 24 27 5 6 4 15 20 
11 28 8 4 22 39 19 43 45 21 6 32 
9 23 26 6 5 39 12 3 28 22 
7 8 30 38 17 11 4 32 
12 31 25 15 3 38 18 17 29 24 8 5 16 
8 20 18 41 40 3 5 4 15 
5 13 14 24 9 40 
4 13 41 4 5 
7 12 20 5 37 45 19 13 
3 14 4 13 
5 17 10 35 5 21 
5 9 17 43 36 14 
3 4 10 19 
4 36 4 11 10 
4 42 8 4 11 
4 30 13 9 15 
5 5 27 8 42 13 
3 8 11 1 
4 43 25 5 9 
5 31 8 11 39 10 
4 3 13 5 38 
4 4 35 12 24 
4 4 28 6 13 
3 12 4 10 
2 5 8 
3 4 5 8 
4 3 8 30 19 
3 20 22 1 
5 46 45 6 4 17 
4 6 29 13 12 
4 10 4 11 28 
2 14 15 
3 14 16 1 
3 25 23 4 
3 27 20 10 
2 5 4 
3 17 10 37 
2 37 5 

11 27 11 9 7 5 10 21 13 4 40 12 
5 4 8 7 18 22 
9 10 6 5 8 4 22 21 9 28 
15 21 6 16 26 14 1 10 45 17 41 2 5 7 3 27 
10 4 32 1 3 25 15 45 6 33 41 
4 4 15 5 3 
10 20 19 32 4 1 26 2 15 44 8 
16 11 2 20 46 12 22 19 28 7 9 14 13 25 40 18 3 
10 13 8 24 1 43 38 3 11 16 23 
8 3 18 17 19 1 16 4 12 
7 9 25 33 8 1 35 17 
5 1 10 37 8 29 
6 38 8 9 1 14 34 
5 4 38 43 13 8 
5 24 5 7 36 6 
7 4 9 44 10 37 39 27 
6 36 28 10 30 11 4 
5 10 2 20 8 33 
10 24 7 29 10 42 23 8 30 43 34 
8 36 18 8 40 31 7 23 37 
4 3 4 32 1 
6 3 41 2 29 30 8 
6 19 42 26 34 20 9 
3 15 19 9 
3 11 5 8 
4 44 7 4 23 
3 4 16 1 
4 3 17 8 43 
3 22 12 19 
4 19 17 33 22 
1 20 
3 5 21 7 
6 18 5 30 11 40 46 
3 23 19 13 
1 11 
4 15 20 17 46 
3 12 20 16 
3 9 13 14 
1 16 
5 33 8 45 20 1 
3 5 22 4 
2 19 23 
4 9 28 14 19 
3 26 16 7 
3 5 40 4 
3 33 8 36 

3 8 4 14 
9 36 27 5 8 29 37 17 6 4 
16 31 5 9 27 30 28 18 40 29 4 44 24 10 7 16 13 
16 14 11 33 19 3 6 1 46 20 8 44 5 2 12 13 34 
15 4 7 9 35 26 19 42 24 2 6 3 31 16 17 20 
12 41 5 14 42 4 2 22 38 7 37 18 32 
11 9 5 41 31 3 43 42 6 26 18 39 
8 29 22 1 10 28 23 2 4 
12 12 11 5 15 34 7 3 20 10 45 46 21 
7 40 9 12 17 8 3 11 
7 9 46 39 10 25 15 4 
9 15 13 36 9 21 10 16 4 23 
4 3 12 4 26 
6 1 30 27 41 4 6 
10 19 32 9 33 39 25 12 21 11 34 
6 24 12 45 5 33 3 
4 10 22 5 2 
4 28 7 6 3 
3 5 15 4 
4 36 4 5 9 
8 12 9 25 40 30 35 23 15 
3 8 17 6 
3 8 12 21 
3 16 3 5 
3 15 21 11 
4 7 13 35 5 
4 3 2 31 14 
5 31 42 18 3 8 
4 8 2 3 39 
3 21 3 14 
8 45 3 35 28 5 27 46 7 
2 6 15 
3 16 15 4 
3 9 15 4 
4 21 5 26 31 
3 20 12 2 
2 2 6 
2 6 39 
5 29 11 15 7 38 
4 21 3 44 10 
3 14 6 7 
4 7 28 5 6 
2 46 7 
3 4 3 40 
3 31 9 16 
5 43 11 4 9 31 

2 7 4 
10 5 43 29 4 10 45 16 20 38 17 
12 5 7 19 29 8 14 12 46 27 4 6 16 
20 19 12 30 44 33 2 15 8 10 25 27 3 42 7 32 22 6 1 5 9 
9 46 11 14 6 4 32 3 2 17 
12 3 10 24 19 8 44 28 9 13 5 4 18 
7 3 42 24 9 1 4 28 
5 3 26 4 20 6 
7 40 23 36 6 11 4 7 
19 20 4 35 17 11 18 34 13 27 21 36 12 22 45 43 23 2 25 6 
10 16 18 10 13 9 37 41 15 23 5 
6 34 10 30 22 4 3 
11 31 28 14 6 30 40 21 10 15 11 42 
3 3 5 13 
3 13 11 4 
5 29 3 21 11 2 
4 26 2 5 10 
3 10 6 11 
4 6 4 3 37 
4 2 10 8 41 
3 16 13 10 
5 4 12 10 35 33 
3 11 9 10 
2 7 6 
2 4 10 
2 17 8 
3 4 10 3 
4 6 38 7 13 
3 16 3 2 
4 13 12 4 32 
3 13 43 37 
5 4 35 30 43 5 
2 22 4 
2 10 12 
3 22 10 32 
4 44 9 38 10 
3 11 19 31 
3 2 36 28 
0 
3 13 9 45 
2 20 11 
3 13 4 7 
4 10 31 2 32 
3 36 4 6 
3 40 2 10 
2 5 3 

15 14 16 27 18 22 10 4 33 24 15 9 28 5 21 6 
13 13 4 24 8 23 41 34 6 20 38 39 26 12 
13 45 22 32 4 8 15 16 13 38 7 5 29 9 
18 12 5 2 20 14 10 1 30 41 17 8 3 32 36 46 7 37 27 
9 6 10 1 43 7 4 13 3 19 
8 34 12 2 15 21 11 1 5 
8 44 3 43 33 11 40 5 4 
11 20 14 29 11 37 16 2 3 18 4 9 
3 8 1 3 
5 1 23 31 5 4 
7 7 19 21 6 8 46 26 
5 4 45 2 6 32 
5 5 22 17 2 3 
8 19 8 4 42 18 25 1 29 
8 27 33 40 1 3 25 17 6 
6 3 25 8 1 26 46 
4 39 15 4 13 
8 24 14 39 1 8 28 43 42 
3 5 11 14 
7 2 36 8 30 34 23 4 
3 6 1 11 
3 13 3 1 
9 43 2 38 10 24 25 26 20 31 
6 23 35 18 2 37 1 
9 14 34 46 39 16 45 15 23 38 
4 11 23 2 16 
3 1 4 15 
5 31 18 36 32 1 
3 8 14 3 
3 4 33 20 
3 28 10 23 
4 28 3 12 4 
5 15 1 44 7 30 
5 6 20 2 39 25 
1 24 
3 20 4 28 
4 8 24 4 39 
6 3 41 2 23 40 25 
6 37 17 18 34 25 2 
3 38 7 15 
3 38 2 4 
2 18 14 
4 18 23 7 5 
2 33 7 
3 25 12 3 
4 25 4 11 16 

1 4 
11 10 8 4 45 29 44 36 5 35 33 12 
16 23 25 41 9 39 43 4 46 34 6 16 7 10 5 13 32 
18 8 3 34 13 40 11 6 20 35 12 5 30 2 15 43 27 1 14 
13 37 11 4 21 6 3 14 8 17 28 2 7 44 
12 26 3 4 7 24 10 5 15 17 39 19 21 
9 9 21 24 23 3 5 14 16 6 
12 46 36 31 5 22 4 9 2 13 37 30 42 
6 11 23 41 7 8 3 
4 6 2 3 30 
4 5 4 12 9 
10 2 38 24 19 11 4 28 29 18 33 
9 16 19 8 3 15 4 18 27 25 
7 7 45 25 17 4 22 5 
3 13 6 4 
4 3 7 13 46 
5 14 27 5 18 6 
4 20 13 12 17 
6 12 13 20 6 28 32 
6 18 41 35 26 19 4 
3 5 7 6 
2 14 8 
4 3 40 9 7 
4 12 7 31 6 
4 35 3 13 14 
2 20 6 
6 28 4 37 13 42 17 
6 35 12 27 19 31 5 
5 12 41 30 2 38 
4 29 10 4 8 
3 24 28 8 
3 3 19 36 
4 12 35 45 2 
2 3 4 
6 33 28 4 20 2 25 
3 32 8 2 
3 27 5 8 
2 29 12 
2 6 3 
2 23 4 
5 9 44 3 20 29 
2 27 8 
3 44 3 4 
4 2 41 5 43 
3 14 33 2 
3 3 16 8 

14 44 30 4 20 6 23 15 37 5 33 32 16 46 18 
9 40 7 6 12 17 4 44 10 5 
4 43 24 4 15 
20 38 13 36 24 5 3 2 26 30 22 7 17 1 41 20 28 18 8 19 39 
14 42 7 21 29 28 9 12 1 14 6 4 11 18 2 
8 22 32 8 2 38 13 1 5 
21 21 13 42 43 8 29 22 37 5 10 41 19 16 34 9 44 14 2 31 23 4 
10 10 9 4 21 45 7 36 14 11 6 
5 7 8 5 12 26 
6 2 11 8 15 20 7 
7 26 5 38 10 8 35 34 
5 5 40 31 2 9 
5 27 7 4 25 6 
4 8 16 5 7 
4 10 32 1 3 
5 1 17 30 14 7 
6 39 4 16 19 2 27 
4 1 5 4 33 
4 7 17 37 4 
3 1 10 4 
8 43 8 7 5 33 22 38 40 
5 42 4 7 6 21 
3 7 26 1 
3 31 4 3 
1 13 
6 39 23 11 9 40 4 
6 13 29 32 44 37 17 
2 4 5 
3 27 5 7 
5 16 34 1 31 4 
5 12 30 36 24 7 
5 42 15 27 1 6 
5 21 38 1 18 45 
3 11 30 7 
1 11 
3 4 31 8 
4 1 27 7 19 
5 4 6 33 21 11 
3 17 4 26 
4 26 12 2 21 
2 7 4 
4 5 22 7 32 
3 3 7 21 
4 1 27 2 7 
2 8 33 
1 1 

9 4 9 22 6 18 8 13 34 33 
18 20 4 41 39 42 8 5 12 7 26 10 21 35 25 34 6 15 9 
4 10 5 4 9 
19 32 19 11 33 27 29 3 12 1 6 25 43 2 5 40 14 26 16 13 
8 2 27 12 22 4 8 3 7 
12 22 14 30 42 10 41 2 15 4 11 7 1 
7 17 28 30 5 6 2 36 
4 1 5 2 30 
4 2 3 1 37 
9 20 17 16 3 6 11 13 2 19 
10 31 44 4 18 14 10 46 6 19 24 
6 21 23 2 5 4 32 
4 16 4 1 10 
8 15 11 24 4 43 41 18 6 
6 6 23 17 33 2 14 
8 13 4 10 20 21 45 27 25 
3 10 15 7 
5 28 1 14 11 46 
3 11 4 10 
8 2 24 25 10 43 16 39 35 
6 36 12 29 33 16 2 
6 27 23 6 41 5 1 
8 15 28 12 31 42 46 35 22 
4 11 25 20 14 
5 4 16 2 20 24 
2 2 4 
4 5 4 16 22 
4 7 45 23 18 
2 4 21 
3 6 8 7 
2 23 11 
3 12 4 34 
4 1 4 15 21 
3 1 32 2 
3 23 20 2 
2 21 7 
1 9 
1 40 
2 2 20 
3 4 46 38 
4 14 22 2 6 
4 2 23 6 45 
3 20 14 4 
1 11 
3 42 28 16 
4 40 11 23 18 

6 5 11 24 4 19 9 
8 6 7 46 4 45 42 30 29 
18 26 15 8 9 18 4 44 5 16 20 14 6 31 17 28 13 11 10 
20 7 14 10 15 3 6 39 13 33 2 37 8 41 5 16 36 12 18 1 27 
8 4 1 43 42 34 3 20 17 
14 4 8 11 40 3 14 9 33 25 2 20 7 23 27 
13 30 34 26 15 6 45 4 2 29 35 43 13 41 
7 3 6 29 37 4 27 21 
8 44 1 12 40 3 6 10 26 
8 32 3 42 17 25 4 9 12 
13 31 39 3 1 21 16 36 23 6 40 35 19 22 
8 28 9 10 4 18 22 19 38 
7 3 25 24 41 32 7 4 
3 6 3 4 
3 3 4 7 
3 4 11 3 
5 3 10 23 22 5 
3 3 12 4 
4 11 31 12 1 
8 28 24 26 23 38 3 5 6 
2 8 11 
5 12 36 17 34 11 
4 17 6 11 20 
6 20 13 29 1 45 31 
3 6 13 10 
8 9 35 20 44 32 3 37 7 
6 38 29 40 4 6 8 
4 38 3 20 12 
7 7 36 8 24 39 2 27 
5 7 42 44 2 35 
5 37 11 3 24 19 
3 13 10 26 
2 4 6 
5 7 39 22 5 40 
4 11 30 7 26 
4 11 29 4 22 
4 31 4 8 26 
6 46 43 28 12 20 27 
5 4 34 11 45 29 
5 6 9 11 27 34 
3 4 7 13 
4 30 2 10 5 
3 7 38 5 
4 26 3 30 9 
4 24 7 39 2 
2 38 2 

10 10 6 4 31 30 5 46 39 13 7 
8 4 40 5 6 9 12 41 21 
4 38 4 33 14 
8 5 2 15 33 16 1 3 6 
17 32 28 9 13 29 16 18 41 8 36 35 46 7 22 2 1 4 
13 41 19 1 10 7 28 4 15 24 11 22 8 2 
12 36 5 30 23 9 17 8 1 38 6 20 11 
7 7 12 5 17 23 6 10 
6 5 35 7 29 2 11 
11 27 34 28 19 15 14 21 1 8 12 6 
11 7 30 6 40 17 13 9 14 19 20 45 
7 33 27 34 26 8 2 10 
10 1 25 16 45 18 27 34 11 5 31 
4 35 3 10 11 
8 46 10 23 6 31 21 4 18 
5 13 5 25 32 4 
3 7 8 11 
9 5 21 28 31 35 15 34 13 46 
4 10 30 6 11 
2 11 7 
5 2 18 15 24 10 
3 32 5 6 
4 8 15 33 7 
2 21 6 
4 13 16 38 43 
2 12 46 
3 13 12 10 
5 36 5 18 10 6 
2 9 5 
4 19 1 11 7 
5 13 45 1 18 15 
6 37 22 44 5 16 38 
4 4 12 3 23 
4 12 13 10 18 
4 9 14 18 5 
3 28 7 5 
2 39 32 
4 7 25 32 3 
2 37 1 
2 11 2 
3 5 2 6 
0 
1 25 
1 32 
3 31 13 11 
5 5 1 26 15 18 

3 8 28 4 
2 5 4 
12 5 10 33 6 21 9 16 31 19 4 35 8 
21 10 7 28 23 46 20 35 2 14 25 5 3 34 21 11 36 6 15 41 24 1 
23 28 32 15 40 19 6 3 16 25 9 4 29 27 2 17 14 44 22 33 7 13 38 12 
9 20 26 3 7 25 4 22 5 11 
11 8 30 6 4 10 15 5 12 46 13 32 
8 7 44 1 29 18 24 3 9 
6 33 32 5 13 8 3 
14 27 26 12 22 7 3 30 16 43 42 29 4 11 37 
8 10 4 6 17 31 44 24 41 
10 5 36 26 21 14 42 18 10 7 45 
8 45 18 27 9 7 20 36 5 
5 23 19 5 4 12 
7 4 7 5 41 23 17 40 
3 5 3 10 
5 26 5 11 20 15 
5 13 43 12 44 8 
3 5 14 3 
6 13 4 39 17 45 6 
8 4 43 42 22 24 26 3 12 
8 24 10 37 6 29 21 43 5 
4 14 36 4 15 
9 4 22 25 11 44 21 39 8 37 
4 5 24 6 4 
5 17 12 6 21 10 
4 5 32 10 13 
3 5 4 1 
4 10 22 8 5 
3 42 10 7 
4 40 11 44 3 
5 27 7 9 37 5 
3 3 5 9 
1 4 
3 38 3 4 
4 13 23 12 4 
4 32 24 22 10 
2 5 35 
2 24 20 
4 31 5 15 42 
3 11 15 4 
5 40 12 30 10 21 
4 22 10 18 21 
6 11 18 8 5 31 24 
3 20 13 12 
2 7 4 

9 12 18 5 26 4 29 21 22 9 
9 5 16 19 6 12 30 4 18 8 
1 4 
16 8 24 25 1 6 14 5 31 10 7 22 45 20 3 2 46 
15 46 10 16 8 25 1 43 7 6 4 11 34 9 13 2 
17 24 4 30 7 9 28 46 36 2 20 5 18 45 13 17 43 14 
6 21 41 5 4 6 11 
8 15 13 11 2 4 10 5 23 
11 17 29 14 31 5 42 15 6 20 1 26 
9 4 40 35 41 5 8 33 23 27 
7 33 12 5 25 7 29 8 
5 11 2 38 24 1 
8 5 8 32 6 16 15 39 44 
5 6 19 9 4 27 
3 13 8 9 
4 39 5 13 2 
3 6 9 43 
4 6 45 2 1 
3 14 2 34 
3 9 6 4 
2 7 1 
2 1 4 
2 10 8 
4 4 46 12 6 
4 5 4 38 11 
3 9 1 34 
2 10 14 
1 6 
6 31 9 1 30 35 11 
5 29 43 40 6 2 
3 29 4 9 
3 38 37 13 
5 42 11 39 37 10 
3 19 5 26 
2 29 10 
1 6 
2 33 32 
4 32 25 39 12 
4 16 33 13 38 
2 30 10 
2 10 7 
2 9 33 
4 30 5 6 17 
1 13 
3 18 4 6 
4 24 5 6 4 

4 4 8 26 25 
18 6 27 13 11 12 4 24 16 32 28 7 33 19 5 39 37 20 10 
8 34 14 4 18 5 9 23 21 
22 2 3 10 9 1 7 31 36 26 6 30 24 8 34 21 5 35 11 37 12 16 41 
27 13 27 6 17 22 24 39 32 43 38 42 18 3 40 29 23 26 2 20 19 10 30 9 4 44 25 12 
7 40 5 28 46 7 2 4 
7 6 2 42 8 31 4 38 
5 1 43 30 7 4 
10 20 11 27 43 3 44 15 5 4 36 
9 15 17 13 46 4 40 5 2 34 
3 9 2 4 
5 21 5 14 4 2 
6 15 22 14 2 5 10 
3 12 13 3 
8 27 45 37 13 10 9 35 22 
6 2 36 17 4 19 37 
6 39 28 5 31 16 10 
3 28 5 3 
5 16 5 43 2 21 
5 5 42 9 2 36 
4 3 19 12 4 
6 5 26 23 15 13 44 
5 5 3 22 40 34 
4 4 32 5 2 
4 5 32 33 1 
4 1 4 5 22 
4 9 2 15 5 
6 6 2 30 42 17 18 
2 5 35 
8 41 5 4 28 38 8 34 44 
3 4 17 7 
4 2 25 24 5 
2 2 25 
7 38 3 23 4 30 40 10 
4 29 4 39 15 
5 20 9 4 16 37 
5 4 16 36 15 2 
4 34 30 7 5 
4 17 35 2 5 
5 34 6 10 5 23 
2 4 30 
4 7 28 5 20 
4 8 5 19 9 
4 9 30 5 22 
1 15 
2 10 6 

3 15 4 8 
8 19 6 5 41 4 7 14 24 
11 36 4 44 5 35 29 21 12 6 7 18 
15 27 8 7 3 11 17 24 10 2 26 5 22 1 9 19 
11 32 3 41 2 8 27 6 15 13 4 20 
5 35 28 5 3 2 
8 18 3 12 9 40 4 34 2 
17 33 10 38 11 9 30 5 44 4 1 43 28 12 17 39 42 14 
14 13 10 11 25 45 33 34 8 37 29 7 30 4 19 
10 16 39 4 8 21 13 36 46 22 9 
10 8 46 16 30 36 37 25 4 9 17 
4 8 7 3 14 
3 5 9 10 
6 2 17 41 8 19 12 
4 16 5 23 1 
5 11 10 42 15 33 
8 4 18 8 11 28 14 22 36 
5 17 3 29 35 7 
4 2 9 4 14 
1 5 
2 3 10 
4 4 10 29 17 
4 15 25 38 31 
2 4 2 
4 11 37 23 9 
2 45 4 
6 5 45 44 32 4 39 
5 17 6 8 41 33 
4 9 22 3 18 
3 8 11 9 
2 23 46 
3 5 27 35 
4 8 16 9 28 
2 9 7 
4 3 18 32 6 
4 11 10 17 3 
3 9 25 11 
2 8 23 
3 10 8 27 
2 45 7 
4 14 5 28 2 
2 16 8 
1 8 
3 27 8 3 
4 40 26 27 9 
3 11 10 31 

2 6 4 
2 4 5 
14 4 21 19 18 28 33 22 24 6 8 35 15 7 5 
15 44 5 33 8 6 11 2 9 1 16 31 41 3 22 19 
10 15 38 10 3 9 4 30 2 37 7 
7 3 7 1 19 13 12 4 
18 11 9 12 26 14 29 17 35 20 6 30 5 37 41 10 24 3 8 
10 39 31 3 4 7 11 17 21 14 10 
10 4 40 32 16 26 7 43 12 27 5 
4 5 8 7 43 
8 8 13 24 4 18 28 7 21 
3 9 6 7 
11 31 20 6 25 35 26 11 21 15 16 18 
2 7 8 
6 5 33 42 3 13 29 
6 20 23 13 4 37 9 
4 22 7 8 32 
4 11 3 13 43 
4 4 3 31 6 
6 7 46 13 32 28 16 
8 23 3 27 31 45 13 8 11 
6 17 38 23 24 3 4 
3 21 22 16 
4 11 3 22 7 
4 26 43 13 44 
6 34 25 39 7 9 13 
2 21 9 
5 20 41 40 3 11 
2 7 15 
2 5 7 
7 13 38 19 8 42 4 21 
3 20 17 9 
3 4 3 15 
1 26 
3 3 13 7 
0 
4 7 5 45 16 
3 22 31 5 
3 40 8 26 
3 9 28 39 
3 7 28 4 
2 31 15 
4 25 9 18 10 
2 25 4 
2 21 37 
1 20 

12 44 37 7 6 25 5 36 15 4 19 8 26 
10 33 7 24 6 29 14 4 28 16 11 
7 37 5 19 12 30 9 4 
15 2 15 9 14 30 32 10 3 5 6 13 17 18 1 26 
17 3 13 40 23 1 32 44 8 25 29 4 41 12 7 10 21 20 
10 1 29 2 17 4 16 34 25 38 23 
9 8 14 9 13 1 22 2 11 5 
15 12 46 31 35 7 37 22 5 15 27 10 1 21 26 11 
5 32 4 41 3 7 
7 4 17 36 21 45 5 8 
3 7 2 8 
7 25 31 8 15 5 13 3 
9 12 7 25 45 20 14 5 32 4 
7 16 7 27 4 13 17 2 
7 1 23 36 8 4 41 12 
5 14 6 22 2 23 
7 4 32 10 14 6 26 18 
10 17 37 40 25 4 28 44 36 45 23 
6 3 1 46 39 35 20 
6 27 43 13 19 29 5 
6 39 5 30 42 10 8 
3 7 16 8 
6 6 15 34 5 18 16 
1 2 
7 18 13 6 1 5 12 34 
6 4 46 8 1 33 17 
4 34 14 20 8 
5 2 45 29 36 18 
6 5 28 40 2 6 20 
4 21 3 38 4 
2 8 12 
5 13 17 5 4 9 
2 26 2 
4 6 23 25 27 
4 19 8 38 42 
5 10 15 18 28 1 
4 3 1 8 18 
6 46 30 35 42 6 44 
2 19 21 
3 5 29 18 
3 5 9 15 
3 38 21 35 
1 20 
4 38 5 1 18 
4 13 18 10 28 
4 8 26 19 38 

6 17 31 6 26 7 4 
9 40 6 10 4 9 21 5 29 46 
11 14 29 16 34 37 5 6 24 18 4 8 
16 3 21 7 44 17 37 9 1 16 8 19 2 30 12 5 15 
9 25 15 27 4 23 11 3 2 8 
17 7 1 3 33 46 26 40 10 28 41 37 18 2 17 35 14 12 
7 33 13 4 1 14 6 9 
5 11 3 20 5 4 
11 2 42 13 4 7 20 10 32 18 19 24 
3 2 9 6 
3 5 8 41 
9 18 4 40 23 6 36 28 20 22 
4 9 40 7 27 
4 3 6 7 28 
7 34 5 4 43 33 46 16 
5 31 4 3 18 15 
7 6 42 1 33 27 4 30 
9 43 9 3 20 12 44 16 19 6 
3 18 9 4 
7 8 18 9 45 39 24 12 
2 2 4 
3 31 39 12 
3 5 24 12 
6 20 3 35 23 42 9 
4 42 34 5 35 
2 1 6 
3 17 5 13 
3 14 6 12 
2 2 3 
2 4 17 
3 22 1 16 
1 9 
5 7 15 6 38 17 
4 25 38 3 15 
4 25 6 39 24 
2 12 43 
4 3 6 46 4 
2 33 34 
3 35 22 20 
4 2 6 12 13 
2 11 6 
5 24 9 17 45 25 
3 15 36 18 
2 4 18 
2 20 42 
4 6 2 15 37 

6 34 9 8 6 4 5 
1 4 
11 7 5 6 15 23 10 44 4 37 9 33 
11 6 8 3 2 33 17 32 9 29 1 5 
15 3 32 7 31 24 12 20 10 18 1 27 4 21 46 15 
22 36 10 3 42 7 4 40 22 11 15 19 33 30 18 41 1 21 29 13 14 12 8 
5 6 39 5 31 3 
8 4 38 17 40 1 16 6 12 
3 1 4 3 
14 11 5 3 39 25 34 42 6 28 15 31 12 41 38 
4 6 16 10 30 
6 8 5 38 13 6 10 
4 39 6 25 12 
4 22 41 6 19 
8 26 36 5 3 43 6 10 35 
5 8 11 35 22 32 
4 4 8 20 27 
4 5 21 23 6 
4 27 6 14 24 
7 17 32 5 23 34 33 44 
6 6 22 5 45 43 18 
6 21 16 14 29 6 46 
6 18 31 3 38 30 20 
2 19 5 
4 40 13 36 10 
2 15 28 
4 19 5 17 43 
3 10 26 44 
3 4 22 6 
5 11 36 45 6 23 
4 10 5 23 7 
4 4 20 5 16 
5 6 4 20 3 45 
3 20 1 10 
3 39 16 15 
5 30 15 42 6 25 
1 3 
4 10 23 8 12 
4 35 13 10 7 
3 6 25 8 
3 10 14 6 
3 10 36 6 
3 21 15 27 
3 28 3 20 
3 33 30 21 
2 5 22 

4 4 8 5 12 
2 4 22 
16 8 34 14 5 18 10 7 35 4 26 28 12 6 17 9 24 
16 28 33 1 27 42 7 44 6 9 16 2 3 34 13 11 5 
25 46 22 33 13 15 40 12 4 20 24 17 32 6 41 7 35 14 3 45 23 27 42 16 29 1 
7 5 3 41 36 8 44 4 
9 10 21 9 5 40 23 3 4 19 
3 1 3 6 
7 7 4 3 11 14 24 17 
12 16 38 7 11 21 3 39 41 43 25 20 19 
10 9 23 26 22 45 32 34 10 4 13 
4 1 5 13 3 
9 25 30 14 20 12 4 28 5 11 
11 24 16 3 18 29 13 5 35 9 25 28 
7 23 31 27 43 5 19 42 
5 10 14 5 43 4 
4 5 26 9 3 
3 3 14 34 
4 7 36 15 10 
4 10 13 5 22 
4 28 46 10 7 
9 20 27 26 35 37 5 11 2 30 
5 11 39 5 15 7 
4 9 3 14 5 
4 44 14 10 13 
4 11 3 22 17 
5 4 5 15 22 35 
7 14 4 21 46 37 3 13 
4 36 45 14 5 
3 41 13 22 
1 15 
3 44 5 11 
3 4 5 38 
6 40 18 42 4 3 11 
6 3 45 5 27 22 14 
3 19 29 6 
2 22 28 
2 33 10 
2 10 23 
3 5 7 34 
4 30 5 10 6 
4 4 34 15 5 
3 15 10 16 
4 25 6 4 32 
4 35 11 5 29 
3 28 21 5 

11 19 9 40 7 41 45 5 10 8 6 4 
12 10 11 4 29 17 35 36 23 13 14 5 6 
3 44 30 4 
14 21 3 2 8 31 24 7 19 5 6 10 1 12 32 
9 42 4 37 9 33 15 41 2 1 
12 38 12 4 8 9 16 7 11 1 18 23 2 
3 6 4 1 
12 1 37 10 34 11 19 29 4 45 14 25 6 
4 11 5 1 6 
8 39 22 8 21 2 4 29 1 
13 36 6 2 46 15 8 13 27 33 9 43 18 16 
3 4 17 6 
3 11 2 36 
6 42 8 15 2 25 21 
5 14 25 11 5 45 
5 6 19 30 11 37 
7 28 2 12 26 31 18 20 
6 32 11 6 20 24 17 
4 1 8 4 16 
4 17 18 39 38 
5 10 23 14 32 4 
2 44 10 
5 30 46 6 21 2 
5 30 39 4 18 26 
4 14 35 15 8 
4 31 17 43 24 
2 11 31 
1 17 
3 2 8 10 
4 23 3 16 24 
4 26 27 17 4 
3 4 18 21 
4 5 40 11 37 
3 8 38 41 
2 25 2 
4 11 2 13 38 
5 33 8 5 16 43 
4 20 6 36 34 
3 24 20 10 
2 1 33 
3 5 34 1 
2 5 14 
3 11 26 37 
2 3 22 
3 1 15 8 
2 11 23 

8 6 4 29 5 21 7 12 8 
9 8 7 11 5 9 26 4 45 44 
2 45 4 
17 6 42 5 30 24 22 23 43 1 19 7 10 8 20 2 3 33 
18 9 30 11 35 4 27 31 6 21 33 13 40 26 28 1 19 2 41 
3 5 1 4 
8 23 1 35 2 34 14 4 16 
13 29 46 20 12 18 15 27 26 1 14 4 2 32 
4 16 5 2 11 
11 33 4 13 42 29 35 31 24 40 22 38 
5 42 9 43 2 5 
10 30 8 19 17 1 37 36 26 44 13 
8 15 10 5 32 39 12 20 27 
9 25 7 20 45 8 21 38 22 18 
4 39 8 17 13 
6 25 37 9 24 21 7 
9 28 33 15 12 43 45 31 22 46 
4 8 25 28 14 
3 5 4 12 
7 26 4 36 27 8 13 14 
5 1 16 14 28 5 
4 4 17 10 14 
4 7 40 4 30 
3 10 4 16 
3 18 16 14 
8 46 44 2 34 12 20 5 8 
4 20 5 8 13 
4 21 5 18 17 
4 8 1 10 41 
5 23 34 12 4 5 
3 5 17 10 
2 13 8 
4 5 17 10 4 
4 39 26 30 7 
3 5 7 10 
2 20 12 
2 12 16 
3 10 14 43 
3 34 13 15 
3 5 23 10 
2 5 29 
3 10 11 4 
4 11 38 17 4 
3 12 2 26 
4 14 2 17 3 
3 26 17 8 

2 5 4 
11 19 10 9 25 8 17 5 4 24 6 12 
9 4 5 38 8 31 34 23 29 6 
9 1 7 15 44 10 3 20 14 2 
3 2 1 3 
11 3 22 2 23 16 45 24 13 44 27 20 
14 4 9 18 31 17 16 33 23 40 44 11 25 15 10 
8 25 3 13 22 16 2 12 18 
13 37 15 14 17 20 39 2 35 7 10 38 28 34 
5 38 4 7 9 2 
5 7 14 38 12 29 
7 36 11 46 2 18 8 39 
5 8 30 14 6 17 
7 11 15 37 4 9 28 13 
7 4 9 14 7 24 46 37 
3 8 6 7 
4 13 2 9 7 
7 19 12 21 26 7 46 8 
4 27 18 2 25 
4 6 9 4 43 
1 18 
3 36 6 8 
5 7 3 29 6 31 
3 15 6 2 
6 19 41 8 7 32 2 
2 34 18 
3 6 19 32 
2 14 9 
4 3 23 32 11 
4 35 36 34 13 
4 7 40 3 23 
3 29 25 27 
3 39 7 42 
4 3 26 30 9 
3 30 42 9 
3 22 12 30 
3 15 14 9 
6 41 9 43 3 11 10 
3 9 12 33 
2 7 31 
2 25 38 
2 35 33 
2 20 38 
3 7 6 4 
1 6 
3 12 18 15 

3 4 36 12 
18 32 23 16 28 19 11 6 35 5 29 24 36 4 10 8 42 7 20 
6 4 12 5 6 7 28 
3 1 3 2 
11 6 3 7 2 34 9 35 46 11 32 40 
15 16 42 7 13 5 14 23 8 41 34 28 19 3 2 18 
16 15 14 36 32 25 12 11 10 31 3 22 5 21 6 2 9 
12 13 11 18 24 29 26 21 27 42 2 6 35 
5 22 7 5 13 36 
3 7 12 2 
11 39 25 7 44 22 5 2 15 20 30 8 
6 10 37 3 1 27 7 
11 20 18 16 8 9 23 27 6 37 29 41 
6 17 7 26 45 6 16 
6 30 39 11 7 33 21 
6 17 13 14 2 6 19 
2 16 14 
3 13 8 6 
6 2 6 38 43 16 26 
3 13 2 11 
7 8 7 15 24 32 28 40 
3 7 9 11 
4 13 6 2 38 
3 8 2 21 
2 7 11 
7 19 28 39 8 14 42 46 
4 13 8 12 40 
8 3 21 36 2 35 30 26 6 
5 31 8 33 2 13 
3 15 28 11 
5 29 33 7 45 41 
4 7 21 5 2 
3 15 31 29 
2 5 6 
5 5 8 28 2 37 
5 9 7 1 2 28 
5 35 43 13 12 46 
3 23 44 19 
4 11 45 26 15 
4 5 21 43 27 
3 6 13 31 
4 2 8 26 6 
3 40 37 19 
2 11 38 
3 39 31 14 
3 37 5 26 

8 11 4 23 10 35 8 6 15 
15 27 9 31 14 36 41 5 4 16 26 13 20 7 10 11 
0 
12 5 18 2 32 7 29 10 8 27 11 1 14 
13 10 28 34 24 8 6 2 4 46 38 18 9 14 
5 5 42 1 14 13 
10 31 23 11 4 15 2 13 9 25 20 
10 36 26 4 9 5 12 13 1 41 17 
9 26 2 19 5 8 37 7 45 15 
6 5 2 4 1 24 20 
5 7 4 1 2 41 
7 15 39 16 22 8 43 33 
5 6 2 8 44 7 
8 6 4 30 2 41 17 5 16 
11 18 34 9 7 22 17 29 31 1 12 19 
7 2 25 14 40 12 30 22 
4 14 21 8 15 
6 4 5 15 26 33 21 
6 43 32 35 9 21 15 
6 46 2 10 23 27 7 
5 18 17 43 19 27 
3 15 16 12 
4 1 7 20 40 
5 38 25 10 5 33 
5 24 42 31 16 7 
8 8 34 37 30 39 9 2 18 
4 20 2 21 4 
2 5 35 
2 15 4 
4 14 39 26 16 
4 25 2 7 15 
2 19 4 
5 38 12 18 46 24 
5 5 15 26 40 37 
4 19 1 44 28 
2 8 2 
3 34 26 9 
3 5 24 33 
3 26 30 12 
3 23 34 16 
4 14 11 8 2 
3 25 6 44 
4 12 21 45 19 
4 13 35 45 42 
3 9 43 44 
3 33 20 5 

12 16 27 17 5 4 39 19 41 33 15 9 12 
0 
10 8 12 27 4 32 14 13 5 6 9 
18 10 42 12 8 21 5 3 1 16 28 25 9 23 19 22 7 6 20 
6 17 7 1 3 4 37 
3 18 3 4 
7 18 27 4 24 40 12 5 
6 3 4 39 13 34 15 
12 4 20 23 46 30 29 39 11 17 3 44 1 
7 40 33 37 14 45 4 15 
1 9 
6 7 3 4 44 30 1 
3 38 3 8 
5 3 10 18 16 31 
5 1 17 21 8 10 
6 33 46 14 25 1 4 
8 19 22 5 1 33 15 21 9 
8 19 25 45 32 6 14 7 46 
7 18 4 43 17 1 26 30 
3 4 9 22 
4 4 38 15 17 
7 35 28 24 20 17 32 4 
5 37 24 9 28 4 
7 22 7 23 43 26 40 29 
4 4 16 18 29 
2 24 19 
6 34 1 7 3 39 35 
4 22 23 4 36 
5 24 25 9 31 34 
4 9 42 12 19 
2 29 14 
3 22 3 18 
5 17 1 36 16 10 
5 41 45 8 29 27 
3 22 27 41 
3 28 43 33 
4 23 5 38 10 
3 21 37 13 
5 44 9 1 8 27 
3 10 7 24 
4 42 34 35 1 
3 4 30 41 
3 36 24 19 
3 9 12 39 
3 10 18 34 
3 9 16 18 

0 
10 42 31 6 38 29 28 23 16 26 4 
9 5 10 11 8 34 7 4 30 39 
20 6 24 30 19 28 5 8 17 10 37 14 3 41 34 9 7 2 43 38 12 
13 11 45 4 3 22 13 21 39 18 9 30 6 31 
13 20 10 8 40 24 2 15 5 12 4 32 7 16 
4 4 6 28 3 
6 29 44 4 36 3 6 
9 35 13 24 5 4 37 14 22 26 
8 6 4 3 44 11 21 43 14 
7 13 3 10 32 5 46 35 
8 17 6 20 4 22 21 15 27 
5 5 45 9 42 11 
5 9 23 38 4 10 
4 36 12 18 6 
4 25 2 6 36 
7 4 25 44 18 20 12 26 
4 15 19 17 5 
4 4 18 23 45 
4 6 12 17 25 
3 5 12 10 
3 5 12 9 
8 33 2 19 14 34 46 35 27 
3 6 4 9 
5 37 16 29 20 17 
4 17 9 31 2 
2 12 23 
3 2 7 4 
5 32 8 33 25 2 
4 4 5 42 3 
3 2 5 26 
4 29 11 6 40 
4 40 23 46 29 
3 4 3 23 
3 9 23 11 
3 8 16 15 
3 25 4 9 
4 14 2 4 41 
3 5 3 43 
3 33 6 32 
2 4 38 
3 2 13 30 
3 10 4 39 
3 10 8 17 
3 13 19 5 
3 33 11 23 

7 39 5 31 4 24 27 12 
12 16 11 4 20 24 41 8 30 6 17 10 40 
15 19 17 13 16 10 7 6 41 21 11 20 33 4 34 5 
23 7 1 2 29 12 26 5 6 15 30 3 37 19 31 18 21 8 11 43 22 40 45 9 
7 31 10 4 9 3 1 38 
13 7 38 14 8 2 23 32 21 46 3 4 9 16 
7 6 42 4 23 3 26 36 
10 18 2 30 26 28 4 39 36 6 12 
5 33 28 5 6 4 
11 36 23 43 2 25 15 5 45 46 3 35 
7 2 14 13 3 37 4 18 
7 14 13 4 15 1 8 29 
4 11 3 22 12 
6 6 19 12 43 34 11 
4 12 35 10 4 
5 3 17 2 6 24 
3 3 16 2 
6 4 27 11 37 20 8 
4 4 14 3 25 
5 29 3 2 18 32 
10 41 42 28 25 40 3 22 27 4 6 
3 13 4 21 
3 6 7 10 
4 1 2 35 16 
3 19 10 21 
4 42 7 8 4 
3 21 1 18 
5 32 21 8 44 9 
3 20 12 4 
5 4 8 33 2 46 
4 5 34 4 1 
3 20 6 28 
4 3 9 38 30 
3 31 3 14 
4 10 15 24 44 
3 10 8 7 
5 11 18 39 4 44 
3 6 5 33 
3 1 37 8 
3 2 4 21 
3 2 3 21 
3 26 7 21 
3 4 10 14 
4 35 45 37 28 
3 4 44 10 
3 6 10 30 

1 4 
21 19 5 6 36 20 40 14 18 41 16 13 45 21 22 33 17 7 15 8 10 4 
11 6 17 10 5 33 13 19 9 4 8 25 
16 6 42 1 23 36 17 29 7 11 3 28 34 8 5 2 26 
19 3 40 18 11 32 4 16 21 14 2 15 31 30 9 37 38 19 7 39 
8 11 4 41 2 3 27 45 42 
8 10 2 37 4 18 27 5 24 
9 34 12 2 32 20 3 9 4 21 
6 12 3 5 29 8 36 
5 13 7 2 3 39 
10 6 26 23 5 44 41 12 38 22 4 
17 20 9 29 26 11 44 25 30 8 15 22 40 16 35 46 23 14 
3 3 10 2 
4 5 38 2 12 
7 43 5 31 2 44 30 12 
4 12 5 2 32 
4 4 3 34 2 
6 7 24 28 5 42 2 
4 2 45 3 5 
4 2 8 12 28 
4 24 2 5 8 
6 2 35 12 25 27 11 
3 11 12 4 
3 21 7 18 
4 22 43 12 3 
4 11 12 33 4 
4 22 6 31 7 
4 20 35 18 4 
4 4 12 37 9 
3 12 15 5 
3 27 15 5 
3 16 8 5 
4 26 39 2 3 
3 4 17 8 
4 46 12 22 28 
4 4 9 2 46 
3 5 29 7 
4 11 43 5 14 
3 5 10 33 
3 5 2 12 
3 6 11 2 
3 6 4 18 
3 38 25 15 
3 15 11 12 
3 19 2 6 
3 12 35 36 

10 12 28 44 35 22 11 4 18 5 36 
6 5 22 11 4 6 29 
7 24 6 30 13 18 7 4 
25 30 46 5 38 3 8 1 28 16 19 27 10 31 18 37 11 9 2 20 6 25 29 17 15 7 
20 23 4 26 2 13 43 34 15 9 35 39 1 16 33 25 10 8 41 21 7 
10 3 12 26 2 20 13 19 9 4 10 
9 8 5 32 4 38 36 15 34 3 
6 7 21 17 23 4 5 
11 6 34 38 5 17 20 4 29 14 25 30 
5 26 4 5 6 14 
8 39 45 4 1 40 12 32 2 
5 11 14 43 1 6 
3 3 6 5 
5 12 16 31 9 10 
4 7 5 4 27 
6 43 45 14 5 21 4 
6 4 35 19 44 8 9 
3 4 3 1 
6 4 6 24 46 17 33 
5 9 44 6 4 41 
13 40 27 23 46 22 8 31 42 24 16 39 45 5 
4 37 2 1 21 
4 5 8 32 21 
4 3 21 19 40 
4 4 36 5 9 
4 10 5 28 6 
4 15 21 33 4 
3 4 26 1 
4 2 42 4 9 
4 4 41 9 3 
3 14 21 4 
3 7 23 11 
4 19 27 5 37 
3 7 9 5 
3 17 5 1 
3 25 1 7 
3 4 22 33 
3 7 4 9 
3 21 5 11 
4 21 24 11 42 
3 20 30 5 
3 21 40 29 
3 16 12 5 
3 20 1 17 
3 21 16 11 
3 21 19 4 

7 6 42 4 18 39 36 14 
16 22 42 13 24 44 9 17 28 46 4 5 10 7 20 27 14 
10 30 27 16 8 4 6 19 5 46 40 
14 9 39 26 5 25 3 38 2 42 40 1 6 31 7 
17 4 8 3 41 34 9 36 18 25 39 35 2 16 20 10 7 12 
8 4 3 17 11 16 12 1 13 
12 11 5 34 24 4 2 46 18 8 38 29 23 
9 3 10 7 15 5 24 31 34 30 
5 2 17 5 23 4 
11 20 26 2 41 12 5 11 31 8 32 15 
4 6 7 10 13 
8 21 5 10 33 15 6 28 45 
8 29 14 35 19 37 11 6 2 
7 27 13 2 1 43 19 37 
4 23 10 12 8 
5 35 3 6 21 5 
7 22 9 30 6 2 25 32 
6 43 7 5 26 21 1 
4 45 3 13 14 
5 43 2 10 5 33 
4 22 18 12 16 
3 17 21 2 
3 9 15 7 
3 2 8 7 
3 17 5 4 
4 4 28 10 18 
8 3 14 44 33 37 32 2 29 
4 26 2 12 36 
4 27 41 13 7 
4 17 8 45 3 
3 4 10 8 
3 10 17 27 
4 12 20 27 40 
3 8 7 5 
4 5 38 16 13 
4 5 28 1 44 
3 13 27 14 
3 4 7 35 
3 5 4 1 
3 4 33 3 
3 5 10 29 
3 4 1 2 
3 18 14 20 
3 27 36 2 
3 19 12 30 
3 7 2 3 

11 19 42 33 6 5 38 25 13 9 4 10 
10 11 34 27 23 22 20 4 16 15 12 
10 6 4 7 17 10 11 12 5 32 44 
17 7 15 27 8 3 17 1 5 44 13 16 18 2 14 19 6 37 
11 41 20 29 3 24 18 8 4 1 26 31 
16 11 16 38 32 44 1 39 21 8 7 10 3 37 9 4 41 
6 22 12 9 6 3 4 
7 4 13 24 5 40 27 6 
8 43 37 6 7 46 23 1 30 
6 6 1 42 3 14 23 
7 15 3 39 14 40 6 2 
5 25 35 3 7 2 
5 1 28 31 8 4 
4 10 11 21 4 
4 2 11 4 18 
6 6 31 4 17 2 26 
3 16 4 3 
7 15 28 5 19 4 33 29 
11 20 1 45 33 18 4 36 34 39 22 24 
7 5 36 29 30 2 19 21 
5 6 46 36 20 14 
4 19 2 7 26 
5 25 10 35 9 2 
5 5 19 38 34 8 
5 12 23 1 41 30 
4 5 16 28 22 
4 2 35 4 8 
3 26 18 13 
3 20 5 18 
3 9 20 25 
7 5 40 46 45 16 13 32 
3 3 6 31 
4 1 19 43 18 
5 2 43 24 19 42 
3 27 12 23 
3 20 21 19 
4 4 45 9 6 
3 1 24 6 
3 11 6 19 
3 31 11 8 
3 6 5 25 
3 1 34 10 
3 33 34 9 
3 6 3 4 
3 19 37 31 
3 21 31 9 

9 36 40 9 5 11 6 4 24 20 
10 14 11 36 19 15 43 12 37 17 4 
9 8 24 10 6 26 4 5 20 12 
16 23 21 6 5 42 10 25 11 2 34 7 3 18 28 45 1 
17 3 22 12 21 40 4 41 27 25 15 9 42 7 1 29 31 8 
12 16 1 18 3 38 45 19 21 4 7 8 10 
7 30 9 13 4 5 16 6 
7 6 3 5 13 17 14 33 
6 1 7 16 41 44 5 
15 6 4 13 35 14 22 34 46 32 15 27 3 39 45 19 
7 4 18 23 17 2 32 1 
4 29 3 2 5 
3 10 8 7 
4 44 10 2 8 
5 27 10 2 31 5 
7 37 46 6 9 39 7 25 
5 11 2 8 22 29 
4 11 20 4 6 
4 30 6 10 2 
10 18 33 24 3 28 23 40 1 41 26 
4 5 33 4 6 
7 37 30 28 5 10 17 31 
5 11 26 43 20 4 
5 1 35 3 20 38 
3 16 4 5 
3 3 20 23 
4 5 15 10 36 
3 4 22 20 
3 17 12 5 
4 32 22 19 7 
4 15 5 34 22 
4 11 35 10 30 
3 21 8 20 
3 4 10 31 
4 42 10 24 32 
5 2 46 27 1 39 
4 16 38 2 22 
3 37 24 6 
3 16 10 36 
3 1 20 5 
4 44 20 5 9 
3 35 4 5 
2 2 23 
3 9 14 41 
3 10 6 4 
3 10 16 36 

