3 33 4 6 
6 7 5 26 4 34 23 
6 24 4 8 12 5 25 
19 10 20 19 11 3 33 18 21 8 26 24 9 1 6 7 5 16 2 15 
17 12 6 20 10 31 16 17 21 7 3 4 13 15 2 9 34 28 
10 8 24 17 13 9 5 4 14 1 10 
9 4 11 5 13 28 27 2 30 21 
9 16 3 11 6 31 22 18 4 17 
5 4 5 29 20 6 
3 6 4 5 
10 12 4 14 32 28 26 8 7 22 19 
7 32 15 3 5 25 11 29 
4 14 5 6 7 
5 11 13 6 19 25 
6 5 32 12 4 30 23 
5 18 4 5 27 8 
5 23 30 5 6 8 
4 4 8 16 29 
4 34 11 14 4 
5 27 5 9 31 4 
4 5 4 22 7 
4 8 33 11 21 
3 2 15 17 
3 6 4 3 
3 14 12 3 
3 2 11 4 
3 7 16 20 
3 11 7 5 
3 12 18 9 
3 17 15 7 
3 8 20 5 
3 11 12 15 
3 4 22 1 
3 19 5 2 

5 5 4 15 31 19 
14 11 6 26 13 21 4 10 5 33 7 9 29 18 28 
3 31 22 4 
19 6 25 27 2 33 15 30 3 10 5 29 1 8 23 20 17 11 21 22 
12 7 17 6 20 14 1 29 2 26 8 4 25 
9 2 5 4 23 9 10 8 16 7 
13 16 5 12 14 2 30 20 25 18 15 9 6 19 
6 6 17 4 19 12 5 
8 34 2 33 23 6 11 7 13 
5 4 2 13 6 21 
7 9 4 18 24 16 12 2 
4 11 14 7 8 
6 10 31 32 9 2 22 
5 24 27 12 7 5 
5 30 4 1 7 28 
3 11 7 6 
5 5 28 8 4 26 
3 11 2 7 
4 7 1 24 8 
3 4 5 7 
4 10 4 2 32 
3 4 3 13 
3 9 4 6 
3 11 19 14 
4 4 7 27 5 
3 2 5 17 
3 14 4 25 
4 15 32 2 17 
4 34 5 4 2 
3 4 15 7 
3 1 13 3 
3 13 28 21 
4 9 4 34 2 
3 29 33 9 

4 34 4 5 24 
13 21 9 4 24 14 15 6 7 11 33 32 8 18 
8 5 13 25 7 12 6 4 21 
15 11 25 31 19 3 14 27 17 5 1 6 2 16 20 10 
5 7 4 1 3 11 
12 2 19 17 9 15 4 25 3 32 26 30 8 
14 5 3 8 29 13 24 9 28 23 2 16 26 10 12 
3 6 7 2 
9 7 31 2 22 23 18 6 19 10 
3 4 7 9 
9 12 16 20 29 18 13 4 2 5 
7 14 3 7 27 15 17 11 
8 11 29 7 3 33 20 23 22 
3 2 12 4 
4 28 6 12 2 
4 7 11 30 4 
3 12 6 4 
3 11 9 2 
7 6 4 28 26 34 21 9 
4 13 4 11 22 
3 3 2 19 
4 13 20 9 32 
5 13 27 9 30 7 
4 31 7 2 1 
4 34 4 6 3 
3 19 6 7 
3 12 23 4 
3 19 15 7 
3 11 13 7 
3 6 23 16 
4 24 33 9 4 
3 22 6 2 
3 2 31 13 
3 1 25 19 

9 12 5 17 4 9 7 10 20 6 
3 4 30 22 
10 12 4 28 31 14 5 15 11 9 8 
14 16 7 18 23 13 6 27 2 32 21 5 3 1 17 
12 11 20 10 21 23 9 18 3 6 15 4 1 
11 34 4 7 33 5 1 16 8 25 11 22 
5 8 29 1 6 4 
4 13 7 6 3 
5 5 28 10 1 3 
10 5 19 15 9 14 1 13 25 24 30 
7 5 26 12 29 6 3 34 
5 14 11 3 1 29 
4 33 4 8 10 
9 32 18 34 26 3 12 16 21 10 
7 17 27 19 3 5 24 10 
4 4 14 6 23 
4 4 19 1 15 
7 26 14 24 4 25 30 5 
6 10 15 17 20 22 27 
6 5 28 19 1 31 32 
4 5 33 14 4 
3 6 2 19 
3 4 5 16 
3 18 15 10 
3 10 18 6 
3 11 14 18 
3 19 4 15 
4 31 20 3 9 
3 7 11 12 
3 10 18 2 
3 3 28 20 
3 4 14 20 
3 13 21 6 
3 14 6 11 

9 8 4 5 16 32 24 14 12 29 
8 9 10 4 7 20 11 13 6 
6 5 7 6 4 11 27 
8 15 28 9 2 34 3 5 1 
19 14 7 16 15 20 27 33 6 12 4 3 1 26 17 19 13 11 23 8 
4 3 5 22 2 
14 29 31 2 10 20 12 8 3 30 5 17 9 13 21 
4 7 5 22 1 
8 2 27 7 18 31 10 4 17 
8 7 16 26 14 2 33 19 9 
4 3 5 25 2 
6 5 18 7 25 1 33 
5 5 7 18 25 2 
4 5 15 1 10 
5 14 4 5 23 22 
6 10 5 21 1 19 24 
3 5 7 9 
3 13 12 9 
4 10 5 16 21 
5 5 7 24 32 2 
4 16 19 30 7 
6 15 6 8 28 23 34 
6 15 28 5 22 26 32 
4 31 16 20 1 
4 13 12 29 11 
4 5 10 23 30 
3 5 3 9 
3 23 22 4 
4 25 1 34 7 
3 7 26 21 
3 7 9 24 
3 23 20 1 
3 5 10 12 
3 4 29 22 

1 4 
6 17 7 6 4 13 5 
5 5 9 28 11 4 
13 5 7 28 33 3 30 2 1 8 14 6 15 22 
18 10 3 23 13 7 19 12 2 20 29 4 8 27 22 18 9 14 6 
6 4 5 33 10 8 2 
10 2 29 4 5 17 12 9 19 25 32 
7 6 4 26 5 10 21 11 
7 7 5 11 25 27 12 3 
5 6 5 15 8 34 
7 14 22 9 16 8 3 17 
8 15 5 9 34 23 13 7 16 
4 5 12 16 2 
3 4 11 5 
8 12 29 24 18 10 25 20 4 
4 11 12 23 13 
7 18 27 2 7 11 31 21 
7 21 20 19 5 15 26 17 
5 18 7 32 26 5 
4 31 15 5 18 
7 31 8 28 24 30 18 17 
4 11 5 24 4 
4 16 12 5 32 
3 21 22 15 
3 7 9 15 
3 19 18 8 
5 9 30 5 17 33 
3 4 3 21 
3 7 5 15 
3 21 27 4 
3 17 20 21 
3 19 7 23 
3 4 27 6 
2 10 12 

8 4 21 29 14 11 9 27 6 
10 24 17 32 13 5 7 6 26 4 10 
4 5 19 20 4 
13 30 17 10 5 7 22 3 25 11 2 1 6 12 
9 16 8 4 3 22 34 2 9 26 
10 10 28 23 2 16 1 8 7 19 4 
10 18 26 2 22 6 8 33 4 15 14 
9 23 28 9 11 5 7 24 29 6 
8 1 20 12 24 33 5 17 8 
6 6 2 33 4 13 16 
8 1 15 27 34 4 12 8 19 
9 18 4 25 13 28 11 30 9 14 
4 12 10 2 31 
5 15 7 12 1 21 
6 30 23 11 34 7 14 
4 6 27 5 10 
6 4 21 18 9 2 31 
5 20 7 12 17 32 
4 3 11 29 6 
3 3 18 9 
3 17 1 14 
4 5 25 4 7 
3 6 8 15 
3 9 8 2 
3 4 12 22 
5 2 31 32 5 7 
3 16 11 1 
3 12 6 8 
3 8 1 19 
3 15 4 12 
3 26 17 13 
3 18 2 26 
4 34 10 9 7 
4 33 15 5 11 

11 5 10 23 32 8 6 11 15 4 7 27 
11 7 24 27 10 22 4 19 31 34 11 23 
5 8 9 6 5 4 
10 2 6 5 17 3 1 9 16 18 8 
11 12 1 4 3 25 13 7 33 26 14 17 
11 4 17 34 24 10 21 13 3 30 25 1 
8 5 14 1 12 9 2 11 13 
5 26 29 4 3 1 
6 7 31 20 4 3 18 
8 1 6 2 12 28 21 20 15 
6 1 16 7 21 19 2 
7 7 10 19 34 14 5 15 
8 7 22 29 18 23 6 5 33 
6 20 28 5 12 7 24 
5 1 22 16 10 12 
3 11 15 4 
4 32 6 4 5 
3 13 4 9 
3 2 12 11 
3 14 10 9 
5 27 11 30 6 10 
4 2 13 15 25 
4 2 1 28 13 
3 6 2 14 
4 6 22 26 5 
5 29 5 25 31 8 
4 32 1 21 2 
3 14 10 23 
3 26 13 8 
2 21 6 
3 2 26 9 
3 1 17 27 
2 5 13 
3 2 6 12 

9 34 28 16 20 21 4 5 7 32 
10 6 4 27 11 10 13 8 22 25 30 
3 4 9 5 
16 10 13 6 25 22 7 3 12 14 1 28 2 5 8 34 16 
17 23 9 24 17 8 6 1 18 15 13 4 33 14 30 16 7 3 
7 2 26 5 4 29 17 18 
6 11 24 19 5 1 4 
8 26 5 12 4 2 9 32 15 
7 8 19 3 10 17 5 28 
14 24 30 25 4 9 18 2 29 19 33 23 12 11 15 
5 14 10 7 31 2 
4 8 20 10 4 
3 5 4 2 
6 29 5 32 11 27 4 
3 5 8 10 
3 5 4 1 
4 23 5 6 9 
4 10 6 21 5 
7 22 21 10 27 9 20 7 
4 12 31 1 19 
3 19 1 18 
3 4 19 2 
4 17 26 10 5 
3 7 5 10 
3 2 4 10 
3 8 6 23 
3 2 19 14 
5 30 4 1 9 33 
3 6 14 10 
4 10 28 2 5 
2 20 11 
3 8 14 1 
3 5 10 28 
2 1 4 

2 4 5 
3 27 4 21 
9 26 23 4 31 11 6 30 5 7 
12 9 10 2 26 15 6 20 1 19 3 8 5 
13 33 14 9 22 17 7 21 4 3 1 32 16 6 
15 20 19 21 4 28 11 9 8 10 12 3 13 30 7 5 
7 3 8 6 22 13 15 5 
5 4 7 11 6 10 
5 6 4 12 15 5 
6 14 6 4 8 34 23 
13 6 3 8 32 18 14 29 12 28 19 17 27 13 
3 9 11 6 
6 11 7 16 24 18 6 
7 16 24 31 25 11 10 5 
7 20 4 9 7 34 17 18 
3 5 14 13 
5 15 11 5 33 24 
3 11 15 13 
4 4 30 11 6 
5 25 15 22 4 6 
4 2 23 6 5 
7 5 28 20 32 25 26 7 
5 3 21 27 29 10 
4 33 13 14 17 
5 31 20 22 14 29 
3 22 3 4 
3 23 11 2 
3 22 6 11 
4 31 11 23 25 
3 6 3 19 
5 33 3 29 14 25 
4 22 34 11 5 
4 17 5 31 24 
3 32 15 10 

7 4 11 32 26 24 5 21 
8 17 20 4 18 8 10 30 25 
13 5 18 15 7 27 6 8 31 4 21 9 11 13 
12 16 1 14 5 7 31 9 2 34 10 6 3 
12 12 4 16 26 3 29 27 6 7 1 17 23 
9 28 5 23 12 3 8 21 26 4 
3 3 5 4 
9 9 10 3 15 6 11 25 14 2 
10 3 13 22 4 30 24 14 8 32 19 
12 15 8 13 24 19 4 20 2 31 29 12 17 
3 1 8 3 
4 5 34 10 6 
8 19 16 3 9 10 22 32 25 
4 8 20 9 4 
4 10 22 3 8 
6 4 13 5 30 29 23 
5 18 10 5 33 2 
4 17 3 2 33 
3 10 9 13 
4 28 2 10 14 
3 1 3 6 
4 9 15 13 27 
3 5 16 6 
3 10 9 1 
3 13 2 8 
3 6 5 1 
3 22 3 5 
3 34 6 20 
3 5 10 16 
3 2 9 16 
3 3 10 4 
3 9 13 1 
2 18 17 
3 28 4 12 

3 7 4 5 
11 8 33 10 9 16 5 34 4 12 15 29 
6 11 4 31 20 6 22 
15 1 13 30 9 7 11 6 3 23 8 2 32 18 5 26 
14 21 15 1 24 10 9 30 6 19 2 13 4 14 8 
11 11 3 14 18 4 33 28 12 5 7 13 
7 21 4 6 17 24 1 23 
10 2 4 18 5 27 33 22 34 10 16 
9 12 34 5 17 31 4 23 2 27 
3 5 8 2 
6 3 6 16 32 14 4 
3 6 2 9 
6 4 5 6 15 29 20 
6 11 19 26 32 6 5 
4 5 2 22 13 
6 19 28 17 2 8 11 
6 30 21 16 9 7 24 
4 25 4 8 6 
6 5 16 14 29 20 25 
3 3 19 13 
5 17 7 5 27 28 
5 3 26 25 8 15 
3 7 9 4 
3 7 17 5 
3 18 22 19 
3 4 14 22 
6 33 9 21 28 8 34 
4 21 27 6 16 
3 2 19 13 
3 5 17 4 
2 9 3 
3 4 11 14 
4 27 6 8 2 
4 2 27 8 9 

2 4 22 
11 25 10 19 14 4 5 7 33 13 26 6 
10 4 16 11 28 24 5 17 6 8 18 
11 5 8 14 27 3 1 6 2 7 30 29 
10 11 7 9 4 10 34 15 29 3 2 
9 12 31 33 10 27 2 30 3 4 
20 9 15 11 5 28 21 23 31 2 4 17 19 8 30 12 13 20 26 29 25 
11 15 25 23 7 32 3 19 4 9 26 31 
4 8 5 7 34 
6 28 2 14 27 5 6 
8 3 21 12 16 7 17 18 5 
6 21 20 13 7 6 11 
5 33 2 7 34 12 
5 2 10 22 4 24 
5 18 8 16 7 5 
4 23 15 11 3 
4 20 7 3 11 
3 3 11 15 
4 8 7 2 22 
3 17 12 7 
3 7 12 11 
4 14 1 19 24 
3 16 7 8 
3 22 14 3 
3 2 7 8 
3 8 7 2 
3 10 6 4 
4 31 7 3 10 
3 5 7 4 
3 6 7 4 
4 8 28 7 6 
1 8 
3 2 13 6 
3 9 5 13 

2 13 4 
14 9 25 4 28 11 31 17 20 12 5 15 29 32 19 
8 26 8 5 18 7 11 6 4 
18 26 20 29 32 5 13 6 23 24 2 3 15 9 1 18 10 34 21 
17 17 3 11 16 23 15 10 14 33 9 8 7 6 2 31 21 4 
10 24 34 4 3 7 16 5 25 10 22 
9 14 16 6 30 21 3 8 28 5 
6 18 5 7 20 3 26 
6 4 5 2 12 13 14 
8 12 33 5 6 27 4 23 32 
5 3 30 5 2 28 
4 27 9 10 2 
4 19 1 9 4 
3 5 7 9 
3 4 2 5 
6 5 17 6 31 22 7 
4 19 16 2 5 
6 8 27 3 4 22 33 
3 13 17 2 
5 2 25 34 8 4 
3 7 5 4 
3 16 18 6 
4 4 5 10 32 
2 4 6 
3 2 6 20 
3 4 8 3 
3 18 10 12 
3 2 11 7 
2 4 2 
2 7 11 
4 16 2 5 32 
5 2 4 10 23 31 
3 10 18 5 
3 6 4 20 

14 10 28 21 16 31 5 11 15 8 29 22 24 12 4 
6 4 25 29 7 19 6 
3 5 4 11 
9 33 17 2 3 23 25 6 1 5 
15 7 8 4 3 9 24 10 1 30 34 13 12 6 18 16 
14 4 29 18 24 17 5 20 2 7 15 32 9 26 14 
9 9 30 6 10 5 27 2 8 33 
8 26 5 18 1 30 22 7 21 
8 11 34 27 12 6 28 5 7 
8 1 27 7 21 5 15 13 14 
4 3 25 9 1 
5 1 5 14 13 9 
4 5 12 34 10 
4 12 6 10 19 
5 6 10 1 16 23 
7 15 17 1 31 22 20 5 
4 4 16 19 6 
3 5 6 8 
4 14 2 17 20 
3 19 6 16 
3 8 1 10 
5 16 1 29 24 8 
2 4 15 
4 1 6 22 5 
4 30 11 2 4 
2 6 8 
3 10 9 7 
2 9 1 
4 22 2 1 6 
4 5 25 7 8 
2 16 1 
1 6 
2 4 7 
3 9 5 13 

5 9 5 4 10 27 
7 5 17 26 9 6 4 28 
10 25 6 30 15 16 17 26 7 19 4 
9 1 12 21 33 2 5 3 11 7 
12 2 6 15 8 20 4 31 7 13 1 33 22 
11 5 2 20 23 11 3 10 8 18 9 19 
12 20 13 4 15 12 32 26 5 3 8 16 24 
7 12 5 29 6 7 27 11 
8 17 1 29 10 2 31 6 14 
4 9 1 6 18 
3 4 8 6 
7 4 7 18 14 13 23 8 
5 32 12 5 7 14 
4 28 13 12 9 
6 7 5 21 24 3 16 
6 3 21 7 15 28 23 
5 3 9 2 25 34 
5 12 22 6 19 10 
3 3 18 6 
3 5 7 6 
3 4 15 16 
3 18 23 5 
5 6 16 22 28 12 
3 7 26 15 
2 3 17 
4 3 24 7 2 
3 8 1 32 
4 16 2 14 23 
3 8 31 9 
2 3 32 
4 5 29 33 9 
4 7 30 13 27 
3 5 31 4 
1 17 

13 26 7 33 27 4 17 6 13 20 24 12 5 32 
11 4 23 29 10 6 9 21 5 30 11 8 
2 4 5 
10 17 7 2 10 22 12 8 3 34 1 
7 3 6 9 7 1 31 2 
7 1 25 5 15 24 2 11 
13 4 13 1 10 8 18 5 19 30 14 16 11 9 
8 2 17 32 26 7 4 16 13 
11 21 19 20 18 16 7 29 2 12 5 33 
4 2 4 7 14 
9 27 21 7 6 25 2 14 20 15 
6 1 25 9 22 28 4 
5 1 8 7 23 18 
5 24 10 11 7 15 
4 11 19 6 14 
5 28 9 8 34 7 
4 27 8 4 1 
6 22 9 7 31 34 13 
3 9 7 15 
6 9 1 30 11 27 32 
4 22 11 2 9 
7 33 25 18 21 12 24 4 
5 13 30 31 29 2 
4 1 22 14 6 
4 22 6 12 11 
2 1 8 
4 20 11 1 17 
3 16 12 34 
3 9 23 2 
4 7 20 23 2 
3 23 18 5 
4 34 20 1 8 
3 22 9 1 
5 32 18 16 4 28 

2 34 4 
15 22 31 14 19 4 8 26 9 21 5 13 15 10 29 32 
11 5 4 6 25 27 13 7 30 14 20 28 
18 13 9 15 18 1 7 5 17 21 6 19 22 25 11 20 2 14 3 
10 6 10 4 9 2 12 11 7 20 3 
11 8 4 3 17 5 24 27 16 28 10 23 
7 32 5 8 3 15 23 4 
3 2 7 6 
10 28 5 24 2 16 11 30 12 27 4 
6 16 6 33 17 2 5 
5 12 4 5 18 9 
5 25 11 19 5 9 
5 26 4 34 3 2 
6 4 3 23 31 2 22 
3 4 7 2 
5 9 32 10 6 21 
5 18 34 6 4 10 
3 11 4 17 
4 12 2 4 26 
4 3 4 23 5 
5 16 4 2 29 30 
4 4 2 28 14 
4 14 7 20 6 
2 9 6 
3 12 4 3 
4 19 31 2 13 
3 6 9 3 
4 3 6 22 9 
2 2 21 
4 9 3 21 32 
3 2 26 14 
5 16 2 7 33 30 
2 32 10 
3 1 13 17 

6 4 15 28 6 5 23 
9 16 5 15 12 13 18 4 10 14 
7 7 11 6 5 4 29 31 
8 16 1 2 7 6 8 13 3 
14 12 27 2 21 30 18 7 10 14 17 20 1 8 3 
10 10 23 34 9 19 1 4 3 33 24 
10 27 32 5 22 8 11 3 31 4 9 
13 31 9 7 11 29 5 15 20 17 26 4 13 23 
4 8 28 6 7 
5 24 5 27 2 6 
9 19 3 22 7 16 33 30 12 8 
5 30 14 2 5 11 
4 8 2 4 26 
4 5 2 19 12 
4 8 2 1 17 
6 2 18 21 4 20 11 
3 8 5 15 
5 16 31 5 29 2 
4 33 14 11 6 
3 16 8 5 
3 5 26 16 
4 33 7 24 11 
3 6 8 1 
3 6 10 22 
0 
4 21 8 13 30 
3 5 7 10 
3 29 9 1 
4 8 18 3 28 
4 11 12 5 26 
4 3 18 8 7 
1 7 
4 19 22 11 6 
1 6 

3 14 4 5 
10 23 6 5 7 20 10 26 19 27 4 
3 21 17 4 
15 7 25 29 1 8 19 32 28 2 23 15 3 22 6 5 
20 15 2 17 9 8 6 1 13 26 12 34 10 25 14 21 22 27 33 4 18 
15 15 7 19 8 2 13 4 5 9 29 10 24 31 22 32 
6 16 11 24 4 6 2 
11 5 21 4 6 20 11 12 30 33 18 9 
7 17 11 8 12 6 5 31 
3 2 5 6 
6 9 16 20 13 8 7 
6 34 5 8 30 28 9 
7 6 16 18 5 14 11 24 
3 1 5 13 
7 5 26 29 28 6 4 27 
3 7 13 11 
4 3 9 29 5 
4 5 22 13 8 
4 2 6 4 21 
4 34 8 2 11 
7 24 25 26 3 19 5 8 
4 6 18 4 5 
5 2 25 28 4 34 
5 7 13 21 25 6 
6 23 24 32 5 4 21 
4 15 5 2 21 
3 15 5 2 
4 4 12 15 23 
5 32 15 17 4 6 
2 12 8 
3 9 6 33 
4 25 29 6 4 
3 31 8 5 
4 5 23 12 20 

5 4 17 5 10 28 
21 12 31 28 24 15 8 6 16 4 18 21 25 7 19 32 14 22 5 13 9 29 
9 6 19 8 12 31 4 7 9 23 
12 29 5 2 18 17 23 12 15 9 3 27 1 
4 4 6 1 2 
8 26 2 3 21 8 16 7 5 
5 2 11 3 6 10 
4 3 6 2 26 
6 2 3 24 10 4 11 
11 17 11 32 1 27 13 33 22 9 7 20 
9 21 13 20 14 7 9 34 10 16 
9 3 23 20 4 14 32 22 2 26 
6 2 11 18 30 15 10 
3 12 11 2 
3 2 13 4 
3 6 11 2 
3 4 1 10 
4 4 13 34 2 
3 3 25 2 
4 11 32 10 12 
4 2 31 6 11 
6 10 23 30 33 12 2 
4 12 4 3 22 
2 2 9 
2 19 2 
3 6 12 8 
2 4 10 
2 1 2 
2 4 2 
2 22 13 
3 2 3 21 
4 20 10 12 2 
2 10 22 
2 11 18 

6 34 5 6 4 18 17 
13 19 6 33 5 12 14 23 11 4 30 15 8 22 
7 19 5 7 4 29 27 15 
9 13 27 1 7 3 9 10 12 2 
14 32 25 2 22 3 26 31 18 8 1 6 21 10 28 
14 12 20 21 7 2 23 32 8 11 10 1 5 28 25 
6 4 6 3 16 14 9 
12 2 21 18 33 20 15 34 6 11 26 5 9 
4 4 23 7 8 
8 5 4 6 16 25 14 19 13 
5 6 31 13 8 2 
5 4 6 2 17 16 
4 11 10 4 20 
3 10 7 2 
5 8 3 34 30 2 
4 10 7 12 29 
5 19 33 25 12 1 
5 25 1 24 5 8 
4 3 17 10 2 
4 6 8 13 33 
4 8 6 27 5 
3 2 28 5 
5 30 9 31 6 2 
1 18 
5 18 10 6 17 5 
2 5 8 
4 4 34 3 21 
3 5 22 6 
2 16 3 
3 15 23 2 
3 23 11 5 
2 6 5 
4 20 8 2 17 
4 27 15 1 8 

2 13 4 
9 32 28 15 31 4 17 5 22 6 
7 8 6 5 34 10 4 12 
19 14 5 6 2 29 9 23 16 1 20 3 11 13 10 28 7 12 24 18 
13 33 11 19 13 3 7 8 24 30 26 14 2 4 
20 18 3 28 8 10 26 34 14 9 11 7 2 19 30 32 29 21 4 15 25 
4 6 4 9 5 
4 5 3 31 6 
3 6 4 7 
3 3 4 6 
10 22 5 19 4 18 6 12 17 15 21 
5 27 11 3 4 20 
3 1 5 4 
4 6 5 17 4 
3 2 11 6 
3 24 4 30 
4 11 26 14 2 
5 11 6 4 34 24 
6 6 22 27 24 11 5 
4 4 29 12 28 
3 11 6 31 
6 32 2 11 19 33 29 
1 4 
5 4 5 19 16 18 
1 6 
3 17 5 6 
2 12 19 
5 4 2 6 30 20 
4 6 20 22 4 
4 16 5 6 28 
3 2 21 8 
3 22 2 6 
2 5 22 
3 18 3 6 

8 24 29 18 15 23 4 32 26 
25 9 15 7 24 6 13 17 5 10 33 14 23 34 32 21 19 30 20 11 8 4 16 28 27 12 
6 31 5 13 4 26 16 
7 6 7 2 5 1 3 12 
11 20 3 2 22 11 8 23 28 33 6 4 
12 8 14 5 9 18 29 2 28 7 4 13 30 
9 11 34 6 27 21 25 17 4 2 
11 22 33 9 30 14 2 21 5 10 6 18 
7 8 2 12 22 6 10 17 
4 15 8 9 2 
4 7 24 5 2 
3 9 4 2 
7 30 20 3 6 2 33 23 
7 16 6 25 17 2 33 8 
5 1 2 32 16 10 
5 3 14 23 2 15 
7 2 7 26 29 21 14 9 
4 8 6 27 1 
2 2 22 
4 5 25 13 2 
4 8 2 7 17 
5 27 8 9 19 5 
6 1 24 13 5 2 16 
5 23 1 11 31 2 
4 20 7 14 34 
3 3 17 1 
4 22 18 7 2 
3 2 6 5 
3 1 6 17 
4 13 8 6 2 
2 3 24 
3 15 1 2 
5 14 13 2 5 8 
3 25 7 2 

1 4 
7 7 5 13 9 33 6 4 
8 7 34 4 32 23 11 5 17 
16 10 6 20 26 5 15 27 2 19 1 22 31 14 34 13 3 
14 14 27 4 6 16 18 8 3 32 29 11 2 10 21 
11 22 4 2 12 7 28 5 8 23 15 17 
18 18 12 11 22 13 29 31 8 20 16 10 28 21 2 3 6 9 19 
8 6 5 7 9 25 15 21 12 
7 2 8 34 24 27 7 18 
4 7 4 14 5 
3 5 7 3 
3 6 7 8 
4 2 7 4 16 
4 5 4 19 10 
3 8 6 4 
5 7 19 5 13 25 
3 3 6 31 
3 9 5 7 
6 4 7 27 20 14 16 
4 4 34 7 19 
3 7 5 8 
3 4 7 6 
6 32 6 29 3 26 25 
1 9 
3 16 23 8 
3 31 23 4 
4 9 19 5 4 
2 6 7 
3 7 23 5 
0 
4 17 7 4 26 
3 5 23 3 
1 2 
4 3 4 9 20 

8 23 30 8 12 19 20 4 29 
18 5 25 27 20 7 15 30 10 9 23 4 28 6 11 29 17 8 26 
4 5 13 4 14 
8 5 10 2 21 3 16 6 1 
9 18 7 4 9 3 15 6 8 2 
15 5 25 11 28 17 18 32 34 29 4 24 14 2 7 19 
6 11 32 2 6 5 14 
10 2 20 34 16 10 23 5 17 9 1 
3 2 5 8 
3 2 4 8 
3 6 2 7 
2 1 20 
2 24 3 
6 3 6 31 16 7 25 
5 17 5 25 2 19 
4 8 14 4 24 
5 30 15 6 8 2 
4 33 5 6 26 
4 15 1 23 6 
4 2 12 8 1 
2 4 30 
0 
6 19 30 1 2 28 8 
3 6 13 16 
6 15 26 14 6 32 2 
4 2 33 25 18 
1 2 
4 29 23 2 6 
4 2 28 1 6 
5 17 23 21 1 2 
1 14 
3 7 6 25 
2 26 18 
2 6 8 

8 34 11 14 5 21 4 25 7 
4 23 16 4 13 
13 30 12 5 10 20 17 16 8 22 32 11 4 6 
11 24 1 6 3 8 2 5 27 31 12 7 
11 1 16 8 9 4 28 31 32 6 21 3 
15 29 12 5 25 7 9 4 19 26 3 11 33 30 14 10 
7 17 6 9 25 29 1 4 
9 4 5 26 10 22 13 3 20 23 
3 5 7 6 
16 13 31 6 25 21 22 18 30 12 16 3 26 33 15 8 28 
7 26 12 33 1 3 13 6 
5 6 4 3 11 10 
6 11 2 34 27 10 8 
3 22 6 1 
2 10 21 
5 2 10 3 5 19 
2 7 3 
2 10 31 
3 31 6 16 
3 24 3 8 
6 24 15 10 5 1 22 
5 8 14 21 3 10 
4 8 32 2 33 
3 21 4 20 
4 10 6 1 7 
5 8 6 11 27 10 
3 4 26 13 
2 5 10 
2 6 7 
3 3 6 10 
5 5 19 18 4 10 
3 23 3 5 
4 11 10 6 23 
2 13 1 

15 14 15 4 10 22 11 19 6 27 9 23 30 7 33 5 
4 9 4 13 32 
9 7 24 22 30 5 6 11 4 8 
14 2 6 25 24 10 1 5 17 12 3 7 34 21 14 
7 19 9 4 3 18 20 1 
8 1 8 3 31 4 20 10 15 
9 29 1 32 8 4 28 33 3 22 
3 7 6 3 
5 5 13 2 1 15 
5 18 6 28 4 1 
3 3 1 18 
6 32 17 4 24 21 14 
6 2 23 29 9 15 19 
4 12 15 1 4 
7 13 20 1 14 9 19 6 
3 27 24 26 
5 18 4 27 22 12 
4 10 5 11 17 
5 13 5 33 15 1 
4 6 34 5 15 
3 34 12 4 
4 17 3 7 1 
2 1 13 
4 12 3 16 4 
2 4 28 
2 33 16 
4 31 16 17 1 
4 10 25 30 7 
2 13 7 
3 3 1 28 
2 6 27 
3 12 7 2 
4 26 1 19 7 
3 20 4 21 

4 10 7 4 5 
8 21 9 11 8 5 6 4 7 
6 22 21 10 12 14 4 
12 14 13 5 2 18 1 3 23 12 9 6 27 
9 4 1 14 6 32 25 8 2 33 
13 8 4 17 10 24 7 16 11 21 5 22 25 2 
3 6 1 2 
7 13 6 16 27 21 2 5 
6 30 2 4 11 13 12 
6 12 3 15 28 6 1 
6 17 23 9 2 6 20 
5 10 4 27 9 3 
4 4 8 9 14 
10 29 34 4 13 17 26 16 3 5 18 
4 10 18 16 26 
5 14 8 15 6 19 
6 26 25 11 14 21 6 
7 14 15 25 4 29 32 33 
3 24 31 16 
1 11 
6 17 23 6 2 3 8 
2 6 3 
4 4 11 21 31 
2 19 6 
5 17 18 6 5 28 
3 17 15 14 
4 12 34 4 8 
2 25 10 
2 14 18 
1 9 
2 23 19 
2 5 18 
2 18 5 
2 27 14 

5 13 11 5 4 20 
6 20 31 5 32 4 12 
3 4 6 11 
14 10 5 27 16 32 14 7 6 2 1 9 13 17 3 
13 10 21 6 12 24 7 25 29 1 2 8 18 4 
3 5 3 4 
4 5 4 31 9 
5 13 32 34 28 5 
6 7 26 4 34 16 15 
5 11 29 15 5 4 
13 17 30 12 24 10 22 1 31 15 26 3 13 20 
10 11 33 29 19 5 24 18 17 20 2 
6 8 4 30 11 18 1 
2 16 4 
4 11 9 10 19 
3 9 14 4 
6 11 4 27 12 19 23 
5 13 29 20 12 5 
5 15 12 30 17 23 
5 1 18 12 2 11 
3 33 27 5 
2 28 11 
4 19 31 25 17 
4 5 32 12 11 
3 26 5 23 
4 25 28 11 9 
3 17 21 4 
3 8 22 26 
4 5 10 18 12 
3 13 11 19 
4 23 11 7 2 
4 24 2 4 8 
3 34 12 21 
3 33 8 9 

8 5 4 6 8 7 27 28 25 
1 4 
13 21 13 10 31 4 15 5 6 12 16 8 29 22 
14 1 34 17 15 14 7 19 2 12 13 5 25 3 6 
3 1 3 4 
17 28 10 26 1 33 19 23 11 27 3 9 12 4 8 15 7 24 
8 17 4 34 14 18 6 1 8 
8 3 14 6 1 15 9 7 34 
6 8 27 23 34 6 22 
5 21 6 16 3 20 
3 13 6 33 
3 3 6 4 
3 11 4 3 
8 7 26 4 15 16 31 19 8 
9 8 17 6 23 4 14 18 25 3 
5 31 3 10 22 14 
4 7 4 26 15 
5 21 22 19 15 7 
4 4 14 18 6 
2 24 10 
5 30 29 3 10 18 
5 3 18 9 30 16 
9 32 9 25 28 33 6 29 30 15 
2 6 20 
5 4 15 28 1 23 
3 17 14 6 
3 6 9 1 
4 1 23 25 6 
3 23 21 3 
3 21 23 22 
3 14 16 3 
1 23 
3 6 23 11 
4 8 4 7 9 

6 9 22 4 6 18 33 
13 9 7 23 29 16 6 33 21 4 24 32 5 31 
11 8 25 5 16 4 10 13 7 14 27 6 
3 2 3 1 
9 9 7 8 20 11 2 13 31 3 
7 3 31 1 11 10 9 2 
6 2 3 18 16 10 5 
8 32 22 28 24 3 5 9 19 
11 25 2 11 1 23 6 18 32 5 8 22 
9 20 17 33 6 3 12 32 7 14 
10 5 14 34 9 15 26 6 17 18 20 
1 10 
7 3 5 16 24 33 27 30 
5 10 3 29 11 21 
2 29 11 
7 2 7 3 24 27 19 13 
2 10 11 
4 1 7 11 9 
2 16 8 
6 11 33 21 10 5 23 
6 2 28 26 23 14 20 
3 9 1 8 
4 20 2 9 21 
4 16 2 8 13 
4 30 9 3 26 
3 11 25 21 
3 13 16 3 
2 8 21 
4 30 2 14 15 
3 13 29 25 
4 2 6 34 5 
4 10 9 8 2 
5 2 1 20 10 13 
2 11 31 

4 6 4 7 8 
6 19 5 15 4 9 18 
0 
11 5 24 17 10 8 29 2 1 33 25 20 
8 4 23 2 14 18 11 8 12 
4 7 21 1 9 
9 6 17 27 13 10 19 12 1 11 
9 25 29 5 18 26 22 1 4 20 
7 19 15 28 16 11 2 6 
7 7 31 30 13 4 15 12 
5 5 9 14 7 17 
3 10 7 5 
5 32 21 19 7 10 
3 11 5 15 
4 2 10 9 14 
1 9 
5 23 11 7 4 20 
4 8 5 2 22 
8 2 7 30 31 9 28 13 24 
3 8 17 4 
3 13 26 6 
5 8 18 26 30 27 
3 17 34 5 
3 4 19 28 
2 8 4 
3 22 21 8 
3 22 7 32 
3 24 9 19 
2 4 8 
4 10 34 19 22 
3 19 34 10 
2 27 13 
1 4 
3 23 30 31 

15 20 4 19 33 26 10 13 12 30 18 6 22 8 9 5 
0 
10 6 30 25 5 33 14 16 11 18 4 
14 22 10 13 28 8 34 3 1 11 19 9 5 6 7 
7 7 3 4 8 1 23 10 
15 21 28 24 18 3 12 34 17 25 15 11 14 1 4 29 
6 12 4 5 9 21 13 
5 10 4 13 1 5 
6 1 15 22 7 4 12 
7 8 5 24 17 26 4 1 
5 3 6 20 4 14 
8 27 29 6 1 7 16 9 32 
9 20 16 24 7 26 23 1 4 8 
5 3 6 17 11 25 
7 21 6 26 9 31 34 20 
3 12 3 13 
6 6 19 29 10 23 14 
4 6 3 1 33 
5 22 1 17 4 33 
4 13 1 15 11 
3 7 15 6 
5 27 9 1 4 19 
3 5 13 17 
4 27 6 10 13 
5 3 6 28 14 31 
5 10 15 1 13 30 
3 24 12 22 
4 4 6 30 25 
4 31 17 6 12 
5 3 28 32 1 26 
4 15 29 32 25 
3 12 30 31 
4 18 1 3 19 
3 4 15 6 

0 
6 5 4 14 10 6 32 
10 11 7 4 18 6 8 9 10 28 29 
15 7 30 17 15 32 13 26 20 5 9 2 25 29 3 19 
8 25 4 2 7 27 33 34 12 
6 2 3 11 8 15 16 
8 11 22 3 17 5 28 4 14 
10 21 14 3 33 6 17 20 24 27 32 
5 4 3 12 16 13 
7 2 31 22 15 3 19 23 
5 24 34 7 6 3 
6 5 16 29 30 9 24 
2 4 9 
4 18 8 2 7 
3 6 10 4 
6 9 21 23 6 12 26 
4 7 31 8 4 
2 3 14 
3 25 4 10 
3 21 8 4 
3 8 20 16 
3 10 23 7 
3 10 16 22 
4 8 28 12 11 
3 4 5 19 
3 16 4 27 
4 31 8 26 5 
3 3 24 7 
3 4 12 3 
3 4 34 12 
3 10 27 17 
3 8 4 2 
2 5 8 
3 30 11 5 

12 23 12 7 22 16 33 31 4 6 8 5 24 
8 5 4 27 12 8 10 32 7 
8 6 23 8 34 5 28 19 4 
7 26 13 3 1 18 2 27 
16 9 1 27 18 17 32 25 11 15 13 6 21 20 3 22 2 
9 31 5 19 26 16 3 22 1 7 
11 10 9 29 2 14 19 33 18 6 1 24 
9 26 15 2 9 12 3 30 10 1 
8 8 34 13 11 5 7 23 14 
6 25 11 21 7 8 2 
10 25 5 9 28 31 10 32 15 34 30 
10 1 14 33 28 8 2 29 17 20 16 
4 29 5 9 4 
4 12 17 7 9 
5 5 20 8 21 11 
4 6 30 12 1 
3 14 5 12 
4 4 24 7 5 
3 3 6 7 
3 5 15 12 
3 15 5 10 
3 6 5 1 
3 9 1 3 
3 1 18 7 
3 5 10 11 
3 6 4 8 
3 4 2 5 
3 12 11 3 
3 12 7 13 
3 11 16 8 
3 11 1 6 
3 2 11 5 
3 7 12 1 
3 9 3 11 

7 32 12 21 16 26 4 28 
12 27 12 4 6 32 9 5 23 31 11 13 24 
10 27 5 4 8 28 16 25 9 10 22 
15 24 6 17 5 9 3 2 11 29 21 20 19 1 7 18 
19 3 19 13 28 15 16 2 29 8 6 34 10 24 33 7 25 14 4 20 
5 5 4 7 17 2 
10 4 10 5 26 30 8 6 11 22 34 
5 22 5 7 15 3 
6 25 3 4 2 34 18 
9 13 18 3 12 19 7 14 5 33 
4 2 7 29 4 
6 31 10 2 1 15 17 
5 10 14 2 30 5 
3 13 5 10 
4 12 5 8 20 
5 23 1 21 3 5 
5 4 26 30 6 12 
3 10 4 9 
3 4 5 10 
4 5 4 23 15 
3 16 1 4 
3 7 8 3 
3 2 20 16 
4 5 4 31 2 
4 3 9 5 27 
5 17 32 1 33 7 
3 25 2 3 
3 3 1 5 
3 11 5 4 
3 17 13 7 
3 24 2 12 
3 2 26 1 
3 10 26 5 
3 9 5 7 

4 30 5 4 23 
4 4 29 15 24 
9 10 8 17 6 5 14 4 11 22 
14 14 12 32 5 26 19 7 6 2 1 9 28 15 3 
16 25 12 21 6 23 11 18 9 7 16 29 3 8 1 4 33 
13 31 11 7 5 17 12 10 8 4 13 22 3 16 
10 4 5 34 26 6 22 18 15 21 13 
7 13 5 3 10 9 33 6 
3 5 4 8 
10 29 34 25 17 26 6 3 24 8 19 
4 20 3 5 6 
5 6 5 27 4 16 
5 7 6 19 8 14 
6 20 31 4 3 13 28 
5 30 2 4 7 18 
3 5 6 12 
4 10 6 32 3 
3 7 15 5 
8 27 31 13 33 4 20 30 10 
6 19 21 14 27 11 25 
6 34 5 32 20 7 28 
4 3 7 6 23 
4 1 24 5 22 
3 2 10 23 
3 10 20 5 
3 7 4 10 
3 12 19 20 
3 21 4 14 
3 2 5 10 
3 15 1 19 
3 19 6 14 
3 4 17 21 
3 5 19 8 
3 21 10 7 

6 11 8 30 4 5 23 
3 4 24 6 
10 15 10 33 7 4 20 13 27 5 9 
17 3 33 8 1 6 29 2 13 14 19 5 20 11 7 28 31 16 
12 3 18 4 7 12 25 14 22 11 1 6 8 
11 22 31 12 21 2 17 5 4 27 9 10 
14 5 28 14 24 13 10 29 23 12 3 21 9 15 4 
7 24 16 4 32 1 15 5 
5 3 6 34 29 7 
8 3 22 7 18 6 26 30 17 
5 16 1 4 5 33 
4 7 5 18 6 
4 3 34 7 4 
3 5 4 7 
6 31 8 7 26 17 3 
4 11 19 8 4 
5 10 25 19 6 15 
5 5 20 23 10 12 
5 16 21 25 17 4 
4 26 4 3 18 
4 19 7 6 32 
5 30 6 27 10 5 
3 7 1 18 
4 8 7 34 2 
3 17 19 5 
5 20 10 32 28 15 
3 6 3 22 
3 4 26 7 
3 4 9 7 
3 22 1 10 
3 6 15 4 
3 21 8 26 
3 11 4 3 
3 13 9 24 

12 34 21 7 14 13 16 8 18 5 6 4 23 
12 11 4 8 5 13 24 23 26 17 20 7 9 
3 12 4 22 
16 12 14 5 1 6 16 7 2 3 11 34 17 30 22 10 27 
11 2 1 10 9 4 19 12 6 27 29 33 
10 8 19 1 34 5 14 4 15 9 30 
11 15 10 18 2 26 29 17 28 16 1 4 
7 26 2 1 19 29 6 11 
7 18 20 6 2 21 5 13 
5 4 15 32 5 7 
7 31 33 25 20 8 4 2 
6 5 22 25 4 3 23 
4 1 9 24 2 
3 1 6 4 
5 10 32 7 33 6 
3 4 7 1 
4 4 7 2 21 
3 9 1 7 
3 6 8 5 
5 24 2 28 9 11 
3 17 1 9 
5 12 27 4 3 25 
4 2 32 12 1 
4 2 13 20 30 
3 22 11 12 
3 7 8 2 
4 22 28 4 5 
4 31 7 27 20 
4 8 5 31 7 
3 24 4 6 
3 29 28 11 
3 23 10 15 
3 11 5 15 
3 4 6 1 

8 9 4 7 13 5 30 23 14 
5 5 16 15 9 4 
9 28 8 4 21 22 6 10 5 30 
9 3 29 17 22 14 12 1 6 2 
11 1 16 21 3 10 19 32 6 9 7 2 
10 5 8 15 3 7 10 18 27 4 33 
9 6 8 11 27 14 5 30 1 12 
9 11 20 23 7 12 3 26 29 6 
4 5 19 1 2 
11 19 3 17 6 15 11 23 24 31 5 32 
6 10 24 16 7 8 13 
7 13 26 32 7 4 8 34 
5 18 11 1 34 12 
5 4 20 7 1 17 
3 2 10 6 
6 11 5 2 18 25 22 
7 21 14 26 10 31 20 4 
5 13 6 34 33 16 
4 10 5 25 9 
5 14 17 8 25 24 
3 5 3 17 
3 16 4 3 
4 29 10 8 1 
3 20 11 10 
7 27 33 20 19 28 31 16 
4 12 28 17 8 
3 7 6 25 
3 25 26 3 
3 8 23 4 
3 7 1 3 
3 10 17 25 
3 5 10 12 
3 6 25 18 
3 13 12 18 

2 4 7 
4 4 5 8 12 
7 9 21 27 4 5 7 6 
16 17 14 13 5 2 7 26 10 3 12 6 23 20 27 1 19 
11 2 9 8 27 33 6 14 4 24 3 28 
11 26 5 8 15 10 22 32 19 3 16 4 
13 25 23 3 13 21 4 29 1 20 14 28 11 15 
6 5 2 31 10 6 9 
10 31 8 30 11 5 17 13 15 3 18 
8 4 25 12 8 34 6 33 11 
6 9 30 16 10 7 17 
6 18 4 2 26 16 10 
4 9 7 29 4 
3 5 4 7 
4 9 28 6 7 
7 32 11 21 29 12 22 6 
5 11 9 4 24 18 
6 34 12 17 20 19 9 
6 24 4 18 22 34 6 
3 18 4 7 
5 7 32 3 16 23 
3 19 16 6 
5 31 21 4 7 33 
5 5 25 19 30 17 
3 7 24 10 
3 12 4 6 
3 3 4 5 
3 15 7 5 
3 7 13 16 
3 9 11 24 
3 8 23 9 
3 21 16 6 
3 23 5 10 
3 10 18 19 

14 28 32 8 24 4 10 13 18 34 5 7 12 6 21 
10 25 16 6 12 4 9 5 8 34 14 
2 4 11 
12 1 3 23 7 27 26 22 5 6 2 8 16 
8 24 2 33 22 23 1 20 4 
14 33 4 26 9 31 12 7 11 2 30 1 29 10 14 
6 15 4 21 27 6 1 
8 15 16 9 11 2 4 1 13 
5 2 10 8 15 6 
4 13 1 9 6 
7 3 32 29 19 6 25 8 
4 20 2 1 6 
7 17 1 14 20 8 10 18 
3 13 2 6 
6 25 19 7 17 9 8 
7 28 4 22 8 31 2 17 
5 18 13 15 29 16 
4 1 19 13 17 
3 15 11 18 
8 13 30 24 31 28 5 12 21 
3 1 20 7 
5 4 16 5 27 23 
4 26 5 4 22 
4 1 5 20 34 
4 2 15 11 30 
3 6 23 4 
3 4 7 22 
3 16 1 20 
3 17 11 6 
3 20 6 25 
3 20 6 16 
2 1 11 
2 5 6 
3 24 2 1 

8 31 7 34 33 4 10 6 5 
13 12 25 4 5 19 8 20 24 26 32 17 21 11 
7 13 8 6 4 9 14 12 
15 1 28 18 2 9 20 11 3 15 10 29 5 25 21 7 
14 8 2 16 27 14 30 15 7 1 11 6 12 13 4 
7 3 1 17 5 32 9 19 
4 5 1 20 4 
6 2 3 23 22 30 5 
13 28 30 34 25 15 4 24 3 10 6 16 26 22 
9 34 24 23 4 9 13 26 31 1 
5 4 32 19 2 5 
5 22 3 33 2 5 
4 10 5 3 14 
4 13 5 3 29 
8 16 4 9 21 18 29 5 17 
5 9 5 23 27 15 
4 15 18 2 6 
3 17 15 4 
3 11 6 2 
4 4 2 27 7 
3 4 2 15 
3 9 8 12 
3 10 16 8 
4 9 33 10 2 
3 9 4 2 
3 2 10 9 
3 20 16 5 
2 9 4 
5 15 4 32 14 33 
3 9 5 8 
2 1 10 
4 2 11 6 29 
4 1 24 29 12 
3 1 10 9 

6 13 32 8 11 14 4 
8 11 5 22 23 7 17 18 4 
5 4 18 30 5 6 
15 10 15 1 12 3 29 28 21 14 13 2 5 8 18 6 
21 14 31 33 24 12 28 34 6 27 13 8 7 23 4 10 2 9 3 19 11 16 
7 7 24 31 16 3 5 4 
6 21 5 23 2 9 6 
9 24 25 31 4 1 15 5 9 22 
4 5 8 10 7 
4 9 16 4 5 
8 12 2 1 26 5 29 20 15 
6 30 4 11 5 17 34 
3 5 4 1 
7 1 32 19 4 20 5 22 
5 8 26 11 4 30 
7 17 10 6 19 5 20 21 
4 2 25 12 16 
4 3 25 2 4 
3 16 5 14 
4 14 33 16 11 
4 34 7 4 16 
5 2 14 32 28 8 
6 26 2 7 5 29 27 
3 5 8 6 
4 8 17 27 18 
3 11 15 23 
5 25 5 23 28 31 
4 22 4 27 5 
3 11 4 23 
3 12 15 3 
4 5 27 6 8 
3 1 14 22 
2 5 20 
3 5 21 12 

12 6 34 19 20 33 5 14 28 7 18 8 4 
14 12 4 16 14 21 24 7 6 5 8 9 29 17 11 
4 22 15 4 24 
15 1 3 6 30 2 10 23 8 19 7 9 12 26 27 5 
12 14 1 18 13 31 10 9 15 4 2 16 20 
9 32 2 33 30 1 25 15 28 4 
9 4 13 21 12 18 2 11 10 1 
5 1 13 4 2 11 
13 33 23 31 24 5 2 29 21 17 25 4 22 32 
3 7 4 5 
3 2 8 7 
4 2 7 17 4 
4 5 8 7 19 
4 5 2 22 1 
5 6 32 5 3 16 
5 23 2 34 5 15 
6 20 12 9 27 26 2 
6 30 1 31 27 5 7 
5 26 13 34 4 1 
4 5 1 28 17 
4 9 25 2 7 
3 9 14 3 
4 9 16 4 29 
3 3 9 2 
3 9 6 21 
4 4 17 19 33 
3 18 17 4 
3 6 1 20 
3 2 23 9 
3 6 18 4 
3 9 5 18 
3 9 15 6 
4 1 9 26 6 
3 16 1 19 

6 12 31 32 13 4 30 
15 13 23 29 34 5 19 9 21 16 26 27 4 17 33 20 
10 14 5 25 6 34 7 12 31 4 8 
15 6 18 5 16 7 10 1 3 2 9 8 21 17 23 26 
19 24 2 7 4 19 26 10 3 9 11 22 6 14 16 18 21 27 20 30 
6 17 27 3 5 4 8 
3 4 3 5 
6 28 22 15 4 3 6 
9 34 2 14 5 13 11 4 30 10 
8 19 9 28 5 24 15 4 11 
4 12 10 5 9 
6 28 11 18 3 15 1 
4 32 9 1 2 
6 25 5 20 9 3 31 
3 10 12 8 
4 4 5 2 29 
5 4 23 6 2 25 
3 5 4 12 
4 5 2 22 10 
3 2 14 5 
3 4 5 2 
5 5 32 19 24 8 
3 17 2 4 
3 5 10 22 
3 17 14 3 
3 4 2 5 
3 5 2 6 
3 10 8 12 
2 16 2 
3 5 1 9 
3 14 1 3 
3 13 1 22 
1 2 
3 2 3 9 

10 4 28 15 21 30 10 14 6 5 8 
9 7 19 29 15 4 13 5 6 20 
2 11 4 
18 8 2 1 5 21 32 10 30 28 13 7 24 11 16 20 3 14 31 
17 12 24 4 1 17 26 7 2 8 33 34 9 27 6 11 22 18 
9 25 19 9 27 2 12 22 5 1 
6 29 2 4 10 5 30 
8 27 17 25 13 5 1 9 4 
4 5 8 6 14 
8 7 21 15 1 4 16 12 17 
3 3 4 5 
3 5 10 6 
4 2 8 16 4 
10 22 1 33 9 26 4 24 31 29 34 
5 18 10 1 2 28 
6 13 26 10 4 18 33 
5 19 10 5 8 32 
5 20 15 5 16 34 
3 6 17 2 
5 25 23 18 2 4 
4 1 23 10 4 
4 6 14 5 23 
3 20 22 21 
4 14 5 33 4 
3 8 20 6 
4 5 16 14 33 
4 6 8 29 5 
3 1 4 15 
4 27 14 7 2 
3 4 1 7 
2 4 14 
2 4 17 
5 16 14 24 5 26 
3 18 14 5 

1 4 
13 12 14 8 9 13 21 5 6 31 7 33 26 4 
4 6 13 5 4 
13 32 22 10 1 2 3 17 6 13 14 5 20 15 
15 3 19 15 31 9 4 16 10 7 12 8 21 11 29 2 
11 2 4 23 17 18 3 24 7 30 8 29 
7 6 9 17 18 2 16 5 
7 2 10 11 6 25 18 5 
7 22 7 32 5 33 2 34 
10 14 8 20 11 4 23 22 24 31 5 
9 34 27 12 29 8 19 5 21 10 
7 5 11 15 25 26 32 2 
5 4 2 19 3 23 
3 10 4 2 
4 12 16 4 5 
4 7 5 27 15 
7 28 26 27 33 6 4 7 
5 7 6 30 20 8 
5 5 11 28 25 13 
3 18 10 4 
5 24 28 2 11 5 
3 10 4 9 
3 13 10 6 
3 6 10 21 
4 19 32 8 12 
3 2 17 12 
3 16 11 17 
3 21 17 19 
4 11 6 31 5 
2 18 6 
4 5 10 29 2 
4 4 25 9 12 
3 2 17 9 
2 11 9 

6 6 11 5 14 10 4 
3 34 4 5 
9 19 17 6 10 4 5 7 9 20 
9 31 9 7 23 16 8 2 1 3 
15 16 3 13 20 17 2 19 1 6 28 22 31 29 27 7 
6 5 15 1 3 11 8 
10 11 5 13 26 12 8 3 9 24 4 
10 7 4 17 6 12 10 14 18 30 27 
10 21 22 32 18 7 4 3 16 23 15 
7 3 24 22 14 8 1 32 
4 7 6 12 1 
6 25 13 7 23 11 8 
5 21 5 12 7 15 
7 1 25 33 8 20 24 10 
6 6 30 34 13 9 26 
3 5 9 4 
6 18 28 8 5 21 3 
8 31 8 19 34 9 17 29 26 
3 18 5 3 
6 32 14 25 33 5 3 
3 17 13 9 
5 34 5 9 10 30 
3 9 12 4 
3 10 14 7 
3 14 20 12 
3 15 7 18 
2 8 5 
2 17 5 
2 18 5 
3 22 8 15 
3 4 18 5 
3 9 10 20 
2 20 14 
4 15 2 18 22 

11 8 24 4 14 32 5 34 13 16 10 6 
14 9 17 4 5 6 22 8 30 13 34 26 15 7 11 
5 5 31 4 6 33 
14 27 3 7 15 9 24 20 10 11 8 2 19 18 1 
6 1 3 16 26 2 18 
13 1 20 14 18 11 17 3 12 7 16 32 2 25 
11 4 31 29 14 2 12 30 10 6 9 24 
5 1 28 2 21 4 
6 7 2 4 22 23 15 
8 12 33 13 31 4 19 1 7 
6 20 4 19 21 6 2 
4 10 23 6 7 
4 10 2 1 25 
8 22 6 23 27 1 34 28 7 
3 2 4 9 
4 6 1 17 5 
3 16 2 6 
6 30 6 5 21 4 28 
4 26 10 4 11 
3 4 6 11 
5 11 27 33 18 8 
3 14 2 9 
4 28 9 14 12 
3 7 1 4 
2 13 6 
4 2 5 19 30 
4 14 4 29 21 
4 18 23 8 14 
2 27 7 
4 7 18 26 2 
3 7 10 3 
2 1 6 
3 3 10 21 
3 14 2 1 

16 24 19 32 22 5 23 18 21 29 34 11 14 4 6 7 16 
5 19 4 5 27 28 
2 4 10 
15 9 23 28 5 2 30 33 11 13 3 29 6 1 12 8 
9 4 2 8 6 16 13 24 1 7 
11 8 34 5 25 13 9 7 20 1 32 4 
15 6 24 10 21 23 31 27 33 5 18 26 25 1 11 12 
9 31 22 17 15 4 9 6 12 5 
7 8 16 10 6 4 19 15 
6 3 14 7 17 9 15 
3 4 1 7 
7 7 4 14 17 8 33 20 
3 5 4 6 
3 1 12 10 
5 8 22 9 10 30 
3 1 5 9 
5 18 12 10 8 21 
3 17 1 7 
3 1 2 9 
2 6 12 
5 7 25 1 17 32 
5 15 33 8 1 29 
4 4 1 7 27 
3 1 7 5 
4 21 7 6 29 
1 7 
3 2 7 23 
2 4 2 
4 1 22 4 25 
2 4 15 
2 7 8 
3 1 6 21 
4 22 12 7 4 
2 1 6 

7 28 6 27 4 31 12 20 
6 4 16 25 10 20 5 
10 16 15 14 5 6 4 8 25 33 7 
19 30 5 2 29 26 3 8 1 11 14 7 20 13 33 18 9 24 6 22 
5 4 15 16 3 2 
8 31 1 17 7 3 14 29 4 
15 34 13 10 17 26 6 29 4 15 3 8 19 21 9 30 
10 4 3 18 12 23 22 13 7 9 27 
7 34 11 4 8 22 10 7 
6 9 26 31 7 11 2 
6 12 9 27 10 4 23 
4 1 11 8 24 
3 8 7 4 
8 6 4 3 21 17 19 32 28 
4 3 19 5 7 
3 2 5 3 
4 6 18 14 7 
3 4 17 8 
4 7 15 20 14 
4 1 4 19 2 
2 14 7 
6 9 32 4 26 34 8 
4 11 27 8 26 
4 28 25 12 4 
4 3 30 24 2 
5 22 10 7 4 23 
5 23 1 8 11 29 
3 14 24 1 
5 7 6 4 27 31 
3 7 4 25 
4 6 10 1 29 
2 22 14 
2 3 4 
3 9 22 7 

6 9 8 4 34 6 5 
3 15 5 4 
9 22 33 10 7 21 23 14 4 26 
19 26 27 8 18 16 33 19 6 22 13 9 5 15 2 1 11 12 20 3 
13 30 24 12 14 1 2 20 34 4 6 7 9 13 
14 29 22 5 1 21 19 15 10 4 28 7 23 26 18 
9 24 25 17 6 8 5 3 11 16 
11 10 12 17 25 7 11 4 34 1 27 21 
7 14 1 5 4 32 29 17 
8 25 16 30 3 6 18 8 13 
4 4 7 29 8 
4 4 5 8 32 
4 32 10 5 4 
3 3 9 5 
3 4 2 6 
6 10 19 7 4 27 20 
3 8 7 9 
3 6 4 10 
4 16 4 21 6 
3 4 5 16 
6 32 23 3 6 19 8 
3 3 6 4 
4 24 6 21 3 
7 7 30 25 34 23 5 33 
5 28 24 8 7 10 
3 3 4 6 
3 16 8 4 
2 6 25 
3 9 11 6 
4 5 32 10 24 
0 
5 12 9 30 21 13 
3 3 24 4 
4 24 1 5 8 

1 4 
10 5 17 6 4 12 21 8 10 25 7 
7 28 4 5 14 10 23 33 
16 12 23 2 9 16 18 7 3 11 20 8 34 5 31 1 6 
10 4 6 20 2 34 3 27 29 9 11 
8 7 8 2 4 22 9 19 5 
11 27 4 16 6 11 23 21 22 31 28 2 
8 25 17 19 20 4 10 2 6 
5 6 30 4 24 5 
10 16 18 15 2 14 8 32 3 13 26 
7 14 7 12 17 5 13 4 
8 24 11 4 31 15 2 13 22 
5 15 18 11 12 10 
3 11 10 3 
3 13 12 10 
3 7 10 4 
4 23 11 2 8 
3 13 4 10 
3 24 6 8 
3 8 4 5 
2 2 7 
5 31 12 6 7 28 
4 3 7 17 4 
3 12 19 9 
3 30 8 2 
2 31 10 
4 31 28 7 5 
4 27 7 22 3 
2 5 33 
2 25 9 
6 4 7 26 22 12 27 
1 10 
2 3 29 
2 4 5 

9 9 5 6 19 34 11 7 12 4 
11 13 5 31 4 28 20 22 33 14 16 7 
1 4 
9 22 17 5 27 6 2 8 3 1 
23 28 24 9 1 25 8 6 29 4 2 15 26 7 16 11 20 21 30 12 14 13 32 18 
16 32 29 4 33 5 31 11 1 27 26 8 24 15 12 23 10 
10 14 21 19 5 2 9 15 1 22 31 
8 10 5 6 23 4 17 29 18 
5 7 10 5 1 20 
3 8 6 9 
4 5 6 17 1 
6 18 21 1 13 5 6 
7 5 30 16 27 2 12 25 
3 5 7 2 
3 7 6 5 
3 13 5 2 
7 25 27 8 11 30 4 24 
5 12 5 19 8 26 
6 18 21 7 30 1 34 
5 29 5 9 32 2 
4 12 5 7 19 
3 4 2 7 
3 6 8 26 
4 6 28 17 5 
5 13 17 33 5 32 
4 23 5 18 6 
5 4 17 29 13 6 
3 24 5 2 
5 20 27 6 8 5 
4 17 5 13 19 
3 7 6 2 
5 33 5 6 20 25 
4 25 32 2 6 
2 1 19 

3 4 6 22 
7 24 4 6 10 14 8 5 
6 19 5 26 31 4 20 
16 28 2 3 17 10 7 12 20 1 11 31 9 6 5 24 8 
11 2 4 33 7 9 18 13 25 26 3 15 
18 15 11 34 20 27 21 12 7 19 22 16 25 9 4 1 14 2 13 
7 4 29 6 10 23 8 5 
4 7 4 2 34 
6 5 18 4 6 24 14 
9 11 12 13 15 7 4 2 29 18 
6 6 17 27 19 4 10 
6 22 32 17 10 4 6 
4 5 10 26 6 
3 9 2 6 
3 6 5 10 
3 28 6 23 
4 11 12 4 19 
4 25 5 9 10 
5 17 34 11 3 6 
3 4 3 6 
1 6 
3 1 6 12 
3 7 24 16 
6 30 23 4 33 2 9 
5 6 18 26 34 5 
4 3 5 13 25 
2 11 6 
2 4 16 
2 7 10 
1 24 
3 32 3 4 
2 31 12 
2 24 5 
4 8 6 19 25 

9 34 4 10 12 16 14 17 13 5 
7 6 7 9 4 5 30 29 
1 4 
19 8 3 13 28 31 23 32 15 17 7 6 1 26 2 33 24 5 11 19 
13 1 4 2 17 7 15 9 8 20 30 12 6 27 
6 4 5 2 25 10 11 
8 5 15 2 4 30 10 8 9 
14 13 11 26 29 18 19 22 28 7 5 16 21 4 14 
10 33 7 21 20 26 22 5 31 29 2 
8 7 27 1 14 23 6 24 12 
5 6 24 4 8 18 
3 10 1 5 
3 4 8 1 
9 10 28 34 30 8 16 23 1 32 
4 7 16 5 4 
5 1 15 8 14 30 
7 33 5 21 4 1 27 23 
3 11 8 21 
4 4 8 33 28 
3 9 5 25 
4 18 8 17 9 
3 31 8 9 
4 17 14 10 4 
4 4 32 10 11 
2 6 20 
3 4 8 9 
5 17 30 10 29 5 
4 19 14 8 4 
4 27 8 2 9 
6 16 2 7 14 27 5 
3 4 9 22 
3 4 14 24 
4 9 19 4 17 
2 14 1 

9 20 16 17 5 12 4 22 18 26 
12 14 23 26 4 18 6 9 10 22 15 8 5 
4 25 4 7 6 
10 12 8 34 6 30 5 3 1 19 2 
6 10 7 4 1 2 29 
19 11 16 12 34 4 17 24 3 21 19 10 15 23 22 8 9 2 7 13 
5 5 20 3 6 21 
13 26 21 14 18 13 6 2 11 9 4 23 31 34 
6 8 20 25 2 29 6 
8 17 11 5 13 2 16 6 27 
5 30 10 8 6 24 
3 6 4 1 
4 10 6 19 8 
7 8 32 25 18 2 20 16 
2 2 6 
7 1 14 27 21 10 6 23 
4 10 1 6 22 
4 1 8 14 2 
4 6 31 4 13 
4 9 7 1 14 
6 16 6 28 8 32 7 
4 1 6 2 17 
5 6 25 2 16 8 
2 6 11 
4 14 9 3 23 
3 2 8 1 
2 10 16 
1 21 
3 5 34 9 
2 11 4 
3 8 19 33 
3 21 34 14 
1 31 
5 8 4 32 6 29 

8 5 21 4 11 23 12 10 28 
10 19 6 5 13 27 4 10 24 11 15 
7 20 9 8 26 15 28 4 
14 12 2 1 14 3 5 16 11 7 33 22 6 18 8 
8 1 4 6 9 7 13 2 27 
5 2 4 5 8 7 
11 32 21 9 23 30 17 25 5 6 4 12 
4 6 24 3 4 
8 5 34 15 10 3 7 32 17 
7 13 23 2 19 28 9 1 
3 4 2 1 
5 7 28 1 4 31 
4 10 5 2 14 
4 13 4 15 19 
4 3 9 2 14 
3 4 27 32 
4 28 9 7 32 
1 4 
4 31 14 2 10 
3 29 3 25 
5 24 30 1 33 7 
1 4 
4 1 10 7 28 
4 27 21 8 2 
2 7 20 
1 3 
5 16 5 33 2 24 
6 3 23 17 10 1 12 
1 20 
2 21 7 
4 19 12 33 32 
5 9 7 17 31 16 
4 4 31 21 27 
1 9 

4 7 4 27 18 
12 8 9 31 25 6 13 16 33 15 4 5 10 
7 8 17 5 20 26 11 4 
11 3 25 7 11 12 1 30 5 6 2 9 
17 20 3 2 4 32 33 14 6 19 29 21 15 10 13 12 17 24 
5 5 2 7 4 26 
9 8 4 11 31 9 6 22 1 16 
4 3 23 2 7 
16 14 32 12 17 30 24 4 28 18 10 13 15 7 21 2 19 
3 5 9 2 
8 3 29 7 4 31 16 20 26 
5 4 14 18 5 9 
8 24 5 14 9 16 18 2 19 
4 5 13 12 9 
3 5 9 2 
6 11 26 7 17 13 2 
6 16 9 25 3 30 5 
5 20 13 1 9 12 
6 21 22 13 33 9 5 
9 3 33 29 5 22 31 11 25 18 
4 9 5 19 30 
3 7 19 20 
3 8 34 27 
4 34 5 13 9 
4 17 20 4 2 
4 11 6 16 3 
4 1 23 31 29 
2 32 9 
4 5 27 11 20 
4 21 17 4 9 
5 20 7 27 2 11 
3 28 5 9 
4 20 2 19 5 
2 24 23 

5 4 14 25 5 22 
15 6 32 19 29 26 20 10 4 23 33 16 12 7 13 5 
9 27 16 19 23 7 21 4 6 15 
12 3 2 21 5 18 12 24 31 1 9 8 6 
10 13 20 9 32 15 11 4 1 2 8 
13 25 2 3 13 14 33 11 8 4 17 18 7 32 
4 2 3 28 6 
10 10 15 4 12 19 31 5 24 9 6 
3 8 4 5 
3 2 20 8 
6 6 5 19 28 34 27 
5 4 14 8 2 21 
7 32 29 5 23 16 2 6 
4 1 33 12 6 
3 8 5 3 
4 18 2 3 13 
2 26 6 
4 6 4 22 16 
5 27 2 8 3 11 
6 2 23 34 5 31 10 
4 4 22 12 3 
4 1 21 18 24 
5 13 25 2 20 3 
4 28 4 8 22 
3 6 23 1 
2 2 17 
5 29 30 3 11 19 
3 24 11 7 
3 27 2 13 
1 27 
3 4 8 20 
4 5 2 13 6 
4 6 2 34 14 
3 11 33 20 

10 5 9 13 16 27 15 30 7 4 19 
7 15 10 27 30 8 5 4 
4 4 6 23 24 
15 5 28 12 11 8 14 6 32 3 9 7 1 21 25 2 
12 1 4 25 8 6 10 30 15 20 17 2 13 
6 5 4 12 28 7 3 
9 11 16 9 17 1 18 19 6 4 
3 2 5 4 
5 4 7 1 28 10 
11 16 2 28 25 17 24 34 5 11 9 26 
6 4 10 7 26 23 22 
6 22 14 17 6 4 20 
2 1 5 
3 18 12 4 
3 5 2 1 
3 10 1 7 
4 7 10 5 12 
2 14 7 
3 7 1 27 
3 21 12 5 
5 30 29 20 4 27 
2 11 12 
4 11 3 34 29 
2 3 10 
4 4 5 10 31 
2 11 10 
6 21 19 1 34 30 2 
4 10 6 4 9 
3 30 21 23 
7 29 5 2 21 33 1 27 
1 25 
1 4 
1 30 
3 23 10 27 

2 4 16 
14 34 7 22 20 11 5 15 12 4 21 9 17 8 13 
9 13 6 4 26 15 28 18 27 5 
19 16 20 25 22 1 19 7 6 2 10 27 8 15 32 30 31 5 3 29 
17 8 29 9 24 14 4 3 10 19 6 16 7 12 26 30 22 2 
5 5 29 3 4 9 
3 2 4 5 
4 33 2 5 4 
6 10 28 2 6 17 5 
14 5 33 26 22 19 13 14 21 11 9 29 31 12 4 
5 21 2 10 20 22 
7 24 26 10 16 5 14 2 
3 3 10 2 
5 18 34 12 5 10 
4 2 4 24 3 
8 12 20 1 4 29 5 31 18 
2 2 9 
4 3 16 14 23 
3 10 4 5 
9 11 23 25 32 22 26 4 16 2 
3 11 10 2 
9 4 11 34 2 20 32 10 33 5 
2 18 20 
4 31 15 12 5 
4 4 20 27 29 
5 20 3 12 10 5 
4 34 25 3 4 
2 9 3 
6 5 6 4 10 25 16 
2 5 4 
4 10 16 24 4 
3 22 20 4 
3 8 10 22 
4 27 14 2 22 

7 18 11 4 14 31 5 8 
10 6 21 15 9 24 5 27 26 7 4 
6 10 4 15 5 6 17 
12 17 7 1 6 9 3 10 2 24 13 29 18 
8 25 2 8 3 1 28 14 26 
3 3 2 4 
5 17 28 12 2 4 
9 17 24 1 32 11 21 5 10 34 
8 33 4 18 11 20 2 24 14 
6 8 4 14 25 26 3 
3 1 9 8 
3 7 13 19 
2 12 4 
5 9 23 10 5 1 
2 2 3 
3 28 21 32 
6 8 7 3 18 4 23 
4 17 1 4 9 
2 31 12 
4 23 9 31 33 
5 2 8 33 25 16 
0 
4 14 27 20 17 
4 2 9 8 4 
3 21 5 10 
3 2 5 10 
3 2 34 23 
4 7 30 5 16 
1 4 
1 28 
3 20 19 1 
2 8 16 
3 21 9 20 
2 27 8 

3 9 5 4 
4 10 6 4 9 
14 31 14 11 29 18 34 30 5 7 15 9 4 21 32 
13 11 29 5 31 2 22 24 3 16 6 30 7 1 
3 4 3 1 
14 34 23 7 22 12 16 11 33 2 10 4 8 20 18 
4 14 6 3 4 
12 16 19 12 30 33 20 9 32 22 25 6 21 
8 1 3 22 11 32 2 8 30 
7 12 19 6 2 17 27 20 
7 9 3 34 4 13 6 32 
8 30 6 23 13 8 10 16 15 
3 19 12 11 
2 3 7 
3 3 23 12 
5 21 4 6 12 8 
2 10 34 
3 6 28 3 
6 10 13 28 29 31 8 
7 10 8 6 29 31 26 24 
5 33 25 3 16 8 
4 4 6 9 8 
4 15 12 6 27 
2 20 4 
2 21 8 
1 20 
2 23 10 
2 18 19 
4 20 3 4 19 
5 12 4 3 8 9 
4 3 4 20 19 
4 9 3 8 11 
3 8 6 21 
4 17 11 3 6 

7 9 4 12 26 29 5 10 
12 11 28 13 8 15 6 4 25 22 12 7 5 
2 4 7 
3 1 2 3 
15 15 8 16 1 23 12 25 7 13 10 22 2 6 11 17 
4 8 5 2 13 
12 14 18 2 3 15 25 33 8 20 5 17 21 
11 33 2 32 24 26 5 20 6 7 34 12 
9 29 23 16 33 13 10 20 1 17 
9 1 12 18 19 30 25 5 9 28 
3 5 31 2 
6 1 10 2 5 8 19 
7 19 5 2 14 9 6 27 
2 13 7 
3 2 5 7 
4 9 27 22 5 
7 5 23 27 9 7 21 28 
5 24 26 32 10 7 
3 10 13 12 
4 28 8 9 7 
2 17 7 
3 5 2 16 
4 9 17 26 5 
2 18 8 
4 5 10 2 7 
4 8 23 18 1 
3 17 13 16 
4 20 17 2 10 
2 9 1 
2 34 10 
1 11 
2 8 18 
3 9 7 8 
2 8 30 

6 24 25 5 12 8 4 
9 9 31 30 4 32 11 5 16 15 
0 
12 9 13 22 14 8 26 27 6 2 1 17 5 
13 24 30 10 16 18 21 13 1 2 4 28 6 27 
4 20 4 7 5 
10 8 19 20 33 14 31 29 6 11 22 
11 23 33 4 1 15 7 19 10 9 18 12 
11 24 2 34 32 11 17 18 8 33 4 26 
2 8 5 
4 9 2 14 7 
2 8 1 
6 29 24 4 5 32 17 
5 7 16 15 11 4 
6 21 8 2 14 16 25 
4 2 15 14 5 
7 23 4 9 13 28 34 31 
9 9 32 5 8 21 30 23 31 19 
4 7 18 20 8 
3 7 6 19 
4 30 15 5 18 
3 7 4 25 
3 17 18 8 
4 1 9 13 5 
4 15 1 34 22 
3 9 4 27 
3 5 4 26 
2 17 5 
2 13 7 
4 21 5 2 18 
4 18 7 17 2 
4 18 13 2 9 
3 8 7 9 
3 25 9 17 

5 11 26 4 5 14 
0 
4 18 6 4 7 
10 19 16 26 10 1 5 3 7 6 20 
8 31 9 7 8 1 18 4 6 
11 5 25 4 17 30 33 27 10 13 3 19 
11 5 21 8 24 4 12 34 22 3 29 14 
6 20 7 11 21 5 9 
14 13 15 26 14 29 8 24 27 5 17 10 18 11 30 
6 4 21 9 12 16 6 
7 1 33 32 19 27 9 8 
5 7 14 17 13 10 
7 25 15 6 23 12 9 22 
4 9 7 1 12 
3 9 13 26 
6 22 20 23 4 10 28 
4 6 28 12 9 
3 9 3 5 
4 32 11 4 6 
4 4 8 16 28 
4 10 23 8 7 
3 7 16 13 
5 13 29 21 31 16 
2 7 9 
2 6 13 
4 1 4 9 15 
4 9 11 34 6 
3 20 17 16 
3 7 23 9 
2 9 6 
3 5 23 34 
3 11 19 33 
3 11 32 6 
3 7 31 27 

0 
9 4 34 16 30 6 8 9 5 31 
2 11 4 
19 27 13 11 6 19 21 22 10 9 32 7 2 12 18 14 3 8 5 25 
16 12 10 9 33 21 13 19 28 17 2 6 15 7 16 4 18 
12 12 25 7 2 8 14 5 18 23 4 29 10 
4 4 6 20 5 
7 4 6 13 17 2 29 23 
4 2 5 15 4 
6 33 30 6 5 17 4 
6 20 21 24 4 3 28 
5 24 5 4 6 15 
5 5 4 33 8 24 
6 16 6 20 4 27 23 
3 12 5 9 
8 5 30 2 26 28 14 34 19 
3 8 5 10 
3 6 5 4 
5 5 4 32 22 16 
5 14 7 22 27 11 
4 25 4 11 5 
3 4 19 20 
4 6 14 8 31 
5 29 13 11 12 34 
4 21 4 26 6 
3 16 32 25 
3 4 14 20 
3 5 11 16 
4 24 6 31 8 
3 10 16 2 
3 23 29 2 
3 19 26 4 
3 13 10 5 
3 16 24 2 

1 4 
11 7 17 9 32 6 4 8 5 31 10 28 
11 24 21 19 22 4 10 5 9 14 6 20 
15 1 30 11 18 10 22 5 13 28 8 7 24 12 2 3 
11 8 18 21 3 4 6 20 2 11 7 12 
6 3 5 2 18 12 13 
9 5 2 14 11 9 20 4 24 15 
6 23 15 16 4 2 5 
4 3 2 7 23 
7 2 15 4 22 16 14 3 
8 16 33 4 17 5 7 34 19 
7 4 5 25 33 13 32 6 
6 6 19 17 4 12 21 
4 10 27 3 7 
5 8 29 10 7 27 
4 30 10 11 8 
5 26 13 11 30 2 
4 4 26 5 6 
3 3 13 11 
8 23 3 26 7 5 34 25 28 
4 3 27 13 5 
7 10 25 34 29 33 3 4 
3 9 8 20 
4 4 3 29 7 
4 12 31 22 20 
4 18 20 17 32 
3 15 14 21 
3 2 20 4 
4 22 24 31 15 
3 4 16 17 
3 29 2 25 
3 2 12 26 
3 12 22 11 
3 11 22 20 

8 23 12 4 5 9 7 21 29 
1 4 
11 20 6 8 30 25 4 17 23 13 12 5 
13 22 32 26 18 6 2 8 1 11 13 27 3 5 
20 17 3 25 9 7 4 31 10 33 29 16 6 18 15 11 30 22 24 14 1 
10 7 34 12 14 33 3 4 10 32 5 
8 5 30 16 8 9 1 29 6 
11 27 23 7 4 3 11 19 21 10 15 20 
5 1 5 14 7 13 
4 15 5 8 6 
6 4 5 22 8 34 19 
3 6 3 1 
8 34 33 9 24 3 17 4 28 
8 16 19 18 6 32 9 5 21 
3 8 10 5 
3 7 5 14 
3 5 13 3 
3 14 4 5 
5 11 31 14 20 8 
4 8 27 3 19 
8 14 1 8 28 26 31 24 25 
4 11 4 5 26 
3 8 1 3 
3 21 13 5 
4 21 5 3 28 
3 21 4 22 
3 4 20 8 
3 13 25 21 
3 1 5 7 
3 3 7 5 
3 19 5 21 
3 14 4 6 
3 6 5 13 
3 11 13 6 

8 25 5 19 10 13 4 9 21 
2 31 4 
9 6 7 25 10 8 12 5 4 18 
16 5 1 3 27 7 24 9 2 13 21 28 10 32 12 6 29 
13 8 30 16 18 14 12 22 1 6 15 17 4 3 
12 21 8 11 19 20 5 18 3 25 15 4 7 
7 3 9 4 19 14 20 6 
7 6 16 13 5 26 3 11 
5 4 20 1 16 7 
4 3 1 4 11 
11 8 24 17 22 15 10 30 29 23 14 6 
3 4 5 3 
5 34 1 4 23 8 
5 11 7 27 5 34 
5 11 5 23 6 17 
6 5 8 27 32 9 28 
5 5 28 26 11 15 
3 5 6 3 
3 6 1 7 
4 7 9 31 6 
5 1 6 4 26 22 
4 30 5 21 11 
4 11 24 13 15 
4 23 4 33 11 
3 1 6 3 
4 32 8 17 21 
5 4 14 16 33 29 
4 34 17 16 4 
4 11 31 4 27 
4 5 33 22 11 
3 20 2 29 
3 4 16 26 
3 24 30 27 
3 28 14 13 

12 5 33 7 17 15 10 28 20 13 4 16 6 
2 4 11 
7 5 12 6 22 4 29 8 
14 24 17 29 7 8 3 13 27 23 5 2 33 10 1 
13 1 9 16 13 24 4 7 15 12 11 6 3 30 
9 33 11 9 3 1 34 5 22 10 
11 26 4 16 1 21 29 14 8 5 34 18 
10 15 3 19 23 32 7 4 24 9 27 
5 12 8 18 5 6 
3 6 4 1 
4 19 6 5 2 
10 26 5 28 9 20 14 21 19 31 3 
8 21 1 4 14 17 18 5 23 
4 12 26 13 7 
4 5 8 25 1 
7 25 27 34 1 5 30 7 
4 4 28 13 1 
3 9 13 7 
5 11 8 20 12 22 
5 32 31 12 1 19 
3 7 13 12 
4 19 3 6 30 
4 25 4 13 8 
5 32 31 8 4 5 
3 16 15 23 
3 7 12 14 
3 16 4 8 
3 12 17 1 
3 7 3 4 
3 16 5 22 
3 24 12 20 
3 24 8 20 
3 1 4 6 
3 16 6 7 

5 10 6 5 9 4 
13 13 19 29 22 20 6 21 7 5 4 8 17 26 
2 4 10 
18 20 30 12 16 10 14 25 1 2 8 18 3 34 27 17 11 15 5 
13 9 27 21 1 7 2 11 8 31 6 20 4 17 
6 1 15 2 14 5 7 
11 12 9 22 2 5 24 25 33 23 26 6 
8 16 15 2 5 13 19 4 18 
6 7 5 12 1 11 22 
4 1 3 13 4 
7 23 18 9 27 5 16 4 
5 14 9 4 34 7 
5 19 2 10 8 24 
4 32 6 4 12 
3 8 4 6 
6 8 11 23 31 24 4 
4 4 2 33 5 
4 11 30 8 4 
5 2 32 13 8 28 
4 21 4 2 5 
6 20 2 25 28 31 5 
6 26 2 7 29 9 34 
3 16 11 7 
3 7 13 16 
4 21 7 4 28 
5 32 7 22 29 2 
4 11 4 5 30 
3 19 21 25 
3 26 2 22 
4 18 4 27 33 
3 16 5 21 
3 19 14 26 
3 7 17 30 
3 4 22 12 

12 27 11 33 5 4 15 19 13 9 14 18 7 
5 16 8 5 7 4 
7 19 6 21 4 22 26 8 
13 15 11 1 6 12 26 8 10 2 13 3 5 17 
12 34 12 24 6 25 18 16 14 2 1 4 10 
20 10 4 7 3 17 14 28 18 22 9 27 12 19 11 5 26 23 30 32 20 
3 2 6 1 
6 4 23 9 3 13 2 
3 8 6 1 
6 27 5 29 6 4 21 
5 4 1 24 6 25 
7 15 4 20 31 5 30 6 
5 4 1 22 16 8 
7 5 1 28 17 31 25 6 
3 12 4 1 
4 13 5 30 2 
3 6 14 4 
4 6 5 1 21 
4 3 6 1 20 
4 12 19 6 31 
8 28 10 3 24 32 23 18 33 
3 3 6 13 
3 21 6 8 
5 32 29 11 21 5 
3 14 5 11 
4 4 3 34 6 
4 10 1 29 6 
3 6 21 14 
4 34 24 10 27 
3 16 6 12 
3 12 14 20 
3 21 24 6 
2 1 21 
3 5 26 29 

12 4 33 7 12 5 9 18 17 8 26 24 6 
2 7 4 
8 13 30 5 10 12 14 8 4 
12 26 17 3 1 5 6 7 15 10 14 28 2 
8 21 1 20 4 6 3 24 15 
14 19 15 12 5 16 20 4 10 9 13 1 29 21 17 
7 4 33 8 1 11 19 2 
8 31 23 3 1 9 16 7 29 
7 1 8 31 22 25 6 11 
6 23 4 3 11 6 16 
3 7 9 10 
7 13 21 1 3 6 25 14 
3 6 3 12 
3 4 3 12 
5 4 6 5 24 18 
9 34 6 10 19 22 8 18 32 30 
4 6 4 1 27 
6 32 15 1 33 16 20 
4 7 31 16 6 
8 30 18 5 6 25 22 27 32 
3 12 5 6 
7 16 27 23 29 26 20 9 
4 10 8 28 22 
3 5 1 15 
4 12 20 9 28 
4 34 22 1 4 
4 22 17 34 20 
3 25 23 4 
3 6 22 8 
3 3 16 20 
3 19 9 8 
4 33 16 18 20 
4 18 7 1 32 
3 27 26 16 

5 5 11 6 8 4 
8 4 23 7 14 19 5 10 18 
5 9 4 18 32 10 
16 32 19 1 11 2 25 14 8 6 12 5 9 7 30 3 23 
19 7 29 21 2 27 11 1 26 6 23 12 16 4 13 8 17 22 32 33 
9 29 30 4 27 1 15 5 13 28 
8 20 17 4 9 33 16 5 2 
6 27 4 14 33 5 1 
8 24 21 7 28 10 12 4 3 
8 15 9 20 16 3 2 24 25 
5 1 31 21 5 4 
6 13 9 4 15 26 5 
3 5 12 6 
3 4 8 2 
8 18 10 17 22 12 30 6 34 
4 5 7 10 19 
5 7 22 5 15 24 
4 20 15 3 2 
3 2 4 16 
4 10 18 7 28 
4 9 11 5 31 
5 17 5 25 34 15 
3 2 5 4 
4 9 10 26 17 
3 10 4 22 
3 24 5 12 
4 5 29 8 6 
3 6 9 20 
3 5 6 27 
3 4 15 6 
2 11 21 
3 5 4 3 
3 7 5 8 
2 22 15 

6 5 6 8 4 21 12 
10 9 5 6 24 7 19 4 26 28 16 
2 4 7 
15 33 7 2 11 20 27 10 6 3 1 14 9 32 8 5 
7 1 2 4 13 15 33 22 
13 25 1 4 12 21 9 29 17 10 14 11 34 2 
7 18 3 10 2 32 4 8 
8 1 4 16 20 29 27 7 15 
7 11 34 15 2 6 4 18 
6 7 13 27 17 4 6 
11 23 12 4 19 25 6 9 13 34 22 24 
5 1 11 6 25 14 
5 5 10 11 30 26 
5 4 6 12 16 22 
7 30 5 8 17 23 31 9 
7 2 8 28 21 14 20 18 
8 31 30 33 26 10 15 23 6 
4 16 7 19 9 
3 2 18 11 
3 16 4 8 
3 1 16 6 
3 14 5 11 
4 15 11 17 24 
3 11 2 23 
4 11 6 12 29 
4 13 2 31 17 
3 8 10 4 
2 16 2 
3 6 8 25 
4 13 15 17 31 
4 30 15 17 26 
3 4 34 7 
3 17 5 4 
4 11 32 9 6 

1 4 
5 14 22 24 4 5 
7 6 32 4 7 5 9 11 
20 7 9 5 12 28 2 20 8 3 10 11 19 18 16 24 6 23 15 1 29 
18 8 2 7 16 18 22 10 6 13 3 19 11 20 12 17 32 4 28 
6 15 4 27 5 10 3 
11 30 8 16 9 26 14 5 33 4 31 3 
5 13 7 4 5 21 
7 4 34 22 17 7 12 3 
3 6 5 4 
9 18 20 21 29 13 14 3 4 5 
10 27 31 24 23 25 9 15 5 17 4 
3 11 5 8 
3 2 7 11 
8 32 12 4 34 25 27 33 6 
5 21 5 4 7 19 
7 23 25 26 9 30 12 5 
4 11 4 34 5 
3 16 4 5 
3 4 5 11 
4 8 11 26 16 
3 5 2 9 
5 4 17 31 12 29 
3 4 12 2 
3 15 17 12 
3 17 21 7 
4 12 28 15 6 
3 27 4 5 
4 23 11 32 4 
2 7 17 
3 7 12 23 
4 15 3 29 5 
2 15 7 
3 9 15 18 

12 6 17 29 4 8 5 21 9 24 11 31 16 
8 14 5 13 19 10 17 4 9 
8 33 13 6 21 12 7 4 19 
14 12 16 21 3 6 25 8 2 7 9 5 18 31 1 
7 4 30 10 16 1 34 2 
8 28 1 7 4 18 3 29 14 
6 3 18 11 6 4 8 
9 13 30 29 32 11 7 1 23 4 
6 4 1 2 28 10 15 
4 2 27 5 9 
8 19 23 25 20 8 1 12 7 
11 15 11 26 24 30 20 14 3 32 4 34 
3 3 2 8 
5 15 12 25 6 2 
6 9 12 28 20 22 14 
7 1 17 34 31 22 4 5 
5 2 1 33 16 26 
6 7 33 4 26 6 24 
3 3 11 2 
6 15 32 27 11 12 22 
4 1 27 3 4 
4 15 20 16 23 
3 22 8 11 
3 18 1 12 
3 4 11 14 
3 17 18 12 
5 21 10 28 33 20 
4 15 9 6 27 
4 30 8 1 6 
4 8 5 12 29 
3 16 1 4 
3 20 8 12 
4 17 27 3 18 
3 16 12 5 

3 23 4 5 
5 19 9 5 11 4 
8 12 6 4 26 7 9 10 14 
17 27 23 10 14 12 9 30 21 20 16 2 15 6 1 5 3 13 
15 34 27 7 11 1 19 28 30 15 4 8 6 2 14 23 
14 18 8 3 32 15 17 4 19 12 7 5 11 25 13 
11 5 29 6 8 26 24 3 25 10 31 21 
9 29 18 24 7 6 16 28 22 5 
3 4 2 3 
4 3 7 34 4 
5 13 33 2 6 5 
4 4 25 6 3 
4 4 16 11 6 
5 31 21 4 3 5 
4 17 4 5 6 
7 8 17 20 13 27 4 22 
6 6 15 32 20 16 18 
4 17 22 6 8 
4 5 2 26 6 
5 16 28 17 31 4 
5 14 24 7 4 29 
3 16 18 8 
3 4 1 5 
3 21 7 8 
3 6 7 12 
3 7 19 3 
3 5 16 4 
3 20 5 8 
3 7 21 8 
2 4 5 
3 7 14 20 
2 17 6 
1 11 
2 10 5 

2 4 9 
6 5 12 7 4 8 30 
6 4 18 6 10 5 7 
11 16 31 2 13 14 15 11 1 6 3 5 
14 7 8 11 17 31 25 10 27 2 3 9 21 6 4 
6 5 13 30 21 4 3 
15 8 34 28 13 26 2 15 22 3 17 14 23 10 5 19 
11 2 33 26 34 7 23 5 20 18 9 24 
6 5 12 11 8 1 23 
4 3 12 7 5 
5 14 5 4 24 9 
7 2 17 27 20 10 9 21 
3 4 7 6 
11 19 22 20 32 7 18 15 16 4 29 11 
6 4 16 7 28 19 14 
3 14 4 15 
4 7 12 25 5 
4 8 14 3 29 
3 14 7 15 
7 22 14 8 29 12 26 34 
4 6 24 12 5 
5 14 20 31 28 7 
3 9 7 8 
3 8 11 21 
4 32 33 17 5 
3 20 7 8 
2 5 12 
4 7 22 15 30 
4 18 14 20 33 
3 6 28 2 
3 22 4 5 
3 14 25 34 
3 29 25 8 
4 32 7 20 8 

3 24 5 4 
21 4 33 5 12 7 29 10 18 20 23 17 26 30 24 19 16 6 15 14 21 9 
8 9 7 4 27 12 23 11 33 
15 34 26 5 7 8 1 29 24 23 2 6 3 11 22 12 
14 10 6 13 1 4 30 25 27 32 9 11 14 8 2 
9 5 2 8 4 18 28 21 15 19 
9 30 10 4 2 15 20 3 16 17 
4 6 5 4 13 
9 5 19 28 33 16 3 21 2 13 
4 2 26 7 5 
6 3 25 4 5 22 31 
3 3 2 4 
6 14 34 8 5 9 31 
6 13 18 17 5 25 2 
3 2 7 6 
3 7 2 9 
3 2 7 14 
5 6 22 20 14 2 
4 2 29 6 9 
4 2 18 28 7 
3 9 6 2 
3 4 18 11 
4 33 3 2 4 
5 32 2 25 4 1 
6 11 14 30 5 24 32 
4 27 4 2 10 
4 26 33 5 3 
3 20 6 9 
3 2 4 19 
4 2 25 7 5 
2 13 11 
3 5 24 25 
5 2 27 3 23 9 
2 13 4 

6 9 8 5 6 18 4 
11 9 31 6 7 19 4 20 29 24 8 26 
12 22 10 14 18 25 16 32 4 29 5 7 13 
17 2 13 10 11 14 25 7 5 12 1 21 30 32 26 8 3 28 
13 19 12 11 6 20 34 3 32 21 29 4 17 1 
8 13 2 5 10 1 15 27 24 
5 4 11 3 2 22 
11 2 12 9 16 27 15 14 1 33 4 23 
3 1 2 8 
4 4 6 3 22 
5 20 5 4 33 7 
4 30 4 5 8 
6 16 33 28 4 3 6 
5 4 3 27 8 15 
5 14 17 6 25 8 
6 19 13 3 18 8 17 
3 5 16 15 
3 3 1 16 
7 21 16 2 34 26 23 5 
5 11 24 2 5 31 
3 5 4 19 
4 7 3 32 10 
2 19 8 
3 2 6 20 
4 27 4 3 15 
3 4 2 19 
6 34 25 8 14 31 6 
2 4 13 
3 3 2 5 
3 32 4 12 
3 20 27 2 
5 22 3 30 4 5 
3 8 11 13 
3 5 19 27 

6 33 9 5 4 17 6 
6 30 11 17 27 13 4 
5 4 10 5 31 18 
19 16 15 6 9 13 32 23 27 14 7 1 10 2 19 5 11 24 8 3 
10 7 1 4 6 14 18 8 13 28 3 
9 7 23 5 1 29 4 21 8 33 
15 26 16 4 21 34 5 33 18 12 6 9 10 20 27 15 
6 6 4 25 5 21 23 
9 20 12 34 7 4 11 24 26 1 
6 3 22 28 7 4 12 
5 9 16 2 4 14 
5 10 7 22 20 9 
4 19 5 2 4 
6 17 4 15 26 11 5 
3 14 4 7 
5 4 7 31 11 19 
3 14 1 2 
7 25 32 30 7 29 5 3 
6 24 13 25 16 4 22 
3 9 12 7 
3 8 6 7 
5 31 19 10 12 23 
4 22 8 4 6 
3 19 9 4 
4 18 28 19 8 
3 14 7 9 
4 30 4 7 2 
3 5 25 10 
2 6 18 
3 18 2 27 
4 34 16 3 22 
2 4 18 
3 6 7 1 
3 9 7 31 

9 30 12 22 26 33 4 25 5 6 
3 9 33 4 
12 18 13 5 7 4 25 8 17 6 16 12 15 
9 9 5 1 26 6 21 10 2 3 
16 17 11 23 20 16 1 7 4 8 12 3 32 15 18 34 22 
12 32 28 26 34 7 9 4 1 3 14 11 29 
8 6 3 10 13 8 5 18 34 
8 27 10 7 17 16 19 3 5 
4 24 4 6 2 
7 29 11 4 30 8 13 7 
7 5 6 14 20 21 15 10 
4 3 5 14 1 
5 7 10 3 27 31 
4 12 31 11 6 
4 27 5 11 3 
7 24 5 8 19 20 3 23 
4 5 8 19 3 
3 7 5 3 
3 8 16 17 
3 11 5 16 
3 34 11 4 
2 1 5 
2 5 16 
3 30 16 9 
2 3 1 
3 6 4 1 
4 15 13 28 8 
4 29 6 27 32 
3 6 10 28 
4 24 1 10 31 
3 14 13 30 
3 6 28 5 
2 2 1 
4 7 21 6 5 

4 12 4 5 28 
8 9 12 20 13 4 28 5 29 
14 6 18 33 24 34 4 8 22 11 17 19 7 9 23 
14 27 5 9 8 2 1 10 14 6 13 3 7 11 33 
11 14 4 1 10 32 20 16 15 8 2 6 
8 3 12 23 14 5 4 17 7 
6 19 3 6 4 11 16 
4 4 3 5 10 
5 4 19 2 3 18 
9 15 26 24 4 22 5 30 13 8 
6 25 16 3 4 7 24 
5 2 28 21 6 1 
4 21 10 2 4 
8 5 15 6 21 4 31 22 17 
5 5 10 14 30 25 
12 18 23 20 25 27 34 29 11 5 31 26 7 
3 3 14 6 
3 16 9 3 
6 7 28 3 21 9 30 
4 16 2 22 5 
4 14 12 13 19 
6 25 14 10 23 3 20 
6 3 29 16 24 22 6 
7 10 28 31 3 23 11 33 
4 15 11 16 22 
2 10 16 
2 4 16 
5 12 2 1 24 19 
3 23 2 16 
3 19 10 15 
4 24 14 32 16 
2 31 5 
3 24 4 3 
2 16 3 

6 4 5 16 28 8 10 
16 32 5 6 21 15 27 12 9 19 7 17 4 24 34 30 33 
1 4 
15 32 7 28 24 10 6 3 5 11 12 27 9 1 31 2 
21 23 1 25 20 4 22 7 32 28 11 10 2 6 30 16 15 14 13 29 8 18 
14 27 15 5 33 2 14 34 21 8 23 4 11 26 9 
4 17 4 5 2 
6 6 5 1 22 17 34 
4 6 2 14 4 
8 19 16 12 18 4 5 13 1 
5 22 20 4 6 5 
6 19 24 13 4 2 10 
4 5 10 12 25 
5 9 23 6 5 25 
5 18 2 5 20 6 
5 1 21 5 31 10 
3 7 2 8 
4 26 5 15 10 
3 10 12 2 
4 32 5 11 15 
6 2 16 33 31 34 6 
3 11 8 5 
3 14 6 5 
4 27 4 12 2 
3 13 14 5 
4 6 32 18 29 
4 2 24 4 6 
3 1 4 5 
3 30 5 26 
3 29 2 5 
3 16 4 21 
5 20 2 26 4 5 
3 6 21 2 
4 8 6 21 2 

7 25 23 22 15 8 32 4 
7 6 5 13 16 4 7 19 
9 27 4 28 18 5 6 11 13 10 
19 12 20 8 9 1 2 24 17 13 14 21 27 16 5 7 10 6 3 28 
9 8 16 34 10 4 2 11 29 3 
9 18 7 4 9 2 28 3 15 14 
7 12 30 4 6 26 2 23 
9 4 5 20 14 19 22 1 24 9 
6 4 12 25 6 8 11 
4 32 5 3 4 
5 5 9 3 23 31 
5 4 9 34 33 7 
5 3 2 15 29 4 
4 4 17 8 6 
8 21 6 19 1 13 17 32 20 
3 2 4 5 
3 4 14 15 
5 6 26 29 3 30 
3 2 15 8 
4 4 8 15 33 
3 26 4 15 
2 1 8 
3 11 1 7 
3 31 4 8 
2 1 9 
4 21 7 29 18 
2 4 3 
3 4 6 3 
4 13 26 5 18 
2 18 7 
2 24 11 
3 1 10 15 
2 20 12 
2 12 5 

10 22 11 23 5 16 18 14 6 4 32 
6 4 28 10 23 7 13 
9 31 8 17 30 12 5 15 19 4 
9 2 13 6 5 10 1 3 20 9 
10 22 1 9 19 29 7 6 4 32 3 
12 4 14 11 21 13 1 12 28 8 29 5 7 
10 14 11 16 8 18 15 2 6 5 23 
12 6 18 7 9 17 29 3 21 27 22 10 16 
8 20 4 5 8 12 25 30 26 
5 31 2 8 34 4 
8 27 31 24 1 30 7 20 6 
3 3 9 6 
7 34 2 6 15 4 24 33 
6 21 1 27 17 6 7 
3 13 3 7 
12 1 21 27 26 31 30 7 22 8 33 25 18 
3 8 3 14 
7 26 8 29 1 16 31 7 
2 5 3 
5 30 9 4 24 11 
4 14 16 6 8 
4 1 8 5 16 
3 2 1 7 
3 13 11 20 
2 16 9 
3 16 9 18 
5 14 16 11 8 34 
2 2 6 
4 18 6 8 5 
5 20 11 3 9 16 
6 10 3 33 11 16 18 
2 5 1 
3 16 13 31 
3 13 27 10 

5 32 4 27 26 7 
3 5 30 4 
11 24 4 22 11 32 12 9 5 14 6 21 
13 5 11 13 2 14 3 6 29 10 1 33 34 17 
17 16 3 11 4 8 26 6 9 28 7 19 17 2 10 33 20 23 
12 5 20 18 3 4 21 7 12 10 8 34 13 
11 23 6 1 8 9 21 5 22 12 15 13 
4 7 6 17 5 
6 3 34 5 15 19 7 
5 5 4 6 25 27 
6 4 16 14 25 3 5 
8 3 24 20 15 6 16 27 7 
6 7 6 24 23 4 18 
3 3 4 11 
3 12 9 7 
4 5 25 12 11 
3 8 5 4 
4 24 13 19 6 
6 26 9 5 28 33 18 
4 12 5 26 6 
4 6 3 32 7 
2 3 7 
4 13 5 7 25 
4 18 13 12 3 
4 10 16 11 23 
5 20 33 19 1 5 
3 10 12 1 
2 5 19 
1 4 
1 2 
0 
3 3 1 21 
5 4 26 5 34 19 
4 4 6 9 33 

10 8 7 6 28 16 4 14 5 12 13 
13 7 10 13 23 11 9 30 4 15 25 16 20 5 
5 26 8 18 11 4 
14 3 24 10 15 25 27 9 12 1 6 5 2 20 32 
8 1 34 24 2 33 4 6 7 
6 9 31 1 8 4 5 
4 1 2 5 10 
10 14 32 16 3 17 15 1 13 21 6 
7 21 18 2 4 6 29 25 
10 12 29 2 7 27 30 11 22 4 28 
5 2 14 10 29 3 
4 1 4 10 19 
3 1 8 2 
3 1 8 11 
4 22 8 2 4 
5 1 25 2 8 29 
3 8 19 18 
6 32 9 31 3 17 26 
2 12 17 
3 29 2 4 
3 33 9 8 
2 15 10 
2 28 2 
2 4 5 
4 2 9 16 4 
5 28 3 30 18 31 
3 30 4 10 
4 23 10 26 1 
6 11 20 10 31 16 9 
4 10 26 27 2 
4 6 26 18 29 
3 18 8 4 
2 21 5 
1 5 

11 7 30 22 8 28 4 29 11 6 5 12 
6 17 13 11 23 4 5 
7 16 19 30 6 4 31 9 
11 3 1 21 30 6 10 7 5 24 2 8 
13 2 26 8 25 15 20 19 4 9 14 1 12 13 
14 33 24 34 10 17 23 7 20 15 9 4 1 3 21 
8 17 18 22 6 23 4 1 31 
10 31 1 16 22 32 14 21 19 5 4 
6 16 3 6 20 10 5 
7 9 12 13 4 25 11 6 
9 2 25 32 10 26 27 33 34 1 
3 10 5 1 
6 26 10 19 5 33 2 
5 22 8 5 17 26 
6 19 21 18 6 17 5 
4 8 22 3 9 
8 15 7 23 31 20 2 14 6 
5 24 23 15 33 7 
8 8 30 5 15 34 13 27 3 
4 6 9 5 17 
6 8 6 15 4 34 32 
5 14 8 7 1 16 
6 17 28 2 7 18 6 
3 18 6 4 
3 11 10 5 
4 13 11 14 5 
2 11 19 
2 1 23 
2 1 31 
4 1 3 4 19 
5 3 29 8 17 7 
3 11 8 21 
4 13 6 18 11 
4 6 19 11 21 

6 4 18 6 14 33 29 
13 32 18 22 31 34 21 20 7 4 8 6 19 5 
12 9 18 10 8 5 16 27 4 20 22 14 12 
13 32 31 10 30 1 28 23 9 2 20 7 5 3 
15 4 28 6 34 13 19 2 33 27 9 16 8 7 3 11 
5 5 1 12 2 33 
6 26 4 2 11 15 5 
11 11 24 15 21 32 3 5 13 34 17 2 
5 3 5 26 4 10 
10 4 22 15 29 26 3 17 12 14 9 
3 5 8 7 
6 3 10 15 34 14 6 
3 5 28 8 
5 18 1 10 12 3 
4 12 10 7 8 
4 32 29 5 3 
4 18 24 8 10 
6 1 14 17 2 27 3 
2 5 2 
4 3 29 2 4 
2 2 8 
3 3 2 10 
1 4 
2 8 17 
2 26 27 
5 33 10 25 9 7 
5 3 25 5 28 18 
4 27 13 4 5 
4 1 10 20 16 
1 4 
2 4 2 
4 16 8 2 4 
4 5 1 6 26 
4 12 5 8 2 

6 4 30 29 9 20 10 
9 11 15 6 4 5 33 34 14 28 
6 9 12 4 5 31 25 
16 16 17 9 34 3 31 6 5 23 28 18 8 22 2 1 7 
13 14 7 27 29 6 3 2 18 11 26 4 33 8 
10 21 7 26 24 10 5 19 2 4 14 
5 5 15 4 8 6 
11 12 4 20 15 10 26 5 7 29 13 19 
5 4 19 1 24 3 
3 1 8 6 
9 13 19 2 25 23 30 5 27 17 
3 24 8 3 
2 8 11 
5 16 2 5 6 25 
3 8 7 2 
2 4 14 
3 11 4 24 
2 4 5 
6 31 21 9 6 11 8 
2 8 1 
3 6 23 19 
1 4 
3 21 11 4 
5 17 25 9 6 12 
5 11 3 30 14 24 
3 8 6 5 
3 5 11 28 
4 29 27 4 2 
4 28 5 1 8 
3 25 11 1 
3 3 4 19 
0 
2 5 2 
2 2 4 

11 15 9 4 31 10 19 5 34 6 8 20 
8 24 4 14 33 20 16 6 5 
11 19 34 20 6 22 7 32 4 29 23 8 
11 3 13 15 7 8 2 11 5 1 10 16 
11 22 21 14 7 25 4 12 17 16 1 2 
8 23 3 2 12 9 11 1 13 
11 33 3 10 18 26 14 24 30 4 5 28 
6 28 3 9 1 26 4 
3 1 6 8 
7 11 30 4 12 7 17 1 
4 10 6 4 13 
12 13 6 32 25 16 28 20 33 5 21 10 24 
6 17 11 12 6 32 4 
5 22 2 7 5 18 
3 4 16 1 
5 4 2 12 5 15 
3 5 10 13 
3 7 31 14 
7 3 25 27 32 1 34 21 
5 1 3 2 23 12 
5 19 5 12 23 22 
5 5 30 21 14 3 
5 20 3 21 6 27 
3 2 12 7 
3 19 5 12 
2 7 8 
2 19 23 
3 8 12 7 
1 3 
3 7 22 10 
2 18 1 
4 13 19 12 3 
3 12 7 2 
3 3 1 19 

4 4 23 5 18 
12 4 9 7 15 16 12 8 30 13 11 10 6 
11 7 12 27 22 11 4 5 19 6 20 34 
15 8 16 1 11 23 3 25 7 2 5 12 13 21 6 10 
10 3 25 29 32 27 4 19 1 9 24 
8 4 2 8 22 15 27 28 3 
6 2 4 21 26 3 13 
3 2 4 6 
5 22 5 25 23 2 
8 2 4 11 13 15 27 12 17 
5 2 10 3 28 4 
4 2 3 10 4 
8 34 27 2 4 10 30 18 7 
4 27 31 17 19 
5 26 2 6 10 21 
6 31 33 4 21 18 2 
3 14 32 10 
3 13 16 1 
3 5 14 3 
1 3 
7 25 16 29 7 24 4 15 
3 9 3 6 
5 1 32 9 4 30 
2 21 5 
4 4 21 9 5 
3 15 29 7 
6 5 3 14 6 10 13 
2 6 11 
3 26 21 5 
3 13 2 23 
2 16 14 
3 5 17 23 
1 16 
2 3 13 

4 5 18 4 20 
4 11 22 4 5 
10 25 4 6 23 26 29 24 12 17 7 
17 21 2 12 33 6 8 17 1 29 3 7 13 27 20 11 10 5 
14 31 10 8 1 4 6 7 13 18 16 30 15 2 19 
5 19 4 9 3 5 
3 5 3 4 
5 14 9 10 5 4 
9 14 31 16 17 6 19 30 8 20 
7 14 17 4 32 5 30 8 
3 2 4 31 
7 18 20 17 22 33 3 4 
2 4 5 
8 29 9 8 10 26 18 15 23 
2 5 14 
3 5 9 21 
5 3 9 12 4 10 
5 5 14 33 12 1 
5 28 6 32 5 9 
7 4 9 1 24 29 25 12 
5 26 34 4 24 16 
3 12 2 33 
4 3 34 14 31 
3 3 20 21 
3 20 3 28 
3 21 14 3 
1 4 
2 25 19 
4 14 4 20 3 
3 9 10 5 
4 11 23 9 5 
2 10 19 
4 12 22 18 4 
2 23 21 

6 18 5 4 17 16 20 
7 33 14 16 10 4 5 6 
8 4 20 5 16 23 18 21 8 
14 12 1 2 3 6 17 30 33 14 22 7 29 27 9 
17 9 3 26 7 6 25 24 17 8 15 33 27 1 13 2 28 14 
3 5 4 2 
12 5 10 22 4 29 11 12 9 24 8 27 30 
8 9 3 34 7 20 32 5 27 
8 7 5 25 14 4 28 26 8 
10 2 15 31 23 24 34 22 7 32 14 
6 13 7 26 21 14 15 
4 17 7 28 4 
3 11 16 5 
7 11 9 2 5 4 10 16 
4 19 5 11 10 
7 3 13 14 21 18 1 2 
5 1 4 31 12 5 
3 16 1 3 
1 15 
7 3 30 25 1 28 32 8 
3 11 3 16 
4 7 4 23 10 
3 10 3 22 
4 33 7 10 5 
4 5 34 20 9 
3 9 5 11 
4 5 4 8 7 
4 9 5 12 20 
2 7 4 
3 7 20 4 
3 10 17 33 
3 20 10 8 
5 5 4 31 2 24 
3 25 8 10 

