8 31 26 34 18 32 6 17 3 
10 4 27 12 20 21 14 30 3 15 5 
12 9 15 1 7 4 10 2 34 20 8 28 5 
2 3 2 
8 32 11 24 14 3 6 2 12 
5 5 1 10 29 7 
10 22 3 8 11 29 13 9 21 24 6 
4 7 19 16 3 
5 3 33 30 16 7 
2 6 3 
2 5 7 
5 5 2 13 23 17 
3 12 26 7 
4 2 19 22 5 
3 18 2 3 
2 9 8 
3 12 27 1 
2 1 15 
3 8 14 25 
2 3 2 
2 7 2 
5 23 25 7 14 33 
2 12 22 
2 5 7 
4 31 28 19 22 
2 13 1 
2 2 17 
2 3 25 
2 7 6 
2 9 2 
2 25 1 
2 5 1 
2 9 22 
2 3 1 

6 29 3 19 22 13 33 
2 4 3 
15 32 7 4 34 22 2 24 5 6 23 11 8 1 25 18 
8 9 10 5 7 2 32 3 8 
7 9 18 4 6 12 3 21 
3 16 5 3 
4 4 14 17 3 
2 3 4 
10 14 10 30 5 27 11 13 4 17 31 
4 9 4 12 29 
6 20 3 31 9 23 26 
4 5 21 16 10 
5 15 28 9 19 1 
3 7 15 9 
2 13 14 
3 6 12 20 
3 9 26 7 
3 27 3 5 
2 1 13 
4 34 24 11 16 
2 12 5 
3 25 1 3 
3 30 11 3 
3 33 3 20 
2 3 22 
2 17 11 
3 18 28 9 
2 27 13 
2 1 10 
2 9 23 
2 9 11 
2 3 4 
2 24 1 
2 3 20 

14 7 5 8 30 33 3 18 19 14 28 17 20 12 4 
1 3 
9 16 15 1 31 6 2 29 4 18 
8 12 14 5 1 8 10 3 13 
4 6 1 7 4 
9 9 28 3 31 5 22 11 24 23 
9 17 34 16 25 10 9 5 1 11 
4 26 4 1 33 
6 32 7 20 6 24 15 
2 7 4 
4 21 6 13 7 
4 29 4 1 30 
4 11 22 26 4 
3 27 1 4 
2 9 3 
3 3 7 34 
5 23 21 19 1 7 
3 1 32 3 
2 17 1 
2 1 9 
2 17 11 
3 25 13 6 
3 17 6 27 
2 9 6 
2 7 22 
2 8 13 
2 14 23 
2 6 1 
2 3 12 
2 12 1 
2 6 3 
2 9 18 
2 8 1 
2 7 16 

1 3 
8 3 16 31 13 27 7 4 5 
15 5 18 7 1 2 24 6 11 9 17 8 4 21 30 26 
10 10 3 11 16 2 30 8 12 6 23 
4 2 23 3 20 
3 12 3 4 
5 10 2 3 18 14 
8 33 19 9 15 17 3 32 4 
4 8 20 13 3 
7 26 7 21 27 15 29 4 
4 4 14 25 3 
2 4 6 
4 32 9 2 28 
5 22 7 34 11 24 
2 10 8 
3 4 28 2 
5 22 3 8 19 34 
3 7 3 29 
2 17 8 
2 5 9 
3 10 3 25 
2 14 17 
2 5 4 
2 3 14 
2 11 21 
2 10 3 
3 2 33 10 
3 31 16 13 
2 10 18 
2 3 4 
2 28 2 
2 8 13 
2 8 27 
2 14 17 

7 31 3 5 9 6 24 4 
9 33 32 20 21 3 12 4 10 23 
18 27 7 15 22 8 5 9 1 6 14 25 11 2 21 17 31 13 12 
13 7 14 25 16 15 13 8 26 27 1 2 30 32 
6 3 10 11 1 23 24 
2 1 3 
2 4 3 
2 4 3 
3 3 1 34 
3 2 19 5 
4 20 3 16 5 
5 2 34 18 3 17 
3 26 3 4 
4 18 3 4 28 
2 4 3 
3 4 11 19 
4 22 3 33 12 
2 12 14 
2 10 16 
4 11 30 29 2 
3 28 2 3 
2 3 17 
3 2 5 29 
2 5 1 
2 3 4 
2 13 4 
2 4 3 
2 21 14 
2 23 20 
2 4 20 
2 3 1 
2 2 4 
2 2 17 
2 12 9 

15 13 19 9 22 3 14 12 27 29 23 7 5 4 21 8 
3 16 3 10 
12 7 6 1 4 18 2 28 5 10 8 25 31 
6 11 25 1 3 6 24 
2 1 3 
9 4 12 19 20 33 13 21 3 16 
5 11 30 1 3 9 
5 1 3 17 22 34 
2 1 7 
2 2 3 
4 18 4 15 7 
6 23 28 34 14 1 6 
2 1 6 
3 15 1 12 
5 14 26 11 20 17 
2 6 2 
2 8 15 
4 30 11 3 31 
4 1 24 6 26 
2 15 6 
2 1 6 
3 32 1 8 
3 1 12 32 
4 19 27 29 4 
2 3 4 
2 15 19 
2 1 24 
2 12 3 
2 24 1 
2 18 7 
2 3 18 
2 23 22 
1 6 
2 8 12 

13 28 20 26 22 3 30 24 18 11 10 13 34 5 
4 4 6 14 3 
5 14 19 1 4 2 
6 5 3 12 16 2 34 
10 4 12 26 8 1 6 25 10 7 9 
8 7 9 8 27 5 2 17 24 
3 22 6 5 
9 23 31 32 15 19 17 5 6 21 
2 5 6 
5 5 11 33 1 13 
3 10 1 20 
2 5 4 
3 30 1 10 
3 2 15 3 
3 8 14 16 
3 15 4 25 
7 8 27 33 28 18 6 29 
3 23 17 1 
3 3 8 21 
2 1 11 
3 31 19 8 
3 29 7 1 
3 18 8 32 
2 1 6 
2 5 16 
2 1 5 
2 17 6 
2 17 1 
2 17 22 
2 13 1 
3 21 8 33 
2 8 23 
3 10 17 31 
2 1 4 

7 3 8 21 5 10 4 14 
10 16 9 7 12 6 17 21 5 3 20 
13 12 4 15 24 1 7 13 17 26 19 25 2 9 
4 1 28 3 22 
12 14 23 27 2 30 29 11 6 8 18 1 16 
2 2 5 
5 2 3 33 22 11 
4 5 13 1 10 
2 2 3 
4 8 27 1 15 
4 29 7 5 32 
3 18 2 3 
3 3 23 8 
5 24 1 34 5 33 
3 19 3 10 
3 5 20 2 
3 3 2 25 
2 5 12 
3 3 15 31 
2 2 16 
3 28 2 1 
2 7 4 
3 26 13 5 
2 3 14 
4 30 3 31 17 
3 3 23 34 
2 5 10 
2 21 4 
2 11 5 
2 5 25 
2 19 25 
1 11 
2 7 14 
2 14 26 

11 3 4 5 15 34 18 19 10 32 21 9 
5 6 22 3 17 20 
4 12 2 4 1 
13 15 5 1 31 3 29 30 9 13 14 8 16 32 
15 7 11 10 26 13 4 34 22 12 17 30 8 28 1 6 
4 2 11 5 7 
4 18 6 5 27 
3 5 4 14 
3 1 16 4 
5 21 5 1 19 27 
4 24 6 5 23 
3 3 5 20 
2 5 4 
4 4 31 8 24 
2 4 1 
3 29 4 9 
4 25 26 5 2 
2 1 7 
3 23 1 10 
2 12 2 
3 25 1 10 
2 5 2 
2 19 11 
2 14 11 
2 21 17 
2 5 17 
2 7 10 
1 5 
2 4 16 
2 5 4 
3 14 4 32 
3 4 1 31 
0 
2 1 5 

2 14 3 
13 28 14 15 17 4 11 5 19 3 16 13 8 20 
4 2 4 1 10 
12 2 23 18 6 19 21 3 33 32 7 5 15 
19 22 30 31 29 12 16 18 21 9 34 8 10 7 24 25 2 6 11 4 
3 13 5 4 
3 4 9 5 
4 12 5 2 32 
4 7 28 5 22 
2 5 3 
3 5 2 27 
2 8 5 
2 6 2 
3 1 26 2 
4 2 17 4 29 
2 2 5 
4 20 15 34 2 
4 4 5 33 23 
3 26 2 4 
3 30 17 2 
3 4 25 5 
3 24 5 9 
3 27 4 18 
2 22 5 
2 5 21 
2 14 19 
3 28 23 11 
3 27 9 2 
3 15 5 33 
3 20 33 5 
1 5 
2 4 8 
4 4 30 29 18 
2 5 17 

4 28 8 3 9 
7 4 30 19 27 3 14 10 
14 8 5 2 6 22 1 24 11 4 31 26 7 21 13 
7 5 12 2 3 19 18 25 
4 6 4 15 3 
11 22 14 3 7 10 29 5 18 9 11 27 
5 21 13 6 29 3 
7 20 15 17 31 16 3 1 
3 1 6 16 
3 12 6 2 
2 6 3 
2 4 10 
2 3 7 
5 2 24 23 25 6 
2 5 8 
6 33 8 9 20 17 23 
2 8 16 
2 4 6 
2 2 4 
2 16 8 
2 7 3 
4 6 26 3 30 
3 14 28 16 
2 14 3 
2 14 4 
2 3 22 
2 2 6 
3 1 31 23 
2 7 6 
2 2 22 
3 3 8 28 
0 
1 16 
0 

7 28 4 30 8 14 22 3 
7 3 5 9 4 14 16 18 
13 1 10 13 23 8 7 11 9 2 20 6 27 17 
12 1 28 19 7 16 13 5 24 25 21 2 12 
6 15 4 26 18 6 2 
6 19 15 5 20 32 3 
4 10 30 4 3 
3 1 3 12 
8 21 22 31 11 17 2 25 3 
2 3 7 
3 9 3 32 
2 4 8 
2 3 4 
2 1 2 
2 5 6 
4 31 29 2 4 
2 3 9 
2 2 5 
3 4 6 34 
4 3 24 33 6 
3 9 23 4 
3 26 1 9 
2 21 3 
2 4 20 
2 4 9 
2 22 5 
2 3 34 
2 4 1 
4 32 16 34 33 
2 7 1 
3 32 16 9 
4 11 6 29 31 
2 29 20 
3 27 19 29 

10 5 11 3 31 13 14 4 34 10 12 
4 10 3 26 16 
8 2 23 11 18 17 13 1 4 
16 1 12 30 9 29 3 21 15 19 23 24 7 5 6 14 33 
11 28 7 4 21 1 34 20 26 9 30 6 
4 5 4 18 8 
7 27 20 25 5 8 4 22 
4 17 6 7 15 
2 4 5 
2 2 1 
2 1 3 
2 1 4 
2 3 1 
2 4 1 
4 4 16 25 8 
4 28 15 19 2 
3 3 33 8 
2 3 6 
5 22 32 4 16 24 
3 5 31 7 
2 5 4 
2 19 7 
2 4 3 
2 4 19 
2 15 7 
3 2 5 27 
3 33 26 7 
3 5 16 29 
2 4 28 
2 4 5 
2 1 20 
1 19 
4 17 34 27 4 
3 5 33 1 

11 28 27 5 29 4 13 6 7 3 22 11 
3 3 8 33 
13 8 21 10 14 1 13 18 15 2 9 4 11 31 
6 1 29 3 5 6 9 
7 20 27 10 1 19 7 4 
6 18 17 23 32 4 1 
5 33 25 1 5 12 
6 30 32 2 23 26 3 
5 20 3 26 16 4 
4 12 3 24 5 
3 21 1 3 
6 7 15 17 10 16 14 
6 34 22 31 24 3 1 
3 12 25 3 
2 12 3 
2 12 9 
3 28 12 6 
3 3 6 19 
2 18 5 
2 9 5 
2 3 11 
2 1 13 
3 6 8 27 
2 10 13 
3 32 14 7 
2 8 9 
3 1 5 23 
3 1 17 29 
3 28 4 1 
1 8 
2 13 3 
3 6 8 25 
2 7 2 
1 13 

12 6 12 7 34 16 23 5 3 13 28 19 4 
3 3 7 11 
10 28 8 4 5 2 16 10 27 1 15 
8 3 11 6 1 23 14 25 20 
8 3 9 17 22 21 30 13 1 
5 9 24 4 1 8 
3 1 2 10 
6 24 12 6 18 15 3 
6 5 14 29 20 6 19 
3 7 3 18 
2 2 4 
2 8 1 
4 1 30 5 22 
4 17 4 32 9 
3 8 3 29 
5 3 32 33 1 21 
3 31 5 14 
2 10 8 
2 1 9 
3 26 4 9 
2 5 16 
2 5 13 
2 4 1 
3 6 34 8 
1 4 
1 20 
1 3 
3 1 30 3 
2 9 15 
3 13 28 5 
1 17 
2 14 16 
1 16 
2 24 1 

3 3 22 10 
2 3 4 
11 4 29 15 8 7 5 25 31 1 23 2 
17 17 31 6 3 9 7 18 30 11 2 5 29 21 23 27 26 20 
6 13 4 3 16 6 8 
7 12 5 4 9 24 28 19 
5 4 24 3 16 32 
7 34 5 19 12 33 3 11 
7 14 20 17 15 6 4 10 
4 9 30 18 1 
7 33 25 32 13 4 8 28 
3 21 6 8 
3 11 14 5 
2 13 9 
2 3 9 
2 7 5 
2 9 4 
2 4 10 
3 27 6 8 
2 9 4 
4 25 12 4 26 
2 31 1 
2 3 4 
3 33 7 6 
3 21 11 3 
3 27 21 4 
4 4 19 34 26 
2 6 11 
2 4 3 
2 10 4 
3 3 4 22 
2 7 11 
3 8 11 24 
2 27 8 

5 3 34 21 4 20 
1 3 
13 13 15 19 2 9 6 1 7 29 24 30 4 5 
17 18 27 6 23 29 7 10 25 13 3 9 8 16 11 5 1 15 
4 8 3 21 4 
4 23 4 33 3 
8 3 10 17 11 22 14 12 4 
2 4 5 
7 31 18 4 16 19 3 12 
3 4 7 14 
5 31 4 28 7 33 
4 7 9 17 32 
2 3 4 
2 10 7 
4 3 4 30 32 
5 9 26 4 20 28 
5 22 12 7 26 25 
2 9 4 
2 9 3 
4 26 16 1 22 
2 1 5 
3 20 7 17 
2 6 4 
1 3 
2 17 4 
3 20 17 16 
1 4 
3 11 34 16 
2 3 4 
2 3 15 
2 9 11 
2 12 15 
2 6 11 
2 28 1 

8 23 32 7 8 6 4 10 3 
1 3 
12 13 12 2 34 28 24 4 9 25 5 1 11 
12 7 27 11 3 10 9 1 5 17 6 19 31 
3 3 4 15 
3 1 8 4 
6 1 24 23 17 21 4 
4 14 1 6 12 
6 25 14 4 22 16 3 
4 4 20 1 18 
2 3 4 
3 8 13 3 
4 12 3 16 18 
8 15 9 29 32 19 8 31 20 
2 14 5 
2 13 9 
4 26 7 4 22 
2 13 10 
2 4 14 
3 10 24 14 
2 7 27 
2 9 17 
2 7 1 
4 34 3 7 20 
2 9 3 
1 17 
2 21 4 
1 3 
1 14 
0 
2 14 4 
2 1 14 
0 
2 24 3 

12 9 10 8 31 19 17 25 21 3 5 4 16 
5 3 13 5 27 33 
8 20 26 1 9 4 2 24 16 
8 13 17 6 3 8 1 7 29 
8 12 2 6 28 34 1 11 10 
6 12 15 5 4 30 7 
8 6 33 18 22 31 23 11 4 
3 1 4 18 
2 3 1 
5 5 15 14 25 1 
2 5 7 
3 6 5 26 
3 2 14 4 
2 10 13 
3 6 10 29 
6 23 3 1 27 22 20 
2 1 4 
2 7 8 
2 1 21 
5 3 27 29 16 30 
3 26 19 1 
2 16 7 
2 16 7 
2 28 3 
3 1 10 34 
4 33 3 12 21 
3 2 20 16 
4 30 5 33 24 
3 4 20 15 
3 20 6 28 
2 7 1 
0 
4 7 2 28 26 
2 25 5 

7 24 3 5 4 8 12 10 
6 27 13 22 3 9 23 
10 2 26 19 18 8 11 6 1 4 32 
16 18 23 13 21 6 33 14 1 15 3 29 7 9 32 5 16 
6 4 20 1 10 7 12 
4 22 4 25 3 
2 5 4 
2 3 1 
3 4 30 2 
11 28 15 1 5 29 31 11 16 17 34 21 
3 10 17 3 
5 24 19 1 14 5 
2 4 2 
2 12 4 
2 4 10 
2 10 4 
4 11 24 10 19 
3 4 21 3 
6 34 12 17 3 28 32 
1 5 
3 18 10 4 
2 2 6 
3 32 4 2 
3 1 17 12 
1 6 
1 3 
2 30 2 
2 10 19 
2 4 10 
2 9 27 
1 10 
4 23 4 19 3 
1 4 
2 19 10 

5 17 3 10 5 18 
16 25 34 17 19 8 14 26 4 5 11 13 6 21 3 30 12 
7 12 1 32 2 23 26 4 
9 3 27 2 20 9 6 28 32 15 
8 1 10 2 7 8 19 11 9 
5 4 16 2 7 18 
3 6 5 20 
6 15 23 24 28 2 5 
4 31 13 5 4 
4 21 5 27 1 
6 5 33 16 2 29 25 
4 3 14 2 33 
2 2 9 
3 2 12 31 
2 4 8 
2 6 11 
4 2 1 20 33 
2 1 6 
3 2 5 25 
5 27 7 17 30 4 
3 31 10 2 
1 34 
2 8 3 
2 26 8 
3 19 11 2 
4 3 2 28 24 
3 10 4 20 
3 4 8 26 
1 11 
2 20 2 
3 21 9 14 
2 3 4 
3 17 12 11 
2 22 2 

1 3 
9 25 28 5 32 4 3 12 11 14 
11 2 4 18 8 1 9 19 23 7 6 10 
8 15 6 10 5 31 25 3 2 
3 2 20 4 
8 33 3 16 29 9 4 15 7 
4 8 6 3 20 
6 18 3 13 7 17 16 
6 14 13 3 11 6 21 
3 4 12 3 
6 2 17 22 19 9 23 
2 10 2 
3 28 8 9 
2 2 9 
4 6 22 29 4 
2 6 8 
2 11 8 
2 8 3 
3 11 3 30 
2 5 7 
3 22 9 34 
4 24 15 21 11 
2 11 3 
1 22 
2 4 2 
0 
0 
2 13 2 
2 15 6 
1 19 
1 4 
1 2 
1 6 
1 21 

1 3 
13 13 28 27 19 26 10 3 22 33 5 4 25 7 
10 2 5 8 11 4 1 9 30 15 16 
14 24 22 10 11 26 3 15 2 6 14 16 7 20 34 
7 17 2 3 29 14 6 32 
2 4 5 
9 31 8 4 2 9 12 23 27 17 
5 13 18 28 7 3 
3 3 7 19 
3 4 12 2 
2 4 3 
6 24 31 10 23 18 7 
2 8 2 
3 5 22 4 
4 27 4 32 3 
4 26 21 4 3 
2 5 7 
2 12 8 
5 2 9 24 26 29 
2 34 4 
3 33 16 27 
3 2 14 4 
3 12 24 7 
6 12 4 19 34 30 23 
2 2 31 
4 19 16 4 2 
5 21 15 7 2 30 
2 2 8 
2 5 19 
3 3 24 27 
3 12 25 7 
2 15 5 
2 21 2 
3 4 20 24 

5 4 18 28 22 3 
5 34 30 3 13 23 
8 5 10 12 1 11 17 2 4 
19 6 20 27 1 9 12 16 32 7 30 14 34 8 25 5 10 33 15 3 
6 27 6 4 26 3 11 
5 4 8 7 5 9 
8 4 16 19 6 33 13 25 20 
5 29 17 6 18 4 
3 6 31 4 
4 14 15 4 3 
7 3 24 21 26 28 19 5 
2 4 3 
2 7 2 
2 4 10 
4 4 34 20 10 
2 7 4 
3 21 3 8 
2 1 8 
2 7 11 
6 7 15 21 30 25 4 
4 29 20 11 17 
1 1 
2 32 2 
1 11 
3 20 4 7 
2 5 11 
2 5 4 
2 11 1 
2 8 21 
3 4 20 2 
1 9 
3 23 33 4 
3 32 4 7 
3 4 2 15 

13 6 34 8 16 7 25 9 4 22 3 13 20 21 
9 32 19 11 24 33 7 28 6 3 
4 2 1 5 4 
14 26 5 16 23 11 18 3 1 15 17 31 12 24 28 
4 29 3 17 4 
9 1 31 8 10 12 27 2 14 19 
8 9 2 27 1 34 23 25 15 
4 1 6 10 13 
2 1 7 
3 8 6 30 
2 2 4 
3 4 21 6 
3 8 31 1 
2 22 6 
2 7 4 
2 4 1 
3 4 32 5 
1 4 
2 2 6 
1 1 
3 12 1 23 
2 14 1 
4 21 4 7 24 
4 2 4 29 23 
2 7 1 
1 4 
2 6 7 
2 4 2 
2 5 24 
1 10 
3 13 4 6 
2 17 2 
1 2 
2 7 1 

16 11 15 29 20 6 26 22 21 23 3 18 7 5 8 16 31 
11 17 30 6 4 9 5 13 3 25 12 27 
10 8 2 10 1 33 7 31 4 34 11 
2 3 2 
6 2 16 1 12 23 25 
5 2 10 27 19 1 
2 1 3 
4 1 9 34 3 
5 21 19 8 24 2 
2 3 6 
4 20 26 1 3 
2 2 5 
3 2 30 14 
1 13 
1 1 
4 18 5 1 22 
2 2 21 
2 16 1 
3 33 6 9 
3 11 1 32 
3 9 17 1 
2 16 1 
2 1 5 
1 9 
2 5 2 
2 11 1 
3 2 6 29 
0 
2 1 27 
2 2 13 
2 3 1 
1 20 
2 19 3 
2 8 3 

13 8 28 19 33 6 29 12 9 5 10 17 18 3 
8 13 12 3 30 15 6 8 4 
11 11 16 4 25 22 2 10 23 7 5 1 
3 3 2 7 
6 3 19 9 29 14 1 
4 1 2 23 33 
2 3 4 
7 1 24 2 21 34 31 28 
2 1 5 
4 1 3 14 13 
7 18 28 32 26 17 15 3 
3 2 1 20 
5 10 2 14 29 30 
3 13 10 5 
3 11 32 2 
1 3 
2 11 1 
5 1 33 11 22 24 
2 1 5 
1 12 
1 8 
2 3 18 
2 6 3 
2 18 8 
1 3 
2 28 11 
0 
4 1 26 11 8 
3 1 5 13 
2 2 13 
1 8 
2 11 15 
3 6 18 1 
1 8 

11 20 4 8 22 25 14 18 10 28 3 11 
9 3 32 25 16 7 27 9 5 17 
9 2 22 1 6 4 5 32 19 21 
3 3 9 1 
19 16 6 17 7 3 31 26 12 14 11 2 15 33 19 34 10 23 13 24 
3 30 5 3 
5 33 2 5 8 13 
2 1 7 
3 4 2 11 
4 1 5 15 20 
5 5 9 25 31 1 
8 24 27 14 13 18 16 21 5 
3 5 7 12 
3 5 1 12 
6 22 10 17 30 34 5 
4 12 2 5 32 
3 2 15 5 
4 1 12 26 32 
3 5 3 20 
4 1 10 19 27 
3 26 3 12 
3 15 1 3 
1 5 
2 12 5 
3 11 1 2 
3 21 5 18 
3 12 20 2 
1 1 
0 
2 15 6 
2 5 11 
4 16 3 18 2 
2 5 7 
2 5 15 

4 11 4 3 29 
11 3 17 32 8 12 13 9 5 4 21 7 
5 2 5 7 1 10 
16 12 11 2 16 28 1 15 9 6 8 14 13 19 33 24 10 
5 30 6 3 2 20 
5 5 16 15 34 4 
2 2 3 
5 20 24 4 2 21 
4 2 4 26 34 
5 29 3 4 31 12 
3 1 4 15 
5 4 18 10 28 2 
2 2 4 
1 4 
4 6 4 23 11 
3 6 4 27 
2 2 30 
1 12 
1 4 
2 8 5 
2 2 8 
1 29 
1 15 
2 4 8 
0 
1 9 
1 16 
2 12 4 
3 22 1 10 
2 5 17 
1 10 
1 2 
1 4 
2 6 9 

8 16 31 3 20 10 4 29 6 
6 34 24 11 5 20 3 
17 19 1 7 2 30 26 25 18 5 8 16 10 17 13 33 4 6 
5 7 17 1 29 3 
5 32 15 3 14 2 
2 3 1 
3 21 4 3 
1 3 
2 18 14 
3 19 3 1 
6 24 26 17 27 2 22 
1 29 
4 33 23 27 3 
4 18 5 9 34 
2 26 5 
2 1 3 
3 11 4 3 
5 14 9 20 3 22 
3 10 3 32 
4 25 18 1 2 
3 30 7 25 
3 23 11 18 
3 31 22 13 
2 11 2 
3 20 21 3 
3 11 15 3 
3 11 28 13 
1 27 
4 4 12 1 31 
2 21 3 
3 1 29 23 
2 5 19 
2 13 3 
2 14 2 

6 3 5 14 9 4 30 
6 20 3 33 21 16 7 
13 10 32 6 8 20 4 5 7 12 1 34 2 30 
6 24 3 1 13 18 8 
2 3 1 
3 3 24 13 
5 12 8 2 9 3 
8 9 15 7 11 4 27 3 12 
4 7 21 1 8 
5 22 3 34 19 14 
1 8 
3 8 7 3 
5 18 4 23 6 28 
3 22 1 10 
3 30 8 26 
1 2 
1 21 
5 32 27 13 4 25 
1 10 
4 3 31 2 23 
3 2 17 9 
4 10 28 14 33 
2 20 13 
2 4 6 
1 18 
1 15 
2 18 8 
2 13 22 
0 
3 1 3 15 
1 20 
2 18 3 
2 22 2 
2 10 3 

4 5 19 10 3 
5 11 5 4 3 7 
12 28 2 34 9 29 21 1 4 13 24 14 6 
2 2 3 
11 18 2 13 6 19 11 25 21 9 23 1 
7 16 29 5 27 3 10 22 
2 17 2 
5 15 26 17 11 31 
5 12 15 32 5 3 
2 1 6 
3 8 5 2 
2 14 9 
3 25 3 5 
3 12 3 33 
4 8 9 22 19 
1 6 
3 7 8 23 
2 31 5 
3 1 15 5 
3 28 26 24 
4 27 5 34 3 
3 6 28 15 
2 5 17 
3 3 29 20 
2 13 5 
2 20 8 
2 21 6 
3 20 22 3 
3 24 6 3 
0 
2 18 8 
1 9 
1 14 
2 21 3 

8 13 5 34 15 11 3 10 7 
5 7 18 3 8 4 
2 2 1 
3 6 16 2 
8 26 24 25 15 18 8 1 17 
10 10 17 34 20 7 30 8 4 9 19 
5 30 6 1 2 33 
11 12 13 15 2 32 5 11 16 25 27 6 
2 6 31 
3 12 6 1 
5 8 31 14 1 26 
5 22 21 10 8 23 
2 1 8 
2 11 23 
6 5 22 1 27 20 8 
3 29 8 4 
3 6 18 5 
5 32 17 28 2 5 
1 6 
3 6 15 33 
1 12 
2 15 12 
2 12 14 
1 5 
2 8 5 
2 5 11 
2 15 8 
1 18 
1 16 
2 7 6 
2 9 11 
2 8 18 
2 7 20 
2 1 6 

8 7 16 3 20 4 24 30 11 
0 
16 17 29 8 30 6 24 27 5 22 1 9 31 34 20 15 4 
9 6 9 19 12 1 13 14 3 11 
3 16 3 33 
4 10 3 23 4 
3 1 18 25 
8 22 28 24 3 21 12 14 23 
3 28 4 3 
3 21 6 17 
4 26 1 4 31 
3 33 4 8 
2 25 4 
5 20 16 8 32 4 
3 29 3 19 
3 1 14 5 
2 10 3 
2 26 7 
3 15 4 27 
4 1 14 3 30 
2 10 8 
2 8 3 
3 8 6 32 
3 1 3 8 
2 13 7 
2 11 18 
2 19 3 
2 8 9 
2 3 15 
3 3 1 20 
2 11 3 
2 23 14 
2 12 5 
1 3 

0 
7 3 19 31 5 12 15 6 
8 23 17 2 4 13 5 8 15 
8 9 8 7 10 22 25 3 14 
4 3 9 6 2 
3 5 14 2 
6 18 4 12 24 16 10 
8 19 26 3 23 29 13 4 34 
6 28 5 21 32 4 11 
4 4 7 17 26 
3 31 32 9 
5 18 7 34 27 2 
2 3 8 
2 6 4 
2 2 3 
3 21 7 28 
3 20 3 10 
3 22 12 7 
5 2 8 30 33 25 
1 17 
2 9 16 
2 4 18 
3 8 33 3 
2 7 27 
2 4 19 
2 8 10 
3 12 24 29 
2 16 9 
2 8 27 
1 19 
2 11 2 
2 9 11 
2 23 19 
2 12 8 

9 13 11 8 4 24 9 14 19 3 
2 3 12 
9 17 30 2 5 1 6 15 4 16 
9 34 5 3 26 9 28 7 23 1 
9 14 6 17 8 4 12 26 32 3 
8 5 27 3 22 21 7 24 10 
5 22 20 6 4 29 
5 27 5 15 1 25 
5 10 31 1 18 4 
5 13 11 18 6 9 
3 10 29 1 
4 2 20 32 5 
3 10 1 16 
3 5 19 1 
5 8 34 3 23 33 
2 3 13 
4 21 33 3 5 
2 9 10 
2 1 14 
2 12 7 
2 6 17 
3 6 7 25 
3 4 28 15 
2 6 1 
3 8 31 22 
3 30 4 5 
2 6 8 
2 4 23 
2 11 7 
2 3 26 
2 25 9 
2 12 5 
2 17 15 
2 4 15 

20 16 23 14 26 30 24 15 4 5 11 19 10 25 29 6 27 8 20 3 12 
2 3 7 
10 28 2 15 22 24 20 1 33 4 10 
9 9 6 7 16 34 1 3 5 29 
6 28 32 1 13 8 4 
3 23 4 1 
2 2 4 
6 5 9 13 22 14 1 
2 8 4 
5 12 11 1 3 32 
6 26 27 21 1 10 17 
2 10 1 
3 5 34 8 
4 1 8 21 18 
3 18 1 3 
3 1 4 17 
4 25 19 16 11 
2 15 14 
3 31 1 17 
3 1 33 3 
2 14 11 
2 8 3 
2 6 1 
2 1 3 
4 31 30 17 1 
2 11 1 
2 1 11 
2 5 3 
2 1 4 
2 25 1 
2 25 19 
2 10 5 
2 20 3 
2 13 4 

4 3 4 5 8 
4 23 28 4 3 
5 1 6 2 34 5 
5 2 30 1 16 31 
13 1 19 15 13 7 8 12 3 10 9 6 11 31 
5 5 7 20 14 3 
12 33 21 11 17 22 14 23 5 9 25 30 6 
4 10 18 5 1 
7 22 5 19 32 34 13 7 
3 5 8 28 
4 5 12 18 7 
4 26 17 5 11 
7 24 25 29 15 33 9 5 
4 21 7 29 6 
6 32 16 24 26 5 13 
2 15 4 
2 12 7 
3 11 27 8 
3 5 9 20 
2 19 6 
2 7 14 
2 9 7 
3 27 7 2 
2 15 13 
2 13 7 
2 15 12 
2 23 18 
2 2 10 
2 13 14 
2 4 7 
2 4 5 
2 9 15 
2 13 7 
2 9 3 

7 3 21 7 13 20 32 9 
16 29 24 31 6 14 10 12 3 11 13 8 16 5 4 26 20 
8 4 16 1 5 19 6 2 28 
8 7 3 2 14 27 10 11 8 
3 2 3 12 
6 9 15 3 2 30 22 
5 29 17 31 4 1 
4 4 19 24 2 
3 18 1 6 
3 4 2 18 
5 32 34 4 2 25 
3 5 2 33 
3 30 2 1 
4 17 15 2 4 
2 14 6 
3 2 26 3 
3 25 7 14 
5 33 23 10 28 9 
2 3 8 
5 1 27 2 21 22 
2 1 20 
3 23 20 6 
2 22 18 
2 2 8 
3 11 17 34 
2 16 2 
2 4 20 
2 3 18 
2 7 2 
2 6 13 
2 2 7 
2 11 1 
2 12 18 
2 25 11 

5 19 7 24 27 3 
6 4 10 3 22 7 5 
9 13 2 6 30 14 4 1 5 16 
10 15 12 17 11 6 2 23 10 8 3 
4 8 25 3 2 
4 3 17 4 9 
3 2 25 1 
8 4 13 26 28 20 5 9 29 
10 24 31 12 15 28 8 19 6 30 11 
2 2 4 
4 14 9 22 4 
4 21 29 9 4 
5 18 3 23 8 34 
5 11 3 18 16 21 
3 4 9 20 
4 3 32 14 33 
3 34 4 6 
2 13 14 
2 1 9 
2 8 15 
3 12 14 27 
2 11 2 
3 13 26 4 
2 9 1 
3 5 7 33 
2 8 23 
2 21 1 
2 9 8 
3 8 12 31 
2 9 3 
2 29 9 
1 16 
2 25 16 
2 13 17 

8 15 29 3 4 6 5 20 17 
1 3 
12 4 11 1 7 16 12 8 13 5 17 2 6 
5 3 1 7 9 34 
6 3 34 12 1 19 10 
2 1 3 
10 9 33 19 13 3 10 11 8 4 22 
2 3 7 
3 4 24 7 
7 26 32 18 23 21 7 5 
7 32 3 29 14 26 7 28 
4 3 30 5 18 
5 3 15 20 14 7 
5 16 33 23 13 11 
2 1 13 
5 3 14 31 24 22 
4 1 21 3 25 
2 10 12 
2 7 5 
3 1 13 31 
2 10 17 
3 16 7 28 
4 27 10 14 25 
3 9 27 16 
2 17 23 
2 10 11 
2 23 24 
2 22 11 
3 30 1 11 
2 29 12 
3 16 20 32 
3 31 10 11 
2 7 14 
2 4 5 

17 22 7 19 20 9 16 15 25 14 6 11 26 5 3 4 13 18 
6 4 3 34 12 9 27 
4 33 2 18 1 
10 8 5 21 1 6 14 22 11 7 2 
8 16 23 29 12 4 33 10 1 
3 8 1 4 
4 4 17 25 1 
3 4 6 28 
3 2 1 10 
4 5 9 31 19 
3 1 23 4 
9 26 2 15 13 31 5 24 30 17 
6 32 12 27 34 29 1 
2 4 1 
3 24 12 1 
2 1 5 
2 12 7 
4 1 20 3 21 
2 1 10 
3 18 32 1 
2 18 4 
2 4 1 
2 11 5 
2 12 15 
3 1 7 30 
2 1 12 
3 2 28 13 
2 8 27 
2 13 5 
2 12 25 
2 12 10 
2 13 20 
2 5 3 
2 13 2 

7 14 15 27 18 7 3 25 
6 4 12 32 3 25 5 
8 11 2 28 20 1 4 15 16 
7 22 14 2 3 10 6 5 
10 16 26 9 8 20 21 29 6 4 2 
17 11 32 5 22 7 13 4 34 19 17 30 12 9 18 23 33 8 
3 6 1 10 
2 6 5 
2 5 6 
2 7 4 
6 13 6 27 24 3 21 
3 28 6 2 
2 6 11 
3 24 1 4 
3 3 31 1 
4 17 3 5 23 
2 6 16 
3 19 1 6 
2 6 18 
2 5 3 
2 11 5 
3 4 26 6 
3 16 33 6 
2 14 11 
3 30 2 1 
2 22 5 
4 31 34 1 11 
2 3 12 
1 5 
2 6 25 
2 15 27 
2 2 6 
2 6 23 
2 27 6 

10 10 3 9 22 28 7 15 12 6 18 
7 5 28 11 3 6 12 4 
11 8 2 19 4 1 16 17 11 14 10 26 
7 3 5 13 23 7 2 25 
6 2 32 31 15 27 4 
9 14 13 2 17 32 8 18 33 1 
3 1 4 9 
4 3 24 27 6 
3 1 21 7 
2 1 3 
5 2 25 33 20 3 
2 2 1 
4 6 4 30 16 
3 23 6 3 
3 20 5 1 
2 13 3 
4 19 6 3 29 
4 34 1 6 30 
2 17 3 
5 26 15 21 22 11 
2 20 9 
4 20 29 34 1 
3 14 4 24 
2 23 8 
2 11 4 
2 3 20 
2 5 8 
3 1 29 2 
3 17 22 28 
2 18 13 
1 5 
2 6 5 
2 11 6 
2 18 22 

6 8 4 3 5 6 12 
10 26 20 28 24 7 22 11 12 14 3 
12 27 28 10 7 1 9 18 34 20 4 2 5 
4 6 3 1 14 
6 33 1 23 21 25 3 
4 11 8 4 1 
9 29 15 10 9 2 16 18 3 13 
2 1 6 
5 7 31 22 3 19 
5 17 3 23 7 30 
5 2 15 6 32 13 
2 2 1 
7 17 16 21 11 19 33 7 
3 24 2 4 
2 7 11 
3 13 7 30 
3 13 10 25 
2 3 7 
3 9 13 26 
2 2 3 
2 13 5 
2 9 2 
4 32 29 5 10 
3 34 2 14 
3 27 5 17 
2 19 2 
2 3 25 
3 31 2 3 
2 7 23 
2 10 16 
2 9 28 
2 11 23 
2 5 13 
2 24 3 

7 8 25 4 3 12 7 5 
2 3 12 
10 6 1 4 23 18 5 32 2 7 25 
7 28 10 1 9 3 24 14 
12 20 9 6 34 8 24 3 14 13 1 30 10 
2 5 3 
7 3 11 21 30 1 20 17 
5 1 22 29 5 31 
7 4 13 29 5 31 16 17 
8 15 18 33 4 27 5 11 16 
2 7 10 
4 19 1 15 2 
2 5 9 
2 4 5 
2 10 12 
2 9 10 
4 9 19 7 27 
4 10 32 21 3 
2 17 12 
4 26 22 7 5 
2 7 18 
4 8 20 23 34 
2 3 22 
3 26 4 5 
2 1 3 
3 24 20 31 
2 17 10 
1 4 
2 8 9 
2 7 5 
3 9 26 8 
2 18 3 
1 10 
2 22 5 

5 34 3 4 24 27 
8 6 9 33 5 3 28 11 10 
19 4 2 1 11 29 10 24 12 9 7 14 25 15 5 6 22 27 28 8 
5 1 25 3 12 13 
4 2 20 3 19 
7 7 21 19 2 8 3 15 
5 34 14 6 26 3 
4 3 17 6 31 
4 32 2 13 3 
3 20 2 3 
4 33 2 3 23 
3 4 3 29 
4 9 16 4 18 
5 7 16 30 18 3 
3 3 17 6 
3 13 22 14 
4 23 8 21 15 
2 13 14 
2 5 6 
3 10 5 26 
2 17 6 
2 16 3 
2 17 11 
2 1 3 
2 4 3 
3 28 20 7 
2 1 3 
3 3 2 26 
2 12 3 
2 14 33 
1 8 
1 9 
3 30 2 11 
2 7 1 

4 33 6 3 15 
12 18 12 20 23 10 5 11 4 3 16 15 8 
12 14 29 10 5 1 6 4 26 32 11 7 2 
5 3 13 2 7 8 
3 9 2 3 
11 31 28 1 14 17 12 20 9 3 27 19 
2 4 3 
6 32 25 2 27 4 30 
3 5 6 24 
3 26 3 2 
2 3 2 
5 6 16 13 18 2 
2 12 4 
3 6 3 22 
6 17 1 2 21 34 19 
5 21 2 25 23 12 
2 15 6 
2 12 2 
2 6 15 
2 6 2 
6 22 31 28 15 24 16 
4 29 14 21 30 
2 2 16 
2 9 21 
4 31 8 30 16 
3 10 32 3 
2 6 8 
2 6 21 
2 22 3 
3 8 22 25 
3 6 25 21 
3 3 8 26 
1 1 
1 15 

6 22 3 7 5 20 10 
8 3 31 8 26 4 5 34 6 
16 18 7 15 4 30 19 26 2 1 16 9 8 27 6 21 12 
2 3 2 
6 20 9 14 13 1 2 
5 3 17 28 2 31 
10 23 1 10 14 33 3 16 12 11 18 
4 11 25 2 3 
2 5 3 
4 7 1 33 32 
3 7 17 8 
4 7 22 13 3 
5 24 19 15 12 5 
2 7 5 
3 29 13 3 
5 23 3 21 7 30 
2 6 11 
4 25 7 3 27 
2 13 3 
2 5 1 
3 3 16 24 
2 1 12 
2 16 7 
2 13 21 
2 18 8 
2 3 2 
2 18 3 
1 6 
3 33 34 15 
2 16 3 
2 2 6 
1 10 
3 29 7 10 
2 29 2 

5 9 3 15 6 10 
8 13 3 14 15 5 19 4 7 
10 20 5 11 4 18 24 8 25 1 2 
5 11 6 2 7 3 
5 21 2 3 23 10 
3 30 4 1 
8 2 4 23 16 9 13 12 8 
7 29 20 28 19 3 27 7 
4 7 1 26 14 
6 17 1 5 32 16 12 
3 3 4 25 
2 10 7 
3 2 7 22 
4 31 33 9 2 
2 2 1 
5 7 10 17 18 31 
4 10 33 16 21 
3 3 26 16 
2 8 2 
4 28 8 29 3 
2 5 17 
1 13 
2 5 7 
1 3 
3 3 11 29 
3 9 28 18 
2 32 8 
3 8 26 20 
3 25 8 20 
1 6 
2 16 14 
3 10 34 27 
2 17 14 
1 32 

7 6 3 23 25 32 4 10 
8 8 20 25 16 14 15 3 5 
8 4 9 2 5 7 1 32 13 
3 1 3 13 
10 8 22 10 16 2 11 3 9 30 6 
8 20 12 19 27 34 5 1 7 
2 3 6 
13 18 31 2 28 5 26 15 17 23 21 30 24 11 
4 12 31 5 3 
2 5 1 
3 8 5 17 
8 22 29 19 18 9 6 24 14 
2 4 3 
3 2 27 12 
3 2 8 34 
2 5 2 
3 8 28 11 
4 12 8 33 21 
2 12 6 
2 2 6 
4 24 8 22 18 
3 12 21 5 
2 8 1 
5 8 34 12 21 27 
2 1 2 
4 32 8 34 30 
3 6 14 24 
2 8 17 
1 12 
3 8 5 26 
2 9 8 
3 3 1 26 
1 18 
4 26 6 24 15 

9 33 32 12 13 11 16 5 9 3 
15 32 24 23 4 33 12 8 5 6 3 19 7 27 22 17 
12 16 1 13 10 34 4 11 2 6 25 22 29 
4 3 2 28 31 
8 2 8 1 14 9 18 31 25 
9 2 14 7 20 15 10 23 3 28 
4 2 29 6 26 
3 18 5 2 
3 5 1 15 
2 3 6 
2 3 1 
2 1 2 
4 19 3 1 17 
2 6 5 
2 6 9 
3 20 3 1 
2 2 13 
3 8 5 21 
2 2 13 
2 6 16 
2 26 18 
2 3 2 
2 6 2 
1 2 
2 3 5 
2 7 21 
2 2 29 
3 33 4 6 
3 3 27 7 
0 
2 5 4 
2 1 2 
3 1 2 28 
1 3 

4 4 3 5 29 
2 3 11 
10 2 17 15 21 10 6 4 7 1 29 
5 3 5 25 13 1 
10 21 9 1 4 11 6 17 7 8 18 
4 27 3 12 5 
6 5 19 3 28 13 8 
9 14 10 9 20 5 7 30 22 12 
2 5 8 
4 23 3 16 8 
4 18 14 2 5 
4 34 8 6 31 
6 4 7 15 24 19 32 
4 26 33 11 8 
6 33 13 24 16 20 3 
4 25 30 10 15 
4 22 5 23 3 
2 5 11 
3 13 21 7 
3 8 34 15 
3 5 19 3 
2 17 8 
4 24 10 17 27 
5 30 23 15 13 26 
2 16 4 
2 24 14 
3 23 30 6 
1 7 
2 1 3 
4 24 8 27 16 
1 12 
1 13 
2 15 14 
2 20 12 

10 6 25 11 8 14 5 16 10 3 18 
9 14 3 28 17 7 4 24 19 12 
19 19 9 7 13 30 6 2 8 12 16 1 17 5 4 10 32 33 29 21 
2 3 2 
5 27 3 31 1 22 
7 26 15 9 33 30 3 1 
7 2 20 3 18 13 25 21 
6 15 20 29 1 3 23 
3 3 6 11 
3 1 3 34 
2 9 1 
2 3 2 
3 27 3 7 
3 28 2 1 
2 6 8 
2 1 3 
2 3 2 
2 1 7 
2 3 2 
2 8 7 
3 3 7 27 
1 5 
2 8 32 
2 2 31 
4 26 28 7 1 
2 6 25 
3 5 13 21 
3 25 14 2 
2 3 8 
2 6 3 
2 24 5 
2 23 3 
3 34 3 6 
2 33 10 

3 3 17 6 
9 7 4 29 3 19 32 15 6 22 
22 11 27 34 25 20 5 14 31 26 13 17 29 33 4 24 18 1 12 16 21 32 2 
6 2 5 9 16 3 8 
3 7 3 4 
7 12 11 1 26 8 28 2 
4 10 5 30 2 
5 4 21 9 22 6 
6 10 23 34 8 4 33 
2 7 9 
3 3 27 6 
5 6 15 14 13 3 
3 18 12 3 
6 12 19 20 23 3 24 
2 2 12 
2 3 4 
2 3 1 
2 13 3 
2 2 14 
2 14 3 
5 8 24 23 3 22 
4 21 8 26 2 
3 9 14 21 
3 3 21 14 
1 3 
3 6 22 3 
2 3 11 
1 6 
2 3 2 
4 34 31 32 7 
2 3 30 
3 3 30 2 
2 9 3 
3 9 30 3 

3 3 9 27 
2 4 3 
7 10 4 1 2 6 32 5 
10 8 2 17 15 29 12 3 6 9 5 
10 14 4 26 8 3 25 34 22 7 16 
12 14 13 26 7 10 4 25 17 3 18 31 21 
2 5 6 
5 23 11 30 5 4 
9 16 20 4 1 28 11 19 23 21 
6 19 31 6 13 12 3 
3 8 20 9 
5 24 33 22 4 10 
4 6 15 10 27 
3 5 6 18 
2 13 4 
3 9 25 5 
2 6 4 
4 14 28 31 6 
2 9 10 
2 9 11 
3 30 6 9 
2 12 5 
2 8 9 
1 12 
3 5 6 16 
2 5 6 
2 13 1 
2 9 18 
1 4 
2 21 8 
3 6 18 10 
1 3 
1 12 
1 5 

5 19 27 6 3 4 
1 3 
10 20 13 15 4 10 22 9 1 2 5 
10 10 21 6 3 12 1 30 5 9 7 
14 11 32 15 4 18 28 16 13 8 3 12 14 26 31 
8 7 27 1 8 11 32 16 4 
6 33 4 29 26 14 6 
2 5 6 
2 3 4 
5 19 34 4 25 3 
4 5 34 6 17 
4 17 4 22 5 
2 3 5 
2 7 5 
2 5 3 
2 5 6 
5 24 11 12 33 30 
1 5 
2 10 1 
2 3 28 
1 4 
2 12 3 
0 
2 29 17 
1 10 
3 7 34 5 
2 6 1 
2 20 5 
3 24 32 7 
2 17 4 
1 5 
3 29 6 5 
2 7 17 
3 26 11 10 

11 20 5 24 11 25 28 14 6 4 3 8 
4 3 27 7 8 
7 5 4 2 7 10 15 1 
6 18 3 1 12 22 9 
7 13 21 10 1 32 3 6 
5 5 1 31 20 16 
4 17 12 2 3 
7 17 2 9 19 13 31 1 
4 11 16 4 8 
7 15 29 5 30 28 3 26 
2 1 9 
5 4 34 19 14 7 
2 5 8 
2 1 12 
4 3 29 23 10 
3 6 21 9 
5 7 18 8 23 28 
2 17 4 
3 8 20 12 
4 19 30 6 1 
3 24 16 5 
1 4 
3 15 17 24 
4 25 23 21 1 
3 1 24 33 
2 31 10 
1 2 
3 1 17 10 
2 10 15 
2 10 20 
3 26 6 8 
1 5 
1 25 
1 12 

3 3 19 4 
2 3 6 
11 4 18 16 1 10 5 2 12 9 21 20 
6 8 5 19 3 17 1 
6 13 3 15 7 6 4 
15 7 31 34 23 5 8 14 15 32 10 16 11 24 2 12 
4 5 17 9 6 
6 6 34 14 4 26 30 
2 3 7 
7 3 21 6 25 13 11 18 
2 10 6 
2 3 6 
3 5 10 18 
6 29 24 6 33 8 23 
5 6 5 21 27 26 
4 3 6 22 30 
3 4 7 23 
3 10 3 13 
3 33 4 1 
1 3 
3 15 3 10 
1 16 
4 17 25 6 14 
2 14 6 
2 23 10 
2 15 8 
2 15 34 
1 32 
1 14 
2 8 16 
1 6 
2 6 28 
2 14 19 
3 8 27 6 

5 7 3 14 21 10 
13 25 3 7 31 10 30 4 20 24 32 29 15 6 
12 1 5 32 2 12 9 28 17 8 11 16 4 
6 3 15 29 5 14 2 
7 3 12 25 13 18 6 4 
2 2 5 
6 8 2 30 13 9 1 
5 33 28 3 7 11 
2 3 7 
4 19 2 18 1 
2 8 3 
2 3 5 
3 24 5 7 
3 4 1 28 
3 31 2 4 
1 3 
3 3 27 22 
3 10 5 22 
3 10 20 26 
5 33 19 28 27 2 
1 1 
5 23 17 32 18 30 
2 29 22 
3 2 25 13 
3 5 24 2 
2 19 29 
2 20 17 
5 20 3 14 33 8 
4 23 4 2 26 
3 22 7 2 
2 15 2 
3 3 22 2 
3 8 28 20 
0 

8 5 14 12 9 3 4 18 11 
3 28 7 3 
8 29 17 5 15 7 4 1 2 
8 10 1 8 12 20 3 11 6 
10 30 1 19 3 6 34 28 15 13 14 
5 10 4 5 9 8 
4 2 13 3 20 
4 17 4 6 33 
3 1 6 27 
2 4 6 
4 23 1 16 4 
3 4 34 1 
3 22 5 7 
2 1 5 
5 21 5 17 19 3 
3 24 11 22 
5 15 8 3 27 31 
1 1 
5 34 5 15 26 20 
5 4 23 27 19 7 
1 15 
2 13 16 
3 20 26 11 
1 16 
0 
2 23 19 
3 17 20 9 
2 5 2 
1 3 
1 5 
2 33 17 
0 
2 31 8 
3 19 12 5 

17 6 28 5 11 14 17 8 34 33 25 24 18 15 3 23 19 9 
4 3 14 18 4 
12 27 5 10 4 25 1 20 2 16 11 19 17 
11 10 8 9 21 23 3 7 2 6 15 13 
7 7 12 3 13 30 1 34 
3 1 32 4 
3 4 29 5 
2 1 4 
2 4 1 
4 22 3 4 16 
7 3 23 24 22 27 32 1 
2 29 5 
4 5 26 4 21 
3 1 16 2 
3 25 1 4 
4 10 24 3 14 
6 18 3 33 1 19 21 
5 26 32 1 17 2 
3 17 3 1 
2 34 3 
5 17 23 31 13 4 
2 10 11 
4 21 4 11 1 
5 16 25 1 31 11 
4 1 24 3 15 
2 18 13 
2 3 11 
1 1 
3 7 12 30 
2 5 29 
2 24 21 
3 6 18 11 
2 1 17 
3 1 5 20 

11 19 28 11 7 5 4 3 12 32 15 30 
4 5 7 6 3 
9 13 4 8 11 2 9 1 17 32 
8 1 14 27 3 28 6 16 26 
5 2 10 25 34 1 
3 8 4 2 
6 20 18 26 1 2 9 
2 3 6 
3 7 3 12 
1 5 
7 3 28 20 21 31 1 22 
3 1 27 9 
2 16 3 
1 4 
1 1 
2 13 4 
2 26 3 
2 24 7 
2 29 1 
3 7 11 22 
3 11 26 32 
2 20 11 
0 
1 18 
2 5 31 
4 21 7 4 17 
2 12 4 
3 11 4 1 
2 30 19 
2 29 1 
3 11 33 25 
3 1 21 3 
1 31 
1 5 

1 3 
12 24 14 19 5 7 32 9 22 3 4 12 6 
6 1 20 2 4 28 11 
7 10 8 3 29 2 9 5 
6 7 4 27 13 2 6 
8 21 12 14 26 15 5 25 2 
2 2 5 
6 10 14 18 13 12 4 
5 2 23 20 4 27 
4 4 24 8 17 
2 3 31 
7 16 6 24 2 21 8 15 
3 5 21 8 
5 2 19 8 6 30 
3 12 6 25 
2 29 12 
1 10 
3 31 8 23 
2 2 14 
4 9 3 22 29 
5 33 6 13 22 12 
4 2 21 34 20 
2 9 18 
3 12 10 2 
2 6 15 
1 6 
2 5 9 
2 3 33 
3 4 20 16 
1 14 
2 11 18 
1 2 
2 28 21 
1 22 

10 7 28 22 26 6 32 29 9 3 21 
8 5 3 33 13 16 11 8 4 
14 2 5 4 27 16 26 23 1 17 14 9 29 12 11 
3 15 3 2 
9 18 24 10 28 7 3 20 2 6 
2 5 1 
8 17 30 11 24 5 1 8 10 
3 7 20 2 
8 23 3 22 28 17 16 33 1 
3 7 13 5 
5 15 3 29 2 7 
1 3 
5 10 30 16 31 2 
2 25 3 
4 32 11 4 18 
5 19 3 2 13 9 
6 3 21 9 31 7 18 
5 26 17 5 34 15 
1 16 
2 5 8 
5 23 34 17 1 27 
2 1 9 
3 21 9 3 
2 7 5 
1 14 
3 1 18 3 
2 3 21 
3 5 1 9 
3 11 3 1 
3 7 33 13 
2 17 13 
2 1 15 
3 30 2 9 
2 21 18 

3 18 4 3 
10 34 6 4 13 17 7 10 9 14 3 
7 2 1 6 28 7 5 11 
12 18 31 5 21 9 32 24 2 12 1 8 16 
2 3 4 
5 34 2 12 8 3 
3 3 2 13 
6 6 24 32 19 30 4 
8 18 4 17 30 14 2 10 20 
3 19 2 9 
1 3 
2 4 6 
7 7 15 25 27 2 34 21 
3 23 9 2 
1 13 
1 4 
2 9 2 
3 1 9 4 
3 22 8 10 
1 9 
2 4 13 
2 25 19 
2 14 31 
2 4 8 
3 22 13 31 
0 
1 13 
1 3 
0 
2 8 9 
3 25 4 23 
3 8 33 4 
1 32 
3 6 2 13 

11 32 22 7 3 11 4 15 12 27 30 5 
3 3 16 6 
14 2 20 4 18 9 1 12 19 22 5 7 29 6 28 
2 1 3 
6 11 17 1 8 3 23 
5 2 3 10 14 12 
2 3 1 
4 22 15 5 30 
3 3 33 20 
4 6 34 24 29 
3 5 1 29 
8 19 16 6 3 1 22 25 13 
6 30 12 23 26 27 15 
1 6 
3 13 1 8 
2 2 12 
3 19 5 26 
3 20 21 3 
3 3 17 12 
5 9 27 18 3 33 
3 25 18 31 
6 28 8 12 3 32 1 
2 5 13 
1 10 
2 21 12 
2 13 17 
3 1 13 20 
2 3 22 
3 11 10 3 
3 8 1 13 
1 21 
2 1 22 
2 20 9 
1 10 

8 21 28 3 4 9 32 12 23 
6 3 8 24 5 19 27 
2 2 1 
2 32 1 
5 8 10 17 2 24 
4 21 8 16 33 
3 11 10 29 
7 34 21 5 14 9 2 6 
9 23 14 8 28 13 30 18 20 1 
5 26 7 13 15 5 
1 7 
1 1 
4 25 33 9 10 
5 17 9 34 8 27 
1 10 
1 6 
4 19 14 25 5 
1 9 
2 2 17 
1 9 
3 1 6 8 
2 23 24 
4 22 1 9 31 
3 2 5 22 
3 13 17 26 
3 31 25 10 
2 2 14 
2 1 9 
1 7 
1 9 
2 26 23 
2 4 1 
2 13 6 
2 14 8 

4 33 4 5 3 
0 
11 1 24 12 5 13 4 21 22 8 6 34 
6 11 3 10 9 16 1 
9 25 1 7 6 14 10 13 28 3 
8 5 20 17 7 3 23 29 11 
3 5 27 6 
2 31 3 
4 32 18 15 4 
2 4 5 
4 6 18 22 4 
5 33 3 14 26 34 
4 17 15 3 5 
4 30 5 12 20 
5 13 31 16 9 25 
4 15 4 19 26 
2 13 6 
3 11 33 9 
1 16 
2 14 6 
1 3 
4 30 11 29 3 
1 6 
1 3 
2 15 5 
2 12 16 
1 7 
1 5 
2 6 22 
2 14 22 
2 15 8 
1 9 
3 12 18 1 
2 3 12 

0 
13 8 26 19 7 11 22 6 3 21 9 33 20 4 
3 6 2 17 
8 7 28 14 29 2 10 25 5 
3 17 16 4 
3 3 10 2 
11 8 26 12 20 15 2 34 9 32 13 4 
5 23 24 2 7 27 
7 2 14 12 11 16 13 7 
5 18 27 6 24 4 
3 30 2 9 
4 7 9 31 21 
4 19 9 7 25 
4 18 4 15 9 
2 7 14 
3 5 9 32 
2 3 5 
3 10 34 14 
2 2 13 
3 7 2 28 
6 2 29 22 31 23 12 
2 2 21 
2 21 8 
3 30 8 10 
2 4 13 
2 2 7 
2 10 8 
2 4 20 
2 4 21 
2 24 11 
2 12 21 
2 16 7 
1 2 
2 7 18 

10 4 8 10 5 12 7 11 18 3 6 
1 3 
21 20 12 29 13 30 24 21 1 8 28 7 25 22 4 2 14 34 9 32 26 6 
7 5 26 23 3 1 19 14 
5 1 15 23 10 4 
3 1 3 31 
5 3 17 21 22 1 
7 29 9 27 3 1 16 24 
3 32 8 3 
4 34 5 1 11 
3 1 10 13 
5 16 1 25 3 18 
2 3 11 
5 4 27 19 15 3 
3 17 5 14 
4 31 12 8 20 
3 7 33 15 
2 12 1 
2 14 4 
3 3 30 16 
2 3 7 
4 3 33 28 7 
2 5 4 
2 3 8 
2 3 12 
2 4 3 
2 8 14 
2 3 22 
2 3 8 
2 3 20 
2 16 6 
2 9 3 
2 22 17 
2 3 10 

9 13 9 6 3 31 16 7 4 5 
6 8 15 14 21 3 9 
8 2 25 8 1 28 4 34 11 
15 30 32 5 23 14 1 17 15 7 27 29 6 10 3 13 
7 11 32 12 1 16 4 10 
8 4 17 18 1 27 19 33 25 
5 28 1 34 4 18 
2 3 2 
4 1 21 22 2 
3 5 12 4 
3 3 20 5 
2 10 5 
4 1 33 26 4 
2 2 4 
3 19 4 2 
3 1 20 5 
4 29 6 24 4 
3 24 6 7 
2 15 6 
5 11 30 22 23 16 
3 2 26 9 
2 9 20 
2 4 20 
2 18 17 
2 6 3 
2 21 13 
2 6 4 
2 3 7 
3 4 31 17 
2 4 20 
2 1 29 
2 5 4 
2 6 13 
2 7 3 

6 11 8 4 6 17 3 
12 5 24 4 14 10 6 13 18 3 15 31 7 
9 9 5 12 34 2 7 19 1 33 
6 17 1 9 10 2 20 
2 3 2 
3 1 13 2 
17 26 2 12 3 11 16 20 23 31 15 32 28 18 8 29 14 33 
5 29 1 7 27 34 
2 3 4 
3 2 21 4 
4 30 7 1 16 
2 3 7 
2 2 6 
2 2 7 
5 2 7 23 22 19 
3 11 22 7 
2 4 1 
4 25 2 21 7 
2 3 15 
4 4 7 26 24 
2 18 10 
4 25 30 15 16 
2 7 15 
3 20 28 2 
3 27 22 18 
2 7 20 
3 8 25 32 
2 24 7 
2 8 7 
2 22 11 
2 7 2 
2 7 27 
2 3 7 
2 3 8 

7 31 28 17 4 30 3 9 
4 8 16 4 3 
7 20 6 2 34 1 5 7 
4 2 5 6 1 
5 34 4 3 21 26 
11 14 4 16 19 8 3 9 15 11 7 18 
4 6 10 14 3 
9 25 15 31 24 6 2 21 12 17 
5 22 10 6 1 13 
4 7 19 9 11 
5 10 13 29 12 6 
2 8 11 
2 9 11 
2 6 7 
4 18 6 20 8 
3 26 2 6 
3 23 8 1 
5 6 32 15 33 27 
3 10 6 24 
4 15 22 32 3 
3 8 5 27 
3 9 20 23 
2 22 17 
5 19 8 25 28 29 
2 24 8 
3 30 5 16 
2 21 18 
2 24 1 
2 11 24 
2 1 26 
3 33 1 8 
2 20 18 
2 18 31 
2 3 5 

9 5 24 11 3 10 7 6 32 15 
8 24 11 4 3 8 25 26 21 
6 28 1 7 4 2 12 
14 18 19 31 14 13 9 5 20 32 10 6 3 2 17 
6 8 1 22 29 4 9 
3 27 4 1 
8 15 22 12 20 1 3 28 14 
5 2 16 25 34 5 
3 5 4 17 
3 1 4 23 
4 13 2 1 31 
2 7 3 
2 4 11 
6 23 29 4 16 7 33 
3 7 34 1 
3 14 18 8 
3 4 21 9 
3 16 19 4 
3 4 18 26 
2 4 7 
3 17 33 2 
2 5 7 
2 10 14 
3 1 27 2 
2 8 2 
2 2 19 
3 6 30 24 
2 3 7 
3 14 30 5 
2 29 27 
2 4 11 
2 1 4 
2 14 21 
2 8 15 

8 3 14 5 8 21 4 33 11 
7 32 7 6 20 3 34 25 
18 13 27 7 8 10 18 9 5 6 17 19 33 15 2 4 22 1 20 
5 1 9 18 21 3 
3 1 14 3 
5 12 3 10 2 28 
6 3 17 11 29 13 2 
2 1 3 
3 23 4 3 
4 12 16 3 6 
4 1 30 7 23 
4 26 28 10 6 
4 24 3 7 15 
4 25 5 1 16 
3 3 27 13 
3 10 24 14 
3 31 7 3 
4 19 3 4 26 
3 3 18 30 
3 22 3 2 
2 4 1 
2 20 3 
3 11 32 9 
3 29 16 13 
2 2 14 
2 18 12 
3 31 3 15 
2 6 12 
3 34 24 7 
2 19 11 
2 17 27 
2 23 2 
2 1 3 
2 29 2 

11 10 9 3 4 24 23 17 19 6 5 15 
2 3 12 
13 14 2 31 18 7 1 34 26 4 9 17 6 8 
8 22 3 33 1 5 15 34 16 
6 4 30 19 25 7 1 
2 3 1 
5 28 5 11 3 8 
3 7 3 21 
6 1 10 3 13 21 12 
7 9 20 13 1 33 18 11 
4 7 14 10 22 
2 2 9 
4 29 10 25 9 
3 11 16 3 
2 1 4 
3 20 14 4 
3 26 3 1 
3 10 3 29 
2 5 1 
4 16 10 27 23 
5 31 9 27 32 8 
5 11 4 32 24 30 
2 1 20 
2 22 1 
2 13 5 
3 3 17 28 
2 20 21 
2 26 7 
2 18 13 
2 22 5 
2 3 21 
2 21 22 
2 10 4 
2 3 4 

2 3 7 
7 7 15 3 32 10 6 4 
15 4 10 8 11 16 2 19 6 13 14 17 22 27 1 5 
10 22 3 8 18 30 5 20 31 2 21 
5 4 17 3 13 26 
7 9 20 19 31 11 2 3 
7 15 2 9 33 23 1 12 
5 28 24 3 4 16 
3 7 6 25 
3 2 18 3 
4 6 12 3 29 
4 7 14 11 23 
2 3 5 
3 3 24 12 
4 2 26 34 7 
2 8 3 
2 5 3 
3 21 4 10 
2 6 3 
3 4 28 6 
3 4 18 27 
2 4 3 
3 7 12 25 
2 8 14 
2 23 9 
5 30 29 5 33 15 
2 3 21 
2 8 20 
2 11 26 
2 4 26 
2 4 6 
1 2 
2 26 7 
1 15 

7 7 11 12 25 4 3 5 
10 28 27 13 31 10 21 6 3 4 16 
7 8 15 1 2 9 29 23 
10 20 7 19 21 18 30 1 2 16 5 
5 6 9 1 4 10 
7 5 8 2 32 20 28 33 
3 4 33 1 
6 3 11 14 22 6 24 
3 3 12 5 
5 27 5 15 24 2 
4 17 1 8 13 
3 9 1 17 
3 2 11 14 
3 8 30 13 
4 3 31 18 10 
3 26 2 4 
5 34 11 29 12 19 
3 22 4 15 
3 4 17 23 
2 6 4 
2 2 4 
2 18 8 
3 19 26 3 
3 25 10 8 
2 1 24 
2 23 16 
2 10 2 
3 2 6 32 
3 3 17 34 
2 4 14 
2 2 15 
2 6 28 
2 6 7 
2 29 17 

7 3 7 14 27 31 22 6 
7 10 29 12 4 16 18 3 
9 19 1 11 6 21 5 4 2 25 
5 9 3 5 11 2 
6 15 23 3 4 7 9 
6 33 3 8 1 13 26 
7 24 8 5 20 25 10 1 
6 14 18 7 17 22 6 
7 23 19 4 29 28 5 15 
2 7 2 
4 3 4 32 12 
8 32 13 21 26 2 11 24 30 
3 12 6 34 
4 17 1 16 8 
3 20 5 9 
2 2 14 
3 14 30 8 
2 2 8 
3 28 3 9 
3 15 7 31 
2 3 12 
2 1 8 
3 9 5 33 
2 7 12 
2 3 7 
2 6 12 
1 1 
3 34 9 19 
2 2 9 
2 17 12 
3 1 20 32 
3 31 11 12 
2 6 23 
2 13 28 

6 18 10 11 5 3 15 
7 12 4 19 3 27 6 31 
12 17 4 6 8 11 2 22 1 30 29 13 5 
4 2 14 3 9 
12 17 3 22 1 20 18 13 7 14 34 23 25 
5 8 24 7 2 3 
7 12 28 6 10 34 5 32 
8 6 19 3 32 15 21 9 24 
2 4 8 
2 1 7 
2 1 3 
5 29 16 26 2 7 
6 33 20 3 5 16 31 
4 21 5 4 25 
3 8 1 30 
2 12 13 
3 5 28 3 
2 1 5 
2 8 2 
2 5 13 
4 8 14 27 23 
2 5 3 
3 5 21 33 
2 8 6 
2 5 14 
2 27 12 
3 2 26 21 
2 7 17 
2 3 12 
2 15 3 
2 13 2 
3 34 7 8 
2 23 13 
3 5 32 7 

3 3 23 22 
9 5 26 6 14 3 4 12 20 18 
7 4 5 9 14 1 2 17 
4 24 3 2 13 
10 10 7 34 6 3 16 2 25 19 24 
8 7 16 5 17 28 8 2 15 
6 6 8 12 27 5 9 
12 7 29 10 6 22 27 33 30 11 23 26 13 
3 3 21 7 
5 15 11 5 8 25 
2 10 8 
3 7 18 2 
5 29 21 8 34 4 
2 2 3 
2 6 10 
5 6 32 31 28 5 
3 19 6 3 
3 2 33 12 
4 20 31 5 17 
3 2 19 32 
2 13 9 
2 1 8 
2 8 1 
2 5 4 
3 5 10 26 
3 25 2 8 
2 7 8 
2 6 16 
2 13 8 
1 8 
2 19 16 
2 16 20 
2 18 8 
2 13 5 

1 3 
6 15 19 16 20 4 3 
10 2 1 5 10 17 4 25 6 15 11 
8 9 21 2 3 8 7 5 6 
9 20 23 3 4 24 31 33 12 28 
16 4 7 29 3 12 8 18 33 26 13 16 10 32 22 9 27 
8 11 26 6 4 14 29 21 18 
5 14 4 24 6 23 
2 6 4 
2 6 3 
2 3 7 
6 6 22 13 5 25 17 
2 12 6 
2 8 7 
2 3 2 
2 6 2 
2 3 12 
5 7 19 6 30 34 
4 2 34 32 18 
2 2 5 
2 7 4 
2 6 12 
2 8 5 
3 30 8 5 
2 12 3 
2 7 6 
1 6 
1 5 
2 7 6 
2 24 18 
1 5 
2 19 6 
2 5 6 
2 19 18 

11 6 3 13 33 7 16 23 5 4 8 30 
1 3 
11 15 25 5 4 33 1 2 28 10 6 19 
5 18 19 1 9 3 
18 20 11 24 12 15 1 13 7 10 18 8 3 17 29 9 27 16 14 
6 30 1 3 29 12 32 
3 21 1 5 
4 14 5 20 1 
4 11 5 31 4 
2 3 5 
4 24 31 9 5 
3 5 27 6 
3 5 32 1 
5 23 5 8 28 25 
3 5 22 3 
3 5 1 17 
3 26 5 16 
2 4 5 
2 3 4 
5 34 5 21 8 22 
3 7 20 26 
2 15 20 
2 14 1 
2 11 5 
3 3 31 14 
4 28 27 21 17 
3 26 5 12 
4 3 26 30 14 
2 5 6 
3 28 1 6 
3 11 25 9 
2 13 6 
2 1 3 
1 20 

2 8 3 
8 3 19 12 4 9 29 14 5 
13 1 13 7 4 28 6 33 25 24 2 11 23 10 
6 21 34 2 5 30 3 
13 29 28 10 6 7 2 31 14 4 27 15 8 11 
6 5 18 9 16 32 3 
2 5 3 
4 18 12 1 5 
5 6 26 13 16 2 
5 22 20 5 3 19 
6 3 32 20 5 17 15 
3 2 8 23 
4 3 17 9 24 
4 30 2 5 22 
3 34 5 11 
2 6 9 
4 25 11 21 13 
4 6 8 27 26 
2 10 2 
2 11 10 
2 4 17 
2 14 10 
2 3 12 
2 13 3 
3 3 34 17 
2 18 9 
2 5 18 
2 5 3 
2 2 5 
2 4 14 
1 5 
2 11 6 
1 3 
3 4 15 25 

2 31 3 
2 4 3 
9 2 6 12 26 4 19 32 5 1 
16 10 9 11 15 16 23 22 26 7 6 21 2 12 5 3 17 
6 29 25 4 33 21 3 
14 10 28 16 3 4 8 20 27 23 7 31 13 9 11 
5 17 4 8 19 6 
2 7 6 
3 18 6 4 
3 6 13 4 
5 4 14 24 15 6 
6 3 4 20 25 28 14 
3 10 6 22 
2 12 11 
7 18 30 29 4 24 33 11 
2 4 6 
2 4 7 
2 15 9 
4 3 32 27 7 
2 6 12 
3 5 31 4 
2 13 4 
2 6 4 
2 11 15 
3 33 12 5 
2 3 4 
2 19 6 
2 6 12 
2 5 15 
1 15 
3 21 6 1 
2 3 19 
3 5 25 15 
0 

7 13 3 4 30 6 17 5 
8 12 7 26 3 18 15 19 9 
17 14 32 21 7 10 34 16 2 6 5 11 1 30 12 8 20 4 
5 3 29 14 1 11 
6 23 34 17 18 1 3 
7 8 13 1 32 3 31 24 
4 9 3 10 2 
4 33 6 19 3 
3 2 15 7 
3 3 33 7 
2 4 3 
5 2 16 20 22 3 
4 25 6 1 26 
3 3 4 23 
3 9 2 28 
4 21 3 22 12 
3 5 1 27 
4 28 5 25 2 
2 2 8 
2 12 3 
3 3 16 30 
2 12 16 
2 14 5 
1 6 
2 13 18 
2 13 2 
1 17 
2 18 15 
1 4 
3 1 3 21 
2 6 34 
3 3 6 34 
2 10 8 
4 31 3 32 5 

6 5 4 3 21 25 16 
3 15 3 25 
18 2 8 10 6 29 15 32 11 27 19 31 1 5 17 14 4 7 33 
9 34 8 13 12 1 3 10 17 26 
7 9 3 22 31 7 6 1 
9 20 11 28 5 30 23 3 9 13 
3 18 3 5 
4 4 14 3 22 
8 18 6 12 21 5 29 32 24 
3 19 3 4 
2 6 3 
3 4 23 9 
3 16 6 4 
3 8 26 3 
3 20 3 2 
4 30 1 13 24 
4 3 4 27 34 
2 9 7 
2 3 10 
4 24 15 6 31 
2 9 1 
2 8 5 
2 6 12 
5 29 20 9 27 16 
2 2 1 
2 4 14 
3 24 17 3 
1 6 
3 9 24 3 
2 6 16 
3 5 3 20 
2 9 3 
1 3 
2 4 17 

5 4 7 8 3 24 
7 5 6 27 3 10 16 12 
10 7 8 25 22 5 1 6 4 2 13 
8 31 1 24 34 9 14 3 16 
9 3 9 14 26 21 2 17 11 19 
3 23 2 3 
9 12 28 32 15 3 17 1 10 19 
2 1 3 
4 4 11 5 20 
8 15 20 2 7 18 21 32 22 
3 5 13 9 
2 7 2 
2 3 11 
5 18 25 5 4 30 
3 10 33 7 
2 4 2 
2 5 7 
2 10 14 
3 7 5 28 
2 9 10 
2 10 5 
2 10 3 
2 33 6 
2 4 1 
2 3 14 
1 5 
1 2 
2 7 19 
0 
1 14 
1 4 
2 10 7 
2 15 23 
1 4 

8 26 34 21 3 16 28 19 11 
7 13 4 5 26 3 8 33 
9 4 15 10 7 1 6 33 14 2 
4 3 5 25 2 
12 6 4 2 10 20 27 18 7 11 8 16 23 
8 28 29 9 19 3 27 5 31 
7 9 21 22 30 3 5 12 
5 5 29 17 2 24 
4 12 7 6 20 
4 17 5 3 15 
2 1 5 
8 13 7 14 22 9 31 32 18 
3 12 2 24 
2 3 12 
4 25 3 10 34 
2 1 5 
4 34 10 31 8 
2 12 5 
2 6 1 
3 9 26 5 
3 1 23 7 
3 7 27 12 
5 30 33 21 29 5 
4 28 13 29 8 
2 4 15 
3 1 20 2 
3 6 5 22 
3 6 24 1 
4 23 6 8 24 
2 23 7 
3 6 12 17 
1 12 
3 23 2 3 
3 1 17 15 

4 7 26 32 3 
12 13 21 14 9 7 4 3 20 5 25 17 8 
18 17 10 5 26 19 9 6 20 8 23 1 4 11 27 13 12 2 31 
3 3 2 19 
7 30 18 2 11 6 16 3 
4 5 14 3 33 
4 29 2 1 16 
5 2 15 3 10 21 
2 2 3 
4 8 3 34 33 
6 29 30 5 3 22 12 
2 3 11 
4 3 15 2 18 
2 2 6 
2 8 13 
2 5 7 
2 3 2 
2 5 13 
2 3 4 
3 23 3 2 
2 8 2 
1 11 
2 3 20 
0 
1 2 
2 1 3 
2 32 3 
1 30 
2 7 11 
3 5 11 28 
1 3 
2 27 1 
2 10 6 
1 10 

13 22 5 11 7 3 29 25 6 4 16 32 21 19 
2 15 3 
10 24 4 17 7 8 6 18 14 2 1 
3 1 3 5 
5 8 1 12 13 4 
3 1 20 3 
7 22 23 9 1 10 3 12 
4 5 10 9 3 
9 13 8 7 20 31 34 18 27 28 
8 7 26 21 14 16 19 11 8 
2 10 1 
2 5 7 
5 30 5 29 31 9 
2 3 10 
1 2 
2 1 10 
5 28 23 3 24 27 
5 3 9 28 25 34 
2 1 10 
2 6 9 
4 24 22 1 10 
3 7 1 21 
2 7 17 
3 17 3 21 
3 18 1 31 
1 10 
2 9 17 
3 17 9 18 
3 32 1 13 
1 13 
3 13 25 9 
2 29 1 
0 
2 9 18 

4 24 9 3 15 
4 4 3 14 30 
14 6 2 1 5 4 10 27 11 26 13 18 17 28 23 
8 12 5 32 2 25 3 7 6 
8 11 7 16 4 24 20 9 3 
4 8 4 33 3 
4 4 8 19 5 
7 6 33 7 13 17 34 10 
5 15 5 29 28 1 
5 3 31 8 12 18 
7 21 27 3 14 5 19 23 
4 10 4 26 20 
2 8 3 
3 15 2 11 
4 30 1 14 9 
4 25 5 32 17 
4 16 3 8 23 
4 24 3 10 33 
2 11 7 
3 12 5 28 
3 27 11 34 
1 26 
3 17 11 3 
3 1 5 18 
2 4 16 
3 3 12 22 
3 11 3 21 
3 9 20 3 
1 9 
2 15 2 
2 10 33 
2 4 16 
4 31 6 8 18 
2 21 8 

8 11 21 20 16 6 29 15 3 
9 26 14 28 3 4 5 8 7 9 
7 7 10 17 2 1 4 5 
5 25 2 22 3 33 
5 26 2 10 3 6 
9 14 34 5 21 12 20 9 11 1 
3 8 3 2 
11 30 18 23 12 27 19 15 7 22 13 2 
3 6 2 13 
4 5 3 16 25 
3 17 6 1 
2 6 8 
3 9 8 16 
2 6 2 
2 1 8 
3 1 13 10 
5 21 11 25 3 22 
2 8 30 
1 8 
3 6 1 22 
3 6 17 1 
5 8 17 20 4 34 
1 8 
0 
3 17 4 10 
2 2 5 
3 29 32 8 
2 2 31 
2 27 1 
2 18 8 
1 28 
1 27 
1 4 
2 22 6 

8 28 14 3 9 23 30 15 7 
8 10 25 12 4 3 29 32 8 
14 12 4 26 2 6 29 34 18 13 5 25 7 19 1 
13 14 20 5 3 22 9 2 6 21 28 17 24 15 
5 4 16 20 10 3 
6 8 3 4 19 16 11 
6 3 30 11 27 13 1 
3 2 21 6 
2 4 1 
2 2 5 
2 6 7 
2 2 3 
2 7 3 
4 1 24 4 18 
3 4 1 31 
4 6 5 23 24 
1 4 
5 30 27 14 19 3 
4 32 18 3 6 
2 4 5 
2 8 4 
1 4 
2 1 16 
4 4 28 14 16 
2 2 3 
3 29 3 31 
3 34 18 7 
3 1 24 4 
3 26 3 2 
3 18 1 7 
4 32 15 26 33 
3 2 31 19 
1 31 
2 27 3 

9 4 6 27 31 22 10 8 3 32 
3 5 11 3 
11 5 19 17 7 2 29 9 8 4 1 6 
4 3 29 1 7 
8 16 13 28 14 3 32 2 24 
5 1 21 30 3 26 
7 12 19 10 34 4 9 3 
10 21 17 30 1 34 22 3 20 12 15 
9 18 28 7 33 3 11 26 25 13 
2 7 1 
4 2 9 18 32 
2 7 8 
3 27 5 9 
3 34 26 5 
2 17 8 
2 5 22 
3 8 3 15 
2 9 11 
2 7 3 
1 8 
2 8 6 
5 8 1 23 24 16 
2 22 31 
2 5 22 
3 33 31 9 
4 9 33 6 14 
2 13 1 
2 5 9 
2 4 3 
2 8 6 
3 23 1 25 
3 1 5 11 
3 25 26 9 
3 14 7 8 

6 15 5 17 25 3 7 
8 20 29 6 32 12 15 4 3 
18 1 16 34 9 8 19 30 2 23 7 26 21 4 5 6 22 28 10 
6 31 27 11 3 8 2 
3 3 1 32 
9 18 2 3 30 26 20 14 22 33 
7 13 11 1 25 19 3 17 
4 24 4 3 9 
2 8 3 
6 18 27 31 3 23 16 
2 7 4 
2 2 25 
6 14 15 33 20 24 7 
2 6 13 
4 1 23 13 2 
2 10 3 
2 7 1 
2 10 6 
2 3 7 
3 6 13 2 
1 3 
2 6 3 
3 15 3 10 
2 13 8 
3 7 12 1 
2 3 6 
2 4 10 
1 3 
1 2 
2 6 3 
2 10 4 
2 2 5 
2 6 13 
1 3 

12 32 27 3 4 16 25 24 10 19 13 5 9 
5 5 19 3 6 8 
14 31 12 17 26 10 4 15 9 2 6 29 1 7 33 
8 7 1 3 34 12 22 30 28 
4 15 2 30 1 
4 8 2 3 14 
3 4 17 3 
2 2 6 
4 3 1 16 10 
6 13 3 9 12 1 33 
0 
4 4 3 10 14 
3 1 10 18 
2 12 6 
2 3 5 
4 21 31 9 1 
4 7 27 3 24 
2 28 13 
2 1 2 
2 23 34 
1 16 
1 4 
1 20 
3 17 29 1 
1 1 
1 3 
2 17 1 
2 18 4 
2 24 3 
2 5 4 
2 16 3 
1 1 
2 10 3 
2 4 20 

9 3 32 7 14 30 5 17 4 26 
7 15 25 18 4 6 16 3 
8 23 5 1 9 20 2 11 30 
11 2 1 14 31 10 9 21 8 12 18 28 
11 6 7 19 12 11 23 22 29 1 28 3 
6 8 32 20 5 19 2 
2 1 5 
10 28 11 14 22 23 18 4 13 24 6 
3 4 11 3 
5 20 21 4 16 25 
4 5 3 8 9 
4 27 5 21 4 
1 8 
3 1 8 4 
1 2 
2 10 2 
5 32 1 31 18 20 
4 17 2 4 8 
2 5 6 
6 10 17 6 34 3 26 
3 4 10 12 
3 8 5 23 
4 3 22 8 5 
1 8 
2 2 10 
2 1 20 
2 29 12 
4 4 5 33 8 
2 5 27 
2 1 3 
2 4 17 
3 1 6 17 
1 28 
1 20 

6 5 4 6 20 3 34 
3 5 3 7 
8 17 18 6 2 24 1 4 11 
7 7 3 1 25 18 10 8 
10 33 22 11 9 2 21 29 1 13 12 
2 1 3 
7 15 2 34 10 33 27 4 
1 4 
5 13 21 16 5 24 
2 7 4 
2 3 5 
4 34 13 5 17 
3 9 12 5 
1 22 
1 7 
1 9 
2 3 12 
2 3 4 
2 31 26 
2 33 1 
3 9 5 24 
3 5 25 14 
1 29 
3 21 9 3 
2 4 22 
2 27 19 
2 7 26 
0 
2 5 23 
0 
1 19 
0 
3 7 5 20 
3 1 7 12 

