12 28 4 23 34 19 11 5 3 17 10 8 6 
2 3 34 
15 6 12 1 2 4 26 10 11 23 5 7 18 20 13 8 
7 15 29 9 14 31 1 3 
6 3 25 1 12 37 16 
6 3 27 36 1 13 7 
5 3 30 9 6 15 
4 3 1 21 25 
4 4 14 7 22 
3 3 38 1 
4 24 3 16 1 
5 3 22 5 20 33 
4 3 6 21 18 
4 9 24 4 19 
2 4 7 
5 31 11 17 5 35 
3 1 27 16 
4 13 30 3 38 
2 1 14 
2 3 12 
3 29 13 8 
2 9 12 
2 1 3 
2 14 11 
5 33 8 5 26 28 
4 36 3 32 25 
4 35 17 6 32 
2 1 25 
2 21 4 
2 7 18 
3 16 4 37 
2 26 27 
2 12 25 
2 2 1 
2 16 27 
2 26 6 
2 31 5 
2 18 10 

9 36 25 38 6 3 4 35 37 20 
2 34 3 
17 7 26 2 9 30 13 5 8 31 16 33 1 28 4 10 11 18 
8 8 1 5 3 6 15 18 30 
9 4 7 36 9 21 11 3 27 14 
4 1 14 13 4 
6 3 12 31 5 10 23 
4 17 3 12 4 
5 5 35 17 33 3 
6 7 3 16 19 24 23 
3 5 3 29 
2 8 7 
6 6 19 15 32 3 22 
3 5 20 6 
2 13 4 
8 27 29 21 3 22 28 38 10 
2 9 8 
2 4 3 
2 13 10 
5 26 32 14 1 24 
3 5 25 16 
2 13 16 
2 7 10 
2 10 20 
3 21 37 1 
2 20 3 
2 5 16 
3 34 16 3 
2 11 16 
2 4 3 
2 3 7 
2 20 13 
2 3 9 
2 2 28 
2 9 1 
2 1 5 
2 25 1 
2 1 16 

1 3 
13 33 12 8 38 26 17 14 18 25 11 3 4 35 
16 18 12 24 6 13 29 1 22 2 20 36 4 30 9 21 5 
13 3 21 23 7 6 29 36 17 2 5 15 16 27 
6 19 3 14 4 8 9 
8 4 34 7 20 28 31 16 3 
5 4 6 22 10 32 
3 10 5 2 
8 15 30 11 13 3 38 32 5 
3 8 35 7 
2 2 9 
4 24 2 34 3 
2 3 9 
3 5 26 2 
5 28 4 25 9 23 
3 4 33 6 
3 37 4 2 
4 37 2 3 19 
2 5 18 
2 3 6 
2 3 4 
3 27 7 3 
2 4 15 
2 3 12 
2 2 15 
2 2 14 
3 22 31 4 
2 6 15 
2 4 3 
2 3 9 
2 27 6 
2 7 9 
2 16 2 
2 6 12 
2 10 2 
2 4 3 
2 18 17 
2 2 9 

4 6 15 7 3 
10 3 5 22 23 10 13 36 38 28 4 
10 23 9 1 5 29 2 8 4 6 22 
8 17 2 7 26 25 11 3 10 
5 8 24 11 3 2 
5 21 1 13 20 3 
3 1 12 4 
5 26 3 5 27 9 
5 15 3 33 17 8 
5 24 4 28 18 2 
10 36 14 20 4 29 12 5 16 31 30 
4 7 18 11 19 
5 32 37 14 6 2 
3 11 19 13 
5 1 37 35 16 9 
2 15 11 
5 21 34 30 9 4 
2 12 10 
6 14 25 35 31 27 12 
2 6 11 
2 6 17 
2 2 3 
2 2 3 
3 10 38 5 
3 19 4 32 
2 4 8 
2 8 19 
2 10 2 
2 3 11 
2 17 11 
4 34 19 11 33 
2 13 25 
2 9 31 
2 31 17 
2 19 15 
2 2 11 
2 15 13 
2 2 24 

1 3 
11 11 19 33 13 3 29 4 6 18 17 8 
10 1 8 2 5 10 16 6 9 4 38 
11 3 11 7 30 28 33 36 2 27 23 5 
12 38 12 31 27 7 4 10 34 29 30 3 9 
2 2 3 
4 19 5 16 4 
2 3 2 
7 12 32 14 5 3 21 15 
2 3 5 
3 4 24 2 
9 26 22 28 35 13 18 5 14 9 
4 15 12 2 23 
4 24 25 9 12 
5 34 20 22 13 9 
5 3 21 26 7 17 
2 16 2 
3 12 2 20 
4 32 25 2 7 
2 15 18 
2 9 16 
2 12 15 
2 4 13 
2 14 11 
5 35 19 14 37 36 
2 16 12 
4 4 31 5 37 
2 4 12 
2 5 2 
2 5 4 
2 27 5 
2 9 19 
2 2 4 
2 5 15 
2 12 25 
2 4 25 
2 27 25 
2 5 3 

16 33 6 14 20 12 15 4 9 5 3 16 19 7 27 22 18 
9 38 5 14 3 18 8 13 9 4 
12 32 17 15 8 13 26 22 2 11 35 10 1 
3 28 2 1 
8 2 1 17 20 24 6 21 11 
10 25 24 26 1 7 34 5 12 23 36 
2 6 1 
4 27 3 2 23 
5 21 1 37 10 2 
3 16 9 3 
2 3 5 
2 1 6 
3 3 19 2 
3 38 2 1 
2 3 1 
3 1 10 35 
3 3 5 31 
2 2 1 
4 30 1 13 25 
3 5 1 32 
3 5 29 9 
5 3 34 1 33 36 
2 6 8 
3 30 5 6 
3 19 28 6 
4 6 29 31 3 
2 8 1 
2 25 4 
2 26 21 
2 19 24 
2 17 26 
2 20 3 
2 22 1 
2 22 6 
2 3 16 
2 6 22 
1 9 
2 14 2 

15 31 3 8 25 7 37 4 26 18 5 10 17 23 15 13 
4 33 3 7 6 
5 2 13 20 4 1 
5 3 9 1 5 18 
9 38 31 8 1 25 11 26 4 6 
5 2 12 10 5 16 
6 15 1 2 34 20 22 
5 1 5 32 12 9 
2 4 8 
8 21 6 11 16 1 28 23 30 
5 10 5 14 24 19 
6 24 8 34 14 6 37 
4 1 22 3 35 
4 28 11 17 12 
3 7 1 27 
2 6 10 
4 1 35 14 19 
3 21 1 4 
6 11 38 27 36 17 29 
2 7 3 
3 10 29 18 
2 13 7 
2 10 1 
2 12 11 
2 1 5 
2 1 5 
2 15 19 
2 14 10 
5 33 32 19 30 21 
2 10 29 
2 5 1 
3 8 29 36 
2 29 2 
2 12 7 
3 37 17 13 
2 19 32 
3 35 12 1 
2 19 5 

6 7 6 31 15 3 34 
6 34 17 8 3 10 4 
14 1 2 38 37 33 8 29 5 4 21 28 12 32 14 
15 31 38 19 26 16 2 12 18 7 6 5 11 13 25 3 
3 3 9 4 
8 37 4 24 17 36 23 1 16 
4 13 18 4 1 
12 9 3 23 26 14 21 10 11 27 24 20 2 
2 8 5 
4 32 25 2 8 
2 8 4 
4 3 19 4 15 
3 4 7 35 
2 3 8 
3 28 12 1 
5 29 4 22 30 6 
4 27 2 20 6 
2 7 4 
3 12 22 4 
2 8 17 
2 8 3 
2 19 16 
2 8 6 
2 8 6 
3 4 35 10 
2 4 8 
2 17 8 
2 3 15 
3 3 30 16 
2 29 16 
2 4 1 
2 3 10 
1 3 
2 2 1 
2 13 25 
1 6 
2 6 3 
2 4 3 

8 5 6 28 32 3 16 17 4 
7 3 14 6 31 26 35 15 
9 10 1 13 4 34 12 21 7 2 
11 24 20 1 31 21 3 5 25 17 19 29 
8 7 4 8 11 12 10 1 15 
10 26 14 27 8 23 1 33 2 37 25 
8 5 3 9 23 28 11 16 27 
3 9 5 6 
3 8 7 22 
3 5 3 30 
2 5 7 
5 13 20 5 33 3 
6 19 12 18 29 3 30 
3 6 18 2 
2 2 5 
3 35 1 7 
2 1 4 
2 14 13 
5 36 22 38 4 13 
2 4 12 
3 3 4 38 
2 19 9 
3 6 7 24 
2 23 4 
3 32 4 6 
2 6 2 
2 7 6 
2 1 7 
2 13 4 
3 13 10 37 
2 4 2 
3 33 25 1 
3 32 6 12 
2 3 36 
2 2 16 
2 34 19 
2 30 6 
2 19 21 

11 3 36 38 11 12 5 4 30 9 16 22 
5 18 3 24 19 7 
4 2 13 1 4 
12 36 29 1 6 10 27 8 7 14 21 3 5 
8 8 6 25 13 31 4 1 33 
5 23 30 4 11 5 
5 28 9 4 2 14 
4 19 12 5 4 
3 10 1 7 
6 15 9 16 26 4 18 
8 17 1 27 22 24 25 6 37 
2 8 1 
7 15 23 37 3 20 28 5 
2 4 7 
6 10 38 34 35 21 13 
5 17 32 10 35 1 
2 16 11 
3 20 2 10 
3 8 26 2 
3 13 18 32 
3 29 15 4 
2 11 1 
3 6 13 33 
2 2 11 
2 5 11 
4 31 10 34 19 
2 11 4 
2 7 13 
2 4 21 
2 1 6 
3 26 5 34 
3 16 20 36 
2 23 5 
3 26 31 15 
2 16 15 
3 1 32 4 
2 13 11 
2 1 15 

12 4 17 32 5 16 3 7 27 9 6 10 11 
13 19 13 8 9 7 37 3 12 14 30 22 15 4 
6 1 2 5 35 21 6 
4 8 14 1 2 
3 16 3 1 
5 35 1 10 19 3 
4 1 2 24 38 
7 32 26 34 23 31 2 4 
7 21 2 23 1 11 12 26 
4 1 25 20 6 
6 9 1 13 38 27 20 
3 22 2 9 
6 17 15 18 11 36 2 
6 31 18 2 30 24 4 
2 2 13 
3 5 29 1 
2 1 13 
3 14 28 13 
3 2 6 33 
2 10 11 
2 3 9 
4 12 37 28 2 
2 8 9 
4 33 7 25 14 
2 10 24 
2 8 9 
2 1 11 
3 29 22 18 
2 16 28 
2 2 14 
2 8 14 
2 1 8 
2 24 19 
1 8 
2 3 6 
1 13 
2 2 22 
2 7 11 

16 7 28 32 8 38 11 4 33 6 3 12 10 5 30 36 14 
2 3 18 
13 33 26 38 21 5 29 1 4 9 2 6 11 15 
5 1 3 8 7 10 
6 1 16 37 12 3 17 
8 13 31 3 27 16 29 9 1 
10 27 1 34 22 28 31 35 4 26 15 
4 4 1 13 14 
3 36 3 6 
3 1 4 34 
4 1 20 3 23 
4 22 1 5 19 
3 18 8 6 
2 1 8 
5 3 19 24 7 23 
5 25 6 17 5 20 
2 5 16 
4 25 2 13 37 
3 15 12 21 
2 16 11 
3 19 3 30 
3 24 12 7 
3 11 32 15 
2 22 15 
2 18 16 
2 3 7 
2 7 6 
2 7 1 
2 6 3 
2 21 1 
2 6 7 
2 1 23 
4 36 3 34 1 
3 10 33 7 
1 7 
3 1 9 33 
2 18 5 
2 1 3 

4 15 4 3 33 
8 36 6 27 17 37 3 19 7 
15 2 5 19 13 18 10 21 1 26 23 8 25 4 17 34 
12 6 13 3 5 21 18 22 7 1 29 11 12 
7 38 4 16 34 8 3 9 
2 2 4 
7 4 20 12 9 14 10 2 
7 35 24 25 11 14 3 5 
3 7 16 5 
3 7 3 29 
3 8 15 4 
2 4 7 
4 22 4 3 28 
3 23 7 8 
2 1 11 
8 27 30 28 31 9 5 24 20 
2 3 2 
2 3 4 
5 31 3 26 38 2 
2 16 7 
3 30 4 3 
3 4 13 32 
2 14 3 
2 16 8 
2 3 8 
3 19 3 37 
2 16 2 
2 16 13 
2 4 10 
2 21 16 
2 19 16 
2 35 22 
1 1 
2 3 5 
2 8 32 
1 2 
2 26 2 
2 19 5 

7 23 4 18 22 3 5 10 
6 3 15 30 5 18 14 
10 37 8 1 23 17 31 2 6 4 27 
11 26 32 3 1 24 28 10 25 35 33 36 
13 33 12 13 6 26 2 8 20 21 16 19 1 7 
8 3 11 15 5 29 7 14 9 
2 6 5 
6 29 5 9 32 31 3 
8 6 17 8 34 11 13 21 20 
4 12 4 1 34 
4 6 27 28 9 
2 10 5 
4 5 16 9 19 
2 6 2 
3 2 6 22 
2 13 5 
2 3 9 
3 1 30 2 
2 13 5 
4 36 5 9 24 
3 5 9 25 
2 1 15 
2 1 3 
3 20 38 4 
2 4 21 
2 5 4 
2 3 11 
4 11 35 33 4 
2 8 6 
2 18 2 
3 32 3 8 
3 8 4 31 
3 28 5 4 
2 10 9 
3 4 36 28 
3 35 20 4 
1 3 
1 24 

2 3 16 
9 9 22 3 29 6 4 10 18 26 
11 11 30 37 14 5 8 6 2 1 4 13 
6 3 5 2 33 20 11 
12 19 7 22 36 23 32 12 4 38 33 28 3 
15 10 8 3 27 2 9 26 24 7 35 13 23 34 12 14 
2 6 5 
5 15 3 38 30 6 
2 6 2 
4 25 16 6 2 
4 3 17 15 4 
6 5 37 6 20 19 25 
2 3 6 
2 3 6 
5 29 18 11 34 8 
4 10 17 1 21 
2 16 11 
3 36 2 15 
4 12 5 31 21 
2 12 4 
2 16 19 
3 5 28 2 
4 5 24 6 31 
2 6 23 
2 10 12 
3 2 38 6 
1 6 
2 5 22 
2 2 15 
2 8 3 
2 23 19 
2 5 35 
2 4 5 
2 6 15 
2 6 32 
3 37 18 5 
3 12 36 3 
3 5 8 26 

5 12 9 4 3 11 
2 3 5 
11 28 9 4 25 8 13 2 6 26 1 11 
13 37 22 3 21 24 5 1 18 10 27 25 35 17 
9 2 6 31 15 7 36 8 38 4 
12 14 7 30 32 5 20 29 21 27 35 33 3 
8 15 19 16 6 10 5 31 14 
4 5 3 18 23 
4 16 34 3 1 
3 4 7 24 
3 3 1 12 
5 1 22 13 20 11 
6 23 17 12 33 28 3 
2 7 6 
2 7 5 
3 7 19 9 
3 4 13 26 
3 8 38 4 
4 32 7 29 16 
2 6 12 
2 6 4 
3 4 34 12 
2 13 8 
2 4 10 
3 27 4 3 
2 17 3 
3 6 4 25 
2 3 13 
2 6 19 
1 6 
3 5 7 32 
3 31 6 19 
2 13 6 
3 9 22 35 
3 6 34 4 
1 5 
1 4 
2 18 5 

2 4 3 
2 3 10 
11 23 18 1 11 6 13 5 32 4 2 15 
7 22 38 1 5 3 8 7 
8 6 7 27 3 38 21 4 9 
12 27 8 32 30 22 19 28 3 13 14 15 5 
3 12 4 5 
5 24 35 9 6 4 
9 34 11 16 5 26 8 10 14 17 
3 2 9 26 
9 9 36 24 16 20 17 34 12 3 
3 18 7 11 
4 36 6 29 3 
2 6 9 
4 3 21 6 20 
5 11 19 9 37 23 
2 9 11 
3 28 12 3 
2 16 6 
3 35 15 11 
2 15 5 
4 4 6 25 33 
2 16 3 
2 11 8 
1 22 
2 10 9 
3 5 6 30 
2 18 6 
2 13 37 
2 6 27 
1 36 
2 3 6 
1 22 
2 9 11 
2 20 8 
3 13 11 31 
2 16 29 
2 4 5 

8 26 8 33 4 3 12 5 38 
3 3 12 11 
10 1 31 8 2 6 27 4 21 9 24 
12 23 26 1 24 36 18 7 5 3 13 28 6 
3 7 4 1 
5 4 15 3 25 20 
17 34 9 17 5 10 27 11 13 15 18 19 4 14 16 20 29 23 
5 14 1 3 10 17 
4 7 36 22 3 
4 19 7 8 34 
3 7 2 25 
6 31 2 16 35 30 1 
2 4 7 
2 8 7 
3 7 21 6 
5 12 7 37 32 22 
2 7 8 
2 7 4 
3 29 10 7 
4 28 6 7 35 
3 30 3 15 
2 9 16 
2 7 4 
5 3 31 4 25 29 
4 6 11 30 24 
3 37 4 1 
3 3 31 7 
3 33 20 4 
3 19 24 7 
3 12 25 21 
4 27 3 24 12 
1 16 
2 28 1 
2 7 10 
2 12 20 
2 9 4 
2 26 16 
1 1 

6 12 9 29 7 3 13 
10 4 26 15 3 31 30 24 33 21 28 
19 18 13 4 6 23 21 10 2 11 1 15 7 36 8 5 25 14 16 12 
8 23 8 26 3 2 5 31 6 
4 10 4 35 3 
5 9 19 4 3 20 
2 1 3 
3 3 25 4 
3 6 24 1 
10 34 11 22 18 5 17 14 30 3 36 
7 10 34 38 16 20 28 3 
3 27 1 3 
4 3 1 17 27 
5 19 3 32 10 22 
2 2 3 
2 3 11 
2 10 13 
2 10 3 
2 14 6 
2 6 11 
2 2 3 
2 14 10 
2 4 3 
2 9 2 
3 32 8 3 
2 2 4 
2 12 13 
4 2 33 11 37 
2 38 1 
2 2 10 
2 4 2 
2 25 14 
2 2 28 
2 10 11 
1 5 
2 3 10 
1 28 
2 29 11 

10 3 6 23 20 16 5 4 14 8 13 
3 3 18 16 
14 11 5 32 1 4 28 10 13 24 2 7 33 38 9 
8 30 12 26 3 17 9 1 6 
4 1 19 10 3 
9 7 1 8 14 4 31 11 25 27 
2 3 6 
3 26 6 1 
6 4 19 23 36 12 3 
6 29 5 21 22 3 37 
2 6 3 
3 4 24 9 
4 15 20 1 3 
7 6 17 15 27 25 1 21 
4 14 13 35 22 
4 18 2 1 31 
3 4 33 14 
4 29 16 2 35 
2 5 9 
2 1 13 
3 10 14 32 
2 15 10 
2 9 1 
2 12 3 
3 14 37 6 
4 33 8 4 35 
2 6 14 
3 38 29 3 
3 18 10 28 
1 4 
2 6 16 
3 21 37 3 
3 17 3 26 
0 
3 26 15 18 
1 9 
3 10 25 32 
2 28 3 

3 4 9 3 
10 27 6 38 26 19 8 7 28 21 3 
11 31 4 14 16 35 37 20 1 18 5 2 
8 7 1 23 3 6 5 8 11 
4 3 28 4 30 
13 25 36 20 13 21 2 9 4 34 30 15 32 29 
6 2 22 15 12 4 10 
8 10 2 34 11 26 27 4 17 
7 22 6 23 1 33 12 14 
3 25 8 7 
3 4 8 13 
3 9 7 32 
6 18 11 37 17 24 6 
3 16 3 9 
4 19 35 6 7 
2 14 3 
2 13 8 
2 13 3 
2 2 15 
2 3 6 
4 6 32 2 34 
3 7 28 9 
3 30 9 4 
2 37 13 
2 6 10 
2 2 8 
2 8 2 
4 34 2 5 22 
1 6 
3 23 6 5 
1 3 
3 21 6 12 
1 9 
4 6 28 8 21 
3 3 36 15 
2 6 35 
4 13 3 24 38 
2 2 37 

4 6 3 11 33 
2 3 4 
7 7 5 8 17 4 2 1 
16 22 3 24 2 25 31 38 29 9 6 23 35 26 37 7 5 
3 23 3 4 
4 10 4 1 8 
11 32 19 3 36 21 34 13 4 15 31 22 
9 9 21 15 16 3 12 18 17 6 
7 8 10 12 30 20 11 4 
4 9 37 6 36 
3 29 9 1 
5 9 13 14 8 18 
6 12 19 28 14 7 33 
3 13 12 28 
7 20 30 16 35 7 8 27 
2 15 8 
5 25 3 26 34 8 
2 8 12 
2 7 13 
3 9 15 31 
2 7 8 
2 7 4 
3 5 24 4 
3 4 23 29 
4 36 33 4 17 
2 4 17 
1 15 
2 13 14 
3 11 24 4 
2 9 15 
3 7 20 4 
1 7 
3 13 25 1 
2 7 17 
2 4 15 
3 7 25 10 
3 10 4 38 
2 37 4 

13 21 3 15 9 7 5 14 33 32 6 10 24 4 
6 11 23 37 25 3 10 
11 7 8 6 1 22 24 4 12 2 9 31 
13 38 8 36 13 3 29 19 17 11 33 1 5 20 
8 18 30 28 1 14 36 4 34 
3 3 1 37 
4 1 3 13 27 
4 4 23 26 3 
5 16 12 3 1 20 
2 1 2 
4 30 15 4 2 
3 3 9 29 
2 7 4 
4 5 27 17 1 
4 19 11 1 16 
4 18 15 9 25 
2 4 14 
2 5 16 
4 4 15 27 32 
3 38 4 9 
1 1 
1 3 
3 8 2 24 
3 3 1 23 
2 16 2 
1 8 
3 19 14 7 
1 5 
2 4 12 
2 11 5 
1 3 
2 1 19 
2 4 1 
1 5 
0 
2 4 5 
2 6 2 
2 20 4 

4 4 32 3 14 
1 3 
9 17 8 4 5 2 15 1 18 6 
9 24 7 1 35 9 25 5 10 3 
10 6 13 38 19 3 11 16 15 4 7 
17 10 12 22 13 3 19 21 26 38 8 16 9 5 20 31 14 36 
3 30 5 4 
13 28 29 37 20 21 6 11 30 32 3 27 17 35 
3 33 4 6 
2 6 4 
3 12 8 5 
4 11 6 18 37 
3 6 5 24 
2 1 6 
4 36 3 5 29 
2 6 5 
2 3 8 
2 3 12 
3 6 5 35 
4 6 38 8 21 
6 6 32 8 22 26 20 
2 6 21 
0 
2 4 13 
1 4 
3 21 6 31 
2 8 28 
2 27 8 
2 8 15 
2 7 8 
3 34 6 26 
3 1 8 21 
1 9 
2 35 31 
4 34 8 19 4 
2 6 15 
2 12 8 
3 20 5 6 

5 10 3 36 5 20 
5 20 4 6 10 3 
8 13 4 6 2 33 21 7 1 
7 23 36 14 9 2 3 5 
10 37 11 8 29 14 25 4 38 1 15 
13 13 7 26 23 15 3 22 12 11 27 2 16 17 
7 8 30 32 3 35 9 6 
4 24 29 5 7 
6 18 4 7 24 26 19 
4 1 2 12 18 
4 5 17 28 6 
3 16 6 10 
6 6 30 19 34 35 3 
3 21 5 4 
2 6 5 
3 6 12 25 
4 11 22 34 6 
2 10 9 
4 13 9 31 27 
3 1 23 2 
2 3 14 
3 23 17 6 
6 28 6 4 22 26 20 
2 9 8 
3 5 16 34 
3 9 6 23 
2 19 6 
2 23 11 
2 5 8 
3 7 33 13 
1 19 
1 7 
2 30 3 
3 13 17 25 
2 7 13 
2 4 1 
1 5 
1 5 

5 38 4 3 37 22 
11 34 31 3 21 5 35 30 23 32 8 24 
11 5 1 16 9 2 6 4 14 11 15 21 
5 27 6 7 1 3 
10 23 12 17 22 10 3 19 2 9 20 
17 36 14 27 3 13 7 37 38 8 25 31 24 16 19 15 4 11 
3 4 10 6 
2 6 2 
2 5 3 
7 12 5 26 17 7 29 18 
4 3 20 6 36 
5 10 5 13 26 35 
3 33 6 12 
2 3 6 
2 6 3 
2 6 3 
2 10 5 
1 10 
4 6 31 5 22 
4 11 34 5 27 
3 31 2 3 
4 1 5 19 28 
4 5 38 25 2 
3 6 2 32 
2 6 23 
2 12 10 
3 6 20 4 
1 22 
1 10 
3 2 33 37 
4 2 6 19 21 
2 24 2 
2 30 13 
2 2 20 
2 2 12 
2 11 6 
3 30 1 6 
3 1 6 23 

6 21 11 12 5 3 7 
12 27 24 9 7 17 23 28 14 3 36 4 13 
18 13 1 9 29 10 5 6 27 25 19 24 26 18 23 2 22 20 4 
6 2 37 8 30 6 3 
6 36 3 1 11 16 19 
8 3 14 12 8 26 4 30 20 
2 1 2 
8 4 22 6 18 34 37 15 10 
2 3 2 
2 3 8 
3 5 33 1 
3 21 1 6 
2 2 3 
2 6 2 
1 8 
1 5 
2 18 2 
4 17 34 3 8 
2 3 5 
3 6 3 29 
3 30 1 12 
2 8 3 
2 3 2 
5 2 25 28 3 32 
4 33 28 3 24 
2 3 6 
2 3 2 
3 24 2 25 
2 3 20 
3 6 4 21 
0 
1 24 
2 11 25 
2 8 18 
0 
2 5 2 
2 4 8 
0 

17 25 5 11 29 3 21 4 19 9 34 17 35 13 26 8 23 27 
4 32 11 3 20 
13 22 7 23 9 20 4 2 8 24 1 38 16 13 
9 5 1 17 24 37 6 22 14 3 
9 33 10 1 7 18 12 6 30 4 
5 4 5 36 34 26 
4 27 3 15 5 
2 1 3 
7 3 15 1 14 31 38 10 
4 5 9 37 28 
3 1 2 12 
2 11 5 
6 15 17 1 3 16 34 
2 9 4 
5 33 7 13 32 9 
2 3 13 
3 1 4 13 
1 5 
1 1 
3 3 32 2 
3 29 1 31 
2 4 3 
5 1 35 3 25 28 
2 4 3 
2 1 23 
2 1 6 
2 1 7 
2 10 23 
3 21 31 1 
1 5 
3 9 29 21 
3 20 15 2 
2 5 15 
5 38 6 1 35 13 
3 1 23 34 
1 6 
3 10 4 38 
4 3 37 9 34 

8 4 5 3 22 31 8 15 37 
7 19 26 18 16 7 9 3 
14 14 28 8 21 25 13 11 1 6 2 12 4 5 20 
16 23 29 27 20 1 19 25 16 3 17 9 6 11 12 31 14 
11 1 10 30 37 21 18 22 7 3 17 34 
2 3 4 
2 2 5 
3 3 28 1 
5 13 10 36 4 2 
2 5 9 
2 4 3 
2 3 4 
2 3 9 
2 3 4 
4 21 1 35 16 
6 28 19 2 15 4 18 
2 5 4 
4 2 16 25 5 
4 31 2 16 4 
2 3 4 
3 3 15 5 
5 32 36 5 1 33 
1 4 
0 
3 4 3 18 
1 2 
1 4 
5 29 30 8 3 16 
2 28 4 
2 5 28 
3 1 4 19 
1 22 
1 22 
1 5 
1 15 
2 22 9 
2 1 5 
0 

4 4 6 3 14 
11 26 18 22 3 8 11 35 29 23 10 19 
9 11 25 2 1 9 13 4 5 6 
6 16 1 3 5 33 18 
6 4 9 22 7 24 3 
9 10 26 32 7 3 34 15 37 1 
4 5 6 24 8 
5 7 31 20 12 2 
3 3 30 5 
2 6 2 
2 3 2 
3 26 8 29 
2 3 32 
5 15 24 35 1 38 
2 14 6 
2 4 30 
0 
2 2 4 
3 2 34 33 
3 35 8 23 
3 32 36 24 
2 5 2 
4 27 38 2 20 
4 5 21 14 7 
1 3 
3 12 6 2 
1 23 
0 
2 2 12 
2 9 16 
2 8 33 
3 13 21 6 
3 4 19 31 
2 6 19 
3 2 14 20 
1 21 
1 6 
2 23 14 

9 24 5 22 6 10 4 23 3 11 
3 4 21 3 
11 2 11 16 18 7 8 5 9 1 15 14 
8 30 1 2 32 9 6 8 27 
3 1 3 33 
9 38 7 4 10 36 22 29 12 1 
2 3 6 
5 25 34 4 13 3 
2 4 3 
10 20 12 6 14 1 28 37 17 21 13 
6 17 19 3 1 25 35 
5 10 21 15 30 6 
2 10 8 
4 27 31 3 10 
5 29 16 33 12 3 
3 36 15 3 
3 28 11 10 
1 3 
1 11 
2 10 38 
6 10 12 2 23 34 32 
3 6 38 1 
2 21 1 
1 1 
3 27 11 8 
1 36 
3 14 25 4 
2 10 17 
2 6 15 
2 12 4 
1 14 
2 4 21 
2 5 15 
2 8 21 
1 11 
3 16 6 26 
1 10 
3 6 22 20 

8 11 3 34 29 22 10 4 17 
11 20 5 14 7 12 9 35 3 6 31 8 
10 2 18 5 25 10 27 6 4 1 11 
6 37 30 3 35 1 28 
7 22 8 16 3 7 20 2 
4 9 2 13 3 
6 5 12 21 2 33 24 
2 5 2 
4 33 6 31 2 
9 13 3 36 14 1 26 12 19 20 
4 18 17 3 1 
7 23 2 26 15 16 10 7 
4 10 32 6 24 
7 2 19 17 29 21 10 20 
2 35 12 
3 27 5 12 
3 14 11 1 
2 11 3 
2 10 14 
7 5 2 14 10 25 28 37 
2 14 7 
2 1 5 
1 12 
3 13 34 7 
2 20 3 
2 10 12 
3 28 16 3 
6 4 31 20 30 38 27 
3 14 37 1 
2 28 4 
3 9 2 28 
1 13 
3 35 9 7 
2 1 24 
4 2 33 4 15 
1 10 
3 29 4 20 
1 28 

7 20 3 21 28 4 35 18 
5 22 3 5 8 6 
13 16 30 2 4 1 32 13 34 6 10 7 24 5 
2 1 3 
2 2 3 
7 11 37 2 7 27 3 35 
2 3 6 
6 24 2 30 25 16 26 
3 29 31 26 
3 37 3 34 
3 19 6 33 
7 14 15 32 17 19 23 13 
4 38 3 15 12 
2 12 27 
4 12 13 18 36 
2 8 3 
2 21 12 
2 1 15 
3 23 12 11 
1 1 
3 1 17 32 
1 2 
2 19 12 
2 3 8 
3 8 28 38 
2 8 9 
2 6 14 
2 25 1 
1 9 
2 3 8 
1 9 
3 21 3 12 
1 11 
2 10 3 
3 1 6 36 
2 35 15 
2 10 6 
2 13 25 

5 19 23 4 18 3 
5 10 7 3 29 6 
14 8 22 5 26 2 9 7 12 20 4 32 13 25 1 
5 1 30 5 3 8 
6 3 30 4 6 24 11 
2 5 2 
7 3 20 2 8 18 9 33 
7 28 4 7 9 22 12 3 
12 8 25 14 23 7 15 10 11 19 12 24 3 
5 2 19 31 13 9 
5 5 9 16 36 14 
4 3 9 37 8 
6 17 10 23 38 31 3 
5 9 15 26 11 29 
2 14 9 
2 17 11 
4 26 21 13 16 
4 38 7 25 1 
3 9 10 1 
2 3 7 
2 17 34 
2 8 3 
3 13 9 1 
3 27 9 5 
3 18 3 9 
3 17 3 14 
4 32 33 24 29 
1 8 
4 2 27 14 30 
3 5 29 4 
2 10 13 
2 27 3 
2 7 27 
1 21 
1 36 
2 35 11 
1 12 
2 13 18 

6 14 24 8 3 4 7 
12 3 16 11 5 9 25 20 7 29 6 34 12 
16 20 2 9 30 26 10 1 5 23 8 4 13 18 17 16 24 
11 19 34 10 35 36 3 21 29 1 22 17 
2 2 3 
7 10 21 11 36 26 12 2 
5 20 17 37 1 2 
4 9 3 13 1 
3 3 8 2 
7 17 14 6 24 4 15 3 
4 21 6 31 2 
3 2 6 27 
12 14 37 36 23 8 15 31 16 3 22 27 28 
6 19 10 16 35 13 1 
3 25 13 10 
5 13 18 14 2 3 
5 38 3 7 10 4 
2 16 3 
2 4 14 
5 3 35 33 2 7 
4 11 4 6 29 
2 4 13 
5 28 13 33 3 34 
5 10 3 32 34 1 
2 2 15 
2 6 3 
2 13 12 
3 38 13 23 
3 4 21 2 
1 3 
2 11 13 
1 24 
2 20 23 
4 24 2 4 23 
3 4 20 14 
3 13 4 6 
2 13 7 
2 17 28 

3 5 6 3 
18 15 11 31 10 13 12 3 17 25 16 28 27 22 8 7 4 6 32 
14 10 14 16 9 5 2 18 24 20 26 13 4 7 1 
2 2 3 
3 3 6 1 
8 26 1 37 15 19 2 14 5 
4 3 21 37 2 
7 2 18 11 23 31 27 22 
4 13 28 3 33 
3 2 12 3 
2 2 8 
3 2 10 28 
4 3 2 9 25 
3 15 6 3 
3 2 6 14 
4 3 35 30 2 
2 2 32 
3 8 3 36 
2 6 32 
1 3 
1 7 
3 2 33 8 
1 8 
2 3 27 
2 2 13 
3 3 31 6 
3 8 2 24 
3 2 9 12 
1 38 
1 16 
3 2 8 26 
3 19 17 2 
2 9 22 
0 
1 16 
2 38 18 
2 7 6 
2 36 29 

11 22 35 9 32 3 4 10 14 27 5 8 
8 10 7 4 20 3 6 29 11 
2 2 1 
6 19 11 24 34 1 2 
6 26 1 8 9 15 36 
2 2 23 
2 29 2 
7 35 36 14 12 1 5 27 
3 34 1 5 
2 1 2 
2 4 2 
2 8 31 
0 
5 1 8 37 33 21 
5 23 5 18 25 35 
2 19 17 
4 16 33 37 30 
2 21 15 
5 30 4 16 22 20 
2 19 2 
2 18 14 
2 1 19 
2 6 15 
4 29 4 32 28 
1 15 
1 5 
2 1 8 
1 24 
4 7 2 38 24 
3 17 38 19 
1 12 
2 24 1 
2 14 17 
2 9 4 
3 15 1 8 
2 5 8 
2 17 14 
2 29 30 

8 4 25 3 18 31 12 33 13 
0 
7 1 17 5 21 37 15 27 
5 8 1 6 21 22 
5 3 7 30 11 18 
6 9 33 36 4 15 19 
2 13 5 
5 25 4 16 38 12 
10 35 25 34 6 24 26 12 13 17 19 
1 31 
4 28 16 36 5 
5 8 9 1 30 14 
6 18 1 7 37 9 20 
1 12 
2 6 3 
3 11 31 8 
5 29 33 38 9 3 
4 5 13 26 1 
5 32 24 9 6 23 
2 13 23 
2 4 3 
1 4 
2 20 19 
3 34 19 9 
3 9 8 1 
2 9 18 
2 3 28 
2 27 11 
1 17 
2 5 12 
3 16 10 1 
1 19 
3 1 17 6 
2 9 24 
1 9 
2 11 6 
2 3 13 
2 8 17 

0 
8 30 21 14 15 38 9 22 3 
15 11 17 2 5 16 23 6 35 19 29 4 28 7 8 34 
3 5 10 3 
8 23 4 24 13 36 7 6 3 
5 29 5 10 3 26 
8 3 8 20 9 5 30 34 31 
5 11 7 12 20 3 
5 2 28 14 7 32 
3 4 15 6 
6 27 24 8 3 16 19 
3 26 8 17 
3 32 22 5 
3 33 9 2 
4 2 10 27 18 
2 3 11 
2 12 3 
2 15 37 
5 21 25 3 36 11 
2 8 7 
2 2 19 
2 13 2 
2 5 3 
2 5 11 
2 19 35 
2 12 6 
2 15 11 
2 9 3 
2 6 3 
2 7 2 
1 7 
2 13 9 
3 14 38 37 
2 7 3 
2 25 3 
2 19 5 
2 33 18 
2 33 2 

14 26 29 21 3 10 11 7 13 22 4 15 35 24 34 
5 30 6 7 3 20 
10 4 2 24 32 20 12 1 23 5 8 
13 12 30 3 5 34 6 1 27 21 38 33 36 37 
10 23 15 29 13 9 19 3 33 4 22 
3 16 2 4 
6 25 8 2 10 18 1 
4 3 31 9 7 
4 8 5 27 11 
4 16 1 28 7 
3 9 14 1 
6 19 4 25 31 3 37 
4 5 1 18 14 
2 11 13 
3 5 17 1 
4 10 17 6 38 
2 15 16 
3 28 13 7 
2 5 12 
2 3 2 
2 1 4 
3 26 5 1 
2 5 3 
4 35 1 36 3 
3 32 12 7 
2 22 1 
2 4 9 
2 10 18 
2 1 5 
2 4 2 
2 12 8 
2 3 25 
2 4 5 
2 1 4 
2 1 24 
2 24 4 
2 12 4 
2 4 16 

15 29 22 11 19 4 24 3 8 9 7 31 5 6 16 36 
1 3 
12 12 5 2 9 4 1 27 18 7 16 10 25 
8 6 37 8 1 3 15 18 14 
3 12 1 3 
2 4 1 
3 23 1 3 
5 4 13 1 11 30 
10 13 10 35 24 22 3 27 23 20 1 
5 37 3 14 9 20 
2 1 8 
5 29 5 34 3 33 
5 9 17 8 36 15 
4 19 4 21 10 
3 26 4 13 
4 17 25 3 1 
3 13 16 31 
4 33 28 4 3 
4 1 30 21 14 
4 10 38 9 28 
2 19 14 
2 1 9 
2 9 7 
6 38 35 1 26 9 32 
2 16 3 
2 24 15 
2 3 9 
2 18 20 
2 12 1 
2 19 8 
4 32 34 1 17 
2 24 31 
2 12 18 
2 12 31 
2 9 24 
2 1 13 
2 10 4 
2 24 20 

7 3 8 12 31 17 4 5 
11 7 3 11 28 37 5 22 26 9 10 4 
10 37 1 36 16 11 2 12 23 18 14 
7 13 2 9 6 1 16 7 
9 19 10 15 1 2 20 13 35 6 
4 5 29 4 25 
4 4 2 28 8 
3 24 7 1 
4 4 14 2 24 
3 2 36 5 
2 2 3 
6 29 21 1 33 20 3 
3 33 4 5 
4 9 30 15 3 
4 5 14 26 17 
2 4 3 
6 19 18 1 15 22 30 
3 17 3 21 
5 5 17 23 38 34 
3 32 12 5 
2 18 12 
4 27 25 2 17 
3 19 3 38 
2 8 9 
5 31 27 34 22 6 
3 15 2 35 
3 22 32 25 
2 2 7 
2 12 6 
2 17 14 
2 1 25 
2 27 20 
2 13 12 
2 19 25 
2 5 26 
2 3 10 
2 3 2 
2 23 19 

15 23 14 20 34 22 28 3 10 24 37 19 6 4 29 5 
10 20 31 27 17 3 18 30 14 7 34 
9 2 5 27 1 6 8 11 4 25 
14 21 33 10 38 8 36 32 16 1 29 13 19 7 3 
7 12 18 9 1 23 16 3 
5 12 1 3 15 9 
6 11 33 35 2 4 26 
5 15 4 13 3 28 
2 6 5 
2 4 1 
2 3 7 
3 6 26 5 
2 8 4 
4 31 2 1 21 
2 6 8 
4 4 24 5 17 
3 2 30 16 
3 38 2 5 
2 1 4 
2 1 2 
4 4 14 22 25 
2 1 21 
3 5 37 1 
2 1 16 
2 3 21 
3 12 7 35 
2 3 2 
2 1 8 
4 32 36 1 4 
2 2 17 
2 14 2 
2 4 29 
2 7 4 
2 1 2 
2 7 26 
2 4 29 
2 1 23 
2 4 18 

4 14 10 25 3 
8 11 4 19 37 26 5 13 3 
13 20 6 4 5 27 1 2 9 12 10 24 28 13 
7 7 8 16 2 33 3 17 
15 38 2 8 6 29 21 30 35 32 23 3 15 28 33 7 
2 5 3 
5 5 31 4 18 9 
4 18 4 5 36 
6 37 31 36 12 3 7 
6 21 11 16 1 15 3 
2 10 2 
4 3 19 9 17 
5 3 22 24 14 2 
5 20 27 26 13 1 
2 5 10 
3 32 10 4 
3 12 38 4 
2 8 7 
3 2 12 22 
3 29 3 14 
4 5 23 25 10 
3 13 34 19 
2 5 21 
3 35 13 3 
2 1 21 
2 14 2 
3 3 30 14 
3 34 3 5 
2 20 5 
2 5 27 
2 9 7 
2 16 5 
2 5 4 
2 22 28 
2 24 5 
2 9 8 
2 2 9 
2 5 17 

13 4 8 9 11 16 19 17 3 5 18 34 15 23 
11 38 4 10 5 33 16 27 12 3 6 29 
5 21 6 1 36 2 
8 25 1 32 2 7 30 27 20 
3 31 2 1 
8 9 13 7 2 24 8 29 3 
3 6 38 4 
9 14 12 10 1 28 11 6 17 33 
3 14 6 1 
3 15 2 8 
9 34 25 28 22 1 8 37 31 13 
2 8 2 
3 6 11 35 
4 8 9 35 18 
5 24 10 1 22 26 
2 2 1 
4 8 19 36 1 
2 14 1 
5 26 17 1 20 37 
5 21 30 19 23 4 
2 20 3 
2 11 15 
2 1 20 
2 15 6 
2 4 11 
2 15 19 
2 4 2 
2 8 11 
2 6 2 
2 4 20 
3 32 11 5 
2 31 4 
2 8 2 
2 11 1 
2 14 13 
2 3 17 
2 19 11 
2 2 7 

10 4 22 5 18 7 6 23 36 3 9 
6 3 33 34 4 36 11 
7 7 24 13 25 2 1 10 
5 1 2 11 37 5 
10 34 6 10 1 19 16 4 15 32 14 
9 29 9 1 28 8 20 22 5 17 
6 14 1 3 26 12 8 
3 12 7 6 
7 15 13 16 24 1 6 17 
4 3 21 5 33 
3 2 35 4 
3 7 20 8 
3 3 19 9 
6 31 5 25 18 28 7 
2 9 5 
4 5 27 35 9 
4 6 30 21 9 
3 1 14 26 
3 5 37 13 
6 6 12 38 23 32 31 
3 30 17 10 
2 1 6 
2 1 20 
3 9 3 27 
3 14 29 3 
2 18 7 
2 24 16 
2 14 6 
2 25 6 
3 38 21 17 
2 20 14 
2 5 20 
2 2 10 
2 2 5 
2 11 16 
2 2 1 
2 19 4 
2 30 20 

4 7 4 17 3 
25 21 25 22 15 10 17 37 5 8 34 4 29 31 6 19 24 9 13 11 33 12 20 14 27 3 
3 12 2 1 
13 2 27 5 1 20 36 14 6 9 10 25 15 13 
4 2 30 4 11 
5 18 26 4 7 2 
7 37 8 35 6 36 1 16 
2 2 7 
5 2 4 19 24 16 
6 2 38 26 32 31 4 
3 35 5 2 
4 22 2 23 3 
3 2 4 23 
4 4 2 21 18 
3 30 2 4 
4 32 28 9 7 
2 1 2 
2 14 6 
2 2 9 
2 2 4 
2 14 2 
2 12 2 
2 13 12 
2 9 2 
2 4 2 
4 10 6 29 33 
4 4 28 38 2 
2 27 16 
2 26 2 
3 15 5 34 
2 2 10 
2 16 10 
2 26 2 
2 30 2 
2 7 11 
2 7 4 
2 2 7 
2 10 27 

5 13 3 5 19 4 
4 3 35 15 12 
15 37 35 4 9 5 7 30 10 1 20 11 6 17 2 8 
6 14 6 3 7 1 23 
6 10 16 37 1 3 32 
8 8 17 12 15 27 3 4 19 
4 3 22 34 4 
8 25 9 36 20 6 11 13 3 
4 8 26 3 24 
4 24 5 23 3 
6 3 21 16 25 8 26 
4 14 2 18 6 
4 8 27 22 1 
4 4 38 18 12 
3 28 6 2 
3 11 5 32 
2 6 3 
3 36 12 14 
4 1 21 28 6 
2 3 8 
2 11 19 
4 34 7 13 33 
3 4 29 10 
4 33 9 10 38 
3 29 8 11 
3 11 9 31 
2 13 6 
4 31 19 30 15 
2 25 23 
2 28 3 
2 26 28 
2 5 16 
2 24 22 
2 7 22 
2 3 2 
2 8 18 
2 3 5 
2 14 24 

8 35 3 22 8 9 11 7 13 
4 3 26 16 4 
11 31 4 1 18 5 2 20 24 23 15 28 
8 6 19 12 2 5 21 3 25 
9 8 6 3 15 29 26 4 14 30 
11 32 27 5 35 38 7 10 18 25 4 11 
4 6 22 9 1 
6 36 33 1 28 10 5 
4 17 7 19 1 
4 14 8 12 6 
5 20 6 37 1 13 
6 10 17 4 34 16 21 
3 24 1 11 
4 23 5 10 30 
3 5 32 3 
2 2 12 
2 9 12 
3 37 3 6 
3 4 29 9 
2 3 11 
3 31 12 4 
2 1 7 
3 27 3 14 
3 36 3 13 
2 6 4 
3 38 5 2 
2 23 6 
2 3 8 
2 19 5 
2 5 14 
2 21 3 
2 6 15 
1 8 
1 12 
2 1 6 
2 8 24 
2 18 11 
2 26 6 

1 3 
7 21 15 4 5 11 23 3 
12 27 26 10 12 31 22 5 17 1 4 2 14 
8 9 2 13 7 6 22 3 16 
13 2 38 19 3 8 9 23 6 31 33 18 30 7 
6 4 35 5 8 29 28 
4 19 18 4 5 
11 34 6 14 35 21 15 24 30 17 10 5 
6 12 4 32 5 25 24 
7 3 26 25 11 16 13 8 
4 20 2 27 10 
2 3 9 
3 10 33 4 
2 8 3 
3 36 2 8 
3 10 36 4 
4 8 38 3 20 
2 5 7 
3 28 7 5 
3 11 34 17 
2 2 8 
3 3 32 4 
2 5 2 
2 8 9 
3 10 9 29 
2 10 3 
3 11 3 37 
2 19 6 
2 6 25 
3 8 33 5 
2 3 5 
2 22 9 
4 5 34 13 30 
3 20 33 8 
2 8 6 
2 15 16 
1 27 
2 17 5 

8 13 37 20 5 8 17 3 11 
16 33 20 7 9 6 18 19 5 38 24 3 4 12 37 32 16 
12 23 2 17 28 6 4 29 18 7 14 10 1 
6 21 3 2 30 33 31 
8 14 11 2 35 10 1 36 9 
7 38 3 19 2 35 28 12 
5 3 2 8 22 31 
3 1 7 15 
3 5 2 24 
4 3 25 34 5 
5 1 32 5 21 13 
6 16 25 36 15 2 6 
3 1 11 27 
3 3 26 5 
4 29 8 12 26 
2 12 2 
3 22 3 1 
3 3 2 34 
2 2 6 
3 30 2 1 
2 4 11 
3 7 17 23 
3 3 27 22 
2 2 9 
2 10 12 
2 15 14 
2 23 13 
2 3 6 
2 15 3 
2 20 4 
3 7 4 37 
2 2 11 
2 2 4 
2 18 10 
2 5 6 
2 5 12 
3 31 2 1 
2 6 2 

3 11 26 3 
12 35 15 5 34 37 28 4 18 3 8 10 7 
13 22 4 9 12 6 32 5 20 24 21 2 1 33 
13 15 7 14 3 16 6 17 8 11 33 29 23 2 
3 3 37 2 
5 12 26 18 4 3 
2 4 2 
5 10 9 14 4 2 
2 3 8 
3 2 13 8 
4 32 4 1 19 
6 27 38 19 13 6 3 
7 23 17 20 22 12 21 10 
4 24 4 16 8 
2 4 2 
3 4 14 25 
3 13 35 4 
2 6 2 
3 11 12 31 
3 13 3 27 
2 13 3 
5 25 13 38 30 3 
2 13 4 
2 3 14 
2 16 22 
4 1 30 28 6 
2 12 20 
2 26 2 
1 4 
2 26 22 
1 19 
2 11 3 
2 3 4 
1 2 
2 17 2 
0 
2 2 5 
2 12 22 

6 3 19 4 5 18 35 
2 7 3 
16 37 25 11 32 9 4 12 13 22 14 6 17 8 2 1 24 
9 1 25 3 16 36 9 5 23 10 
9 15 12 6 24 13 1 4 20 14 
10 30 10 11 27 3 5 18 7 36 8 
5 16 6 19 2 21 
4 3 21 6 28 
2 4 3 
5 29 4 15 6 38 
4 22 3 6 37 
2 3 5 
5 17 32 20 3 5 
2 5 3 
2 5 10 
3 7 4 28 
3 13 31 3 
4 6 33 31 1 
3 23 1 7 
5 5 29 13 33 26 
2 8 7 
5 34 26 11 3 27 
2 4 19 
2 5 3 
3 38 4 3 
2 20 22 
2 6 22 
5 16 29 8 34 31 
4 28 36 20 10 
1 6 
3 28 18 17 
3 13 36 3 
2 18 20 
2 22 28 
1 1 
4 6 4 32 29 
2 3 11 
2 10 25 

17 11 4 26 6 14 27 8 12 35 32 16 10 5 21 7 3 23 
2 7 3 
14 30 2 4 8 10 5 1 12 18 38 21 9 36 6 
9 24 33 19 3 23 35 31 22 1 
2 3 1 
5 1 18 3 9 34 
3 1 2 15 
3 3 1 17 
3 3 13 6 
8 13 1 3 15 22 11 31 28 
5 37 10 1 14 25 
5 38 20 19 3 1 
6 9 10 16 29 36 33 
4 25 11 37 1 
6 26 10 27 20 24 7 
3 13 17 1 
3 16 8 32 
3 3 6 34 
2 4 12 
2 12 15 
2 1 3 
3 28 4 10 
2 1 4 
2 4 15 
2 14 11 
3 34 15 1 
2 1 15 
2 22 10 
2 30 13 
2 3 29 
3 10 4 35 
2 1 17 
2 13 4 
3 6 26 18 
3 1 4 31 
2 3 13 
2 14 11 
2 3 12 

1 3 
13 14 37 3 5 6 4 22 8 20 9 7 12 25 
6 4 18 2 11 1 35 
9 3 24 6 10 5 11 2 12 15 
5 4 2 15 32 22 
16 33 26 35 17 9 32 8 16 20 36 7 27 4 10 2 14 
6 31 28 23 2 30 6 
7 13 18 26 6 33 2 23 
3 2 13 6 
3 4 6 28 
6 19 29 3 4 17 25 
2 2 4 
2 8 9 
2 2 6 
7 24 38 4 5 30 16 19 
2 6 15 
4 11 21 6 27 
2 8 3 
3 11 38 15 
3 21 6 2 
2 17 20 
2 2 5 
2 8 7 
2 4 15 
3 11 2 29 
3 8 6 30 
2 17 6 
2 10 7 
2 11 25 
3 7 26 15 
1 7 
2 6 5 
2 8 6 
0 
2 3 6 
1 6 
1 2 
2 15 19 

15 5 3 19 30 28 6 25 17 7 24 22 10 20 33 13 
13 3 31 9 26 7 36 14 35 11 28 5 23 4 
9 15 38 4 6 8 2 25 13 1 
4 3 2 9 22 
2 2 1 
6 12 16 1 11 32 3 
12 1 19 27 34 18 12 15 10 8 2 16 23 
4 14 20 3 7 
2 4 2 
3 17 7 1 
4 2 6 29 18 
4 7 36 27 6 
2 1 3 
4 34 21 2 8 
4 3 7 35 37 
2 6 7 
2 10 1 
3 21 7 11 
2 1 7 
3 37 8 1 
4 31 14 24 18 
2 4 1 
2 2 7 
3 1 21 34 
3 3 1 34 
2 2 36 
2 12 7 
4 37 2 29 1 
3 28 31 11 
1 1 
3 29 21 2 
1 6 
1 1 
4 7 14 25 24 
2 15 2 
3 26 2 12 
3 20 15 28 
1 3 

7 7 3 10 9 33 6 5 
4 11 26 3 4 
14 4 27 10 28 18 38 8 2 6 26 20 1 37 30 
9 24 3 13 2 12 15 21 5 17 
12 21 1 18 23 16 35 15 9 19 7 24 4 
6 16 12 3 8 1 34 
5 29 5 32 1 11 
2 6 3 
4 1 17 14 5 
5 14 3 31 20 1 
4 7 2 36 13 
2 6 4 
4 4 22 11 28 
2 10 9 
6 32 4 19 37 27 5 
4 5 6 23 29 
3 9 34 4 
3 3 5 25 
3 22 15 5 
2 3 10 
2 5 4 
2 19 13 
2 16 5 
4 5 4 30 26 
3 18 38 33 
3 24 2 3 
2 3 15 
3 13 3 29 
3 28 16 7 
3 32 3 24 
1 10 
3 7 15 30 
2 25 1 
2 6 17 
1 5 
1 11 
2 3 15 
2 25 3 

2 22 3 
19 11 33 17 4 14 12 25 38 35 24 9 3 21 6 30 8 28 5 23 
13 13 27 31 14 34 28 15 1 5 4 8 38 2 
13 18 30 9 2 3 27 10 34 11 24 6 7 37 
7 12 2 10 3 15 26 19 
11 35 23 26 32 2 13 29 31 16 7 4 
2 6 4 
3 3 17 2 
3 4 2 18 
5 5 4 32 29 16 
2 4 2 
2 2 5 
4 20 3 19 6 
2 3 2 
3 22 3 5 
2 6 10 
2 8 2 
2 4 9 
4 5 21 13 20 
2 19 13 
2 19 2 
3 15 25 1 
2 2 6 
3 2 36 4 
2 2 22 
2 6 5 
2 4 3 
3 31 2 3 
4 6 10 30 33 
4 4 2 29 35 
4 6 28 3 38 
2 6 10 
2 2 29 
2 4 3 
3 2 6 30 
1 24 
1 4 
3 3 31 2 

7 6 8 4 26 5 24 3 
2 31 3 
17 32 11 15 2 28 4 26 5 6 1 14 18 12 8 7 16 34 
4 17 1 22 3 
14 27 22 14 9 10 3 25 17 35 23 36 1 30 13 
7 32 36 3 12 1 19 7 
7 6 3 9 15 31 21 34 
6 1 10 38 11 3 20 
4 19 25 7 5 
3 23 8 5 
4 8 13 3 38 
5 37 6 16 3 21 
2 5 11 
4 3 5 24 20 
3 18 3 7 
3 3 29 12 
7 28 29 37 4 35 5 27 
2 15 3 
2 6 9 
2 14 8 
2 7 12 
2 5 4 
2 10 5 
4 1 37 14 25 
4 24 9 36 5 
2 1 3 
3 17 33 5 
2 3 17 
2 16 17 
1 5 
2 7 2 
3 6 3 36 
1 27 
2 3 7 
2 17 5 
4 5 6 32 25 
3 12 24 17 
2 8 11 

6 36 4 21 8 5 3 
9 14 31 26 11 25 19 24 37 3 
18 5 10 9 23 37 22 11 1 2 19 4 8 13 31 6 7 15 20 
5 1 18 7 3 10 
13 3 33 6 35 9 17 1 36 28 32 22 16 12 
6 25 5 3 27 30 26 
2 4 3 
2 3 1 
3 14 3 5 
6 34 13 4 12 20 3 
3 17 3 2 
2 5 10 
2 10 3 
11 24 27 15 23 2 34 18 16 9 32 38 
4 33 35 3 14 
3 29 14 5 
2 11 5 
2 14 4 
2 3 2 
4 30 10 33 3 
1 1 
2 3 5 
3 14 33 3 
2 2 14 
2 2 6 
2 6 2 
2 6 14 
1 5 
1 16 
2 20 6 
2 3 2 
2 14 5 
4 23 15 20 5 
2 10 14 
2 15 5 
2 5 1 
2 3 2 
1 14 

13 28 4 19 25 34 3 14 35 36 18 5 9 17 
2 3 31 
14 2 32 28 5 8 21 23 6 26 33 13 4 24 1 
9 3 6 29 34 22 1 7 30 26 
8 12 20 1 10 18 11 15 3 
5 3 35 12 4 7 
11 37 21 11 9 24 32 4 8 33 6 27 
2 3 7 
7 15 7 10 1 13 37 16 
5 16 30 9 19 5 
3 7 36 5 
6 23 22 17 5 27 6 
3 14 9 3 
2 1 13 
2 9 5 
2 10 9 
2 1 12 
2 5 1 
2 10 1 
2 5 21 
4 28 20 7 3 
2 4 12 
3 3 12 29 
3 30 7 3 
1 1 
2 4 3 
2 12 7 
3 21 3 1 
2 23 4 
3 4 10 24 
1 2 
2 7 3 
3 3 38 7 
2 1 4 
2 6 1 
2 11 1 
2 9 7 
1 33 

5 25 3 14 22 6 
4 11 3 22 4 
17 17 5 4 31 15 8 9 37 1 6 16 2 36 20 35 13 7 
10 5 2 12 23 27 29 33 14 15 3 
11 19 3 28 10 12 7 20 37 4 16 30 
5 26 3 18 1 36 
8 8 5 3 10 28 21 38 9 
4 7 13 3 11 
4 18 3 7 24 
4 34 19 5 7 
3 8 2 25 
2 5 4 
4 8 3 26 33 
3 17 4 1 
5 4 3 30 23 24 
3 5 3 31 
2 3 14 
4 6 29 20 9 
2 10 5 
3 3 18 5 
2 38 7 
2 2 1 
4 15 38 25 4 
2 15 9 
3 11 23 1 
2 6 13 
1 4 
2 5 7 
3 18 31 4 
2 5 15 
3 29 16 3 
0 
2 13 4 
1 10 
1 3 
2 3 6 
2 3 5 
3 21 7 23 

2 15 3 
14 7 24 5 20 4 15 31 28 22 3 14 16 30 12 
16 2 8 35 38 11 22 1 14 19 27 4 12 7 36 9 5 
3 2 3 6 
7 28 2 3 8 10 33 6 
4 13 5 4 9 
7 37 10 3 33 13 2 29 
9 19 16 23 17 36 31 3 25 5 
2 6 3 
9 11 25 5 26 7 20 24 34 18 
3 3 21 10 
3 3 21 2 
4 23 7 18 6 
5 2 17 3 37 34 
2 1 2 
2 2 8 
3 14 32 8 
2 10 13 
2 8 3 
4 10 2 21 27 
3 12 11 20 
2 3 2 
3 29 13 8 
2 2 10 
3 10 8 38 
1 10 
5 3 32 35 20 34 
2 5 2 
2 7 23 
1 2 
2 2 8 
2 17 27 
2 7 5 
3 14 27 10 
2 3 27 
2 3 8 
2 7 14 
2 3 25 

8 10 31 3 11 4 21 26 12 
7 5 9 3 4 32 34 13 
17 22 16 9 18 5 25 6 33 14 27 36 29 2 20 11 1 7 
3 2 1 30 
10 35 3 22 6 7 23 15 12 2 28 
5 8 21 3 5 17 
6 3 27 19 5 18 8 
3 38 7 6 
4 13 3 2 10 
3 9 24 1 
2 3 1 
10 15 5 37 1 33 23 30 19 36 14 
7 26 20 28 17 9 2 29 
3 12 16 3 
2 5 12 
2 3 14 
3 6 13 26 
3 3 7 38 
2 12 7 
2 13 3 
4 30 6 1 32 
2 5 3 
3 12 27 5 
2 29 10 
1 3 
3 13 1 17 
3 3 23 7 
2 5 13 
5 3 13 35 24 32 
3 21 12 4 
1 1 
3 29 2 21 
2 3 12 
1 2 
2 29 5 
2 12 3 
1 12 
2 8 18 

13 10 3 5 37 19 17 27 24 14 36 4 8 7 
8 34 10 9 11 29 30 18 3 
17 23 8 13 6 5 15 2 26 24 20 29 11 21 1 7 14 4 
2 3 1 
7 1 15 25 6 37 9 3 
4 3 26 19 5 
4 17 3 16 1 
3 1 3 30 
6 25 12 2 32 5 16 
5 12 27 13 1 2 
2 3 2 
3 10 9 34 
3 10 3 28 
2 3 1 
2 3 5 
3 7 9 24 
2 1 7 
2 38 2 
2 6 1 
2 3 25 
1 3 
1 31 
1 3 
3 1 16 3 
3 5 20 9 
3 3 6 35 
3 32 10 1 
1 13 
2 2 3 
2 8 2 
2 34 22 
2 9 27 
0 
4 2 37 31 12 
1 26 
1 1 
3 1 34 5 
1 18 

8 27 6 8 4 3 5 37 15 
5 35 9 21 17 3 
5 5 7 1 4 2 
10 26 3 18 1 24 12 6 38 11 9 
9 25 8 3 1 7 11 10 15 16 
3 4 31 1 
7 3 13 12 23 14 5 17 
2 1 5 
5 2 4 18 13 10 
3 9 24 5 
3 4 5 31 
7 14 7 16 27 32 20 4 
2 9 7 
3 7 23 12 
4 1 18 20 5 
3 21 12 5 
5 2 36 22 28 7 
5 31 15 4 35 9 
0 
4 15 12 22 38 
2 2 16 
2 20 17 
3 7 31 14 
5 32 10 38 4 35 
1 5 
1 4 
3 33 12 1 
1 17 
1 33 
0 
4 6 23 11 18 
2 24 12 
2 29 27 
0 
3 2 18 24 
1 17 
1 1 
3 24 20 4 

5 5 3 38 7 13 
11 23 12 31 3 4 29 38 28 35 8 11 
18 8 22 10 33 9 6 28 1 7 31 5 37 21 26 4 15 2 13 
3 34 3 2 
13 33 34 3 11 14 37 19 15 1 6 18 20 36 
5 10 3 12 5 30 
2 1 3 
7 23 17 16 9 21 3 2 
7 16 18 24 3 25 17 8 
4 3 36 6 20 
3 26 5 2 
2 2 6 
8 3 29 1 33 19 25 28 30 
1 5 
2 3 5 
10 37 29 9 8 21 22 23 30 19 28 
3 8 20 9 
2 5 9 
4 16 5 13 22 
3 5 17 10 
4 16 8 3 36 
3 19 16 3 
4 2 16 8 26 
2 33 9 
2 13 9 
3 3 11 23 
0 
6 3 2 32 16 38 13 
3 13 16 2 
4 6 13 34 16 
2 3 2 
3 36 34 28 
5 24 13 5 35 3 
4 4 5 30 32 
2 33 2 
4 32 5 21 10 
3 3 5 16 
3 28 1 2 

5 26 5 9 3 11 
12 6 5 4 11 21 13 14 28 3 7 22 35 
7 13 29 30 4 14 2 1 
11 19 7 3 2 17 36 8 18 15 31 23 
7 6 24 9 16 2 1 27 
2 2 5 
7 8 4 18 28 25 2 10 
4 30 4 7 16 
3 10 5 1 
8 9 22 31 17 21 7 12 19 
2 1 2 
3 32 10 25 
3 3 14 2 
4 13 19 3 2 
1 4 
3 5 22 8 
4 4 30 32 10 
2 4 7 
4 27 4 14 10 
0 
3 2 27 10 
4 29 2 10 16 
2 4 24 
2 23 5 
2 12 7 
1 1 
3 21 5 19 
2 2 7 
3 22 3 35 
3 3 8 17 
2 10 4 
2 12 17 
0 
0 
2 2 29 
1 4 
0 
0 

8 12 26 15 4 38 3 7 20 
2 3 8 
9 13 31 37 1 2 4 5 10 14 
9 5 1 13 27 34 6 12 7 3 
10 32 28 10 23 3 4 15 6 19 9 
4 8 4 5 16 
8 32 11 20 1 9 33 4 17 
3 16 6 2 
2 5 7 
2 5 3 
4 12 7 38 15 
3 4 1 11 
2 3 4 
3 3 20 38 
9 32 11 5 27 36 37 29 34 1 
2 8 6 
4 20 35 25 7 
0 
1 5 
5 7 1 17 14 26 
0 
3 23 34 24 
4 33 37 22 5 
2 32 22 
1 17 
2 20 1 
3 15 4 33 
1 5 
1 15 
0 
1 3 
4 7 5 24 15 
3 7 23 27 
3 15 4 22 
1 17 
1 15 
3 3 15 23 
3 14 1 11 

18 22 8 33 4 3 31 7 14 21 5 15 27 26 6 38 11 12 28 
4 14 3 9 24 
11 16 10 24 17 25 4 2 5 7 1 18 
4 1 6 11 3 
4 3 1 25 21 
8 8 38 4 26 1 17 12 15 
3 9 1 3 
2 6 1 
2 2 7 
2 11 3 
8 10 14 19 4 24 1 18 21 
6 35 24 30 29 6 1 
8 22 33 25 17 18 29 28 26 
4 37 1 11 2 
2 6 1 
1 3 
6 13 21 22 36 6 3 
4 25 11 13 3 
1 11 
0 
6 17 11 1 23 5 31 
3 17 13 1 
1 21 
4 11 3 2 12 
4 3 5 13 18 
5 35 27 13 6 1 
3 34 1 26 
3 13 30 1 
2 12 13 
3 28 12 38 
2 1 21 
1 36 
2 13 1 
1 27 
2 26 12 
2 17 32 
1 14 
3 6 30 1 

9 33 4 11 15 3 10 28 7 6 
10 21 27 9 23 8 7 16 3 32 11 
13 1 12 13 37 25 5 14 4 22 20 6 8 2 
4 5 3 18 1 
4 3 19 31 4 
3 1 19 3 
10 2 20 13 25 9 1 18 17 16 14 
2 3 2 
7 7 2 30 35 31 10 13 
5 9 32 18 16 1 
7 27 36 23 13 1 29 2 
3 3 20 19 
6 11 9 7 3 29 37 
2 7 3 
2 1 20 
7 28 30 7 34 10 36 2 
4 23 34 7 22 
4 4 7 19 10 
4 5 18 6 12 
4 15 3 7 12 
2 32 2 
2 3 17 
3 17 2 11 
0 
3 35 7 3 
0 
2 2 11 
2 1 16 
2 13 11 
2 16 9 
3 33 9 5 
3 10 2 21 
2 31 1 
2 16 17 
3 9 25 37 
2 11 16 
3 13 35 3 
0 

8 4 20 26 7 3 8 12 25 
1 3 
17 6 21 14 9 7 26 13 1 37 24 19 30 2 5 4 20 35 
7 6 3 5 34 25 17 1 
6 4 12 31 9 11 3 
7 10 4 3 23 27 15 28 
2 3 1 
4 1 10 30 26 
3 3 5 34 
4 15 33 8 6 
4 12 38 5 29 
5 22 1 11 5 32 
1 3 
2 3 24 
6 27 26 10 24 6 21 
4 17 29 31 30 
2 16 4 
0 
2 36 3 
3 34 3 1 
4 3 23 35 15 
1 12 
4 28 36 6 21 
3 15 3 14 
2 1 4 
4 8 15 1 3 
3 35 15 6 
2 6 23 
2 11 16 
3 16 3 8 
2 5 16 
2 12 37 
1 10 
3 20 9 4 
4 27 3 38 21 
2 19 23 
2 3 32 
2 35 11 

3 3 17 6 
7 5 8 3 33 38 4 19 
12 4 7 35 8 2 6 38 1 21 10 15 9 
8 5 2 9 26 3 11 33 16 
11 11 24 4 13 16 29 20 32 17 2 7 
2 3 1 
3 8 5 3 
5 3 10 24 2 7 
5 16 17 3 4 13 
12 34 16 36 38 8 3 11 14 22 15 23 27 
4 10 5 4 18 
2 32 18 
3 29 5 9 
3 10 19 22 
3 31 3 10 
4 5 9 10 4 
3 9 5 1 
5 21 33 35 12 11 
4 36 37 2 14 
1 5 
3 18 3 28 
2 14 10 
2 10 30 
2 5 8 
1 29 
2 33 4 
1 10 
1 21 
3 13 25 5 
2 32 23 
1 15 
3 30 5 12 
4 2 26 4 18 
2 38 10 
2 3 18 
2 10 19 
1 19 
4 2 34 10 3 

1 3 
16 8 16 34 9 17 6 10 21 29 4 26 38 36 3 11 31 
11 18 7 4 13 15 5 25 6 20 1 2 
13 3 31 11 37 10 14 23 12 24 5 9 2 19 
2 3 4 
3 23 2 3 
3 10 3 18 
2 26 2 
9 4 29 34 37 2 13 12 19 14 
6 28 7 12 31 2 4 
5 31 15 4 21 2 
4 14 4 9 10 
4 25 9 32 3 
3 4 9 12 
4 11 37 3 20 
4 30 2 18 22 
3 23 27 2 
3 7 16 3 
3 4 22 9 
2 3 15 
2 11 2 
3 25 16 19 
4 24 4 6 17 
3 4 23 28 
5 27 13 3 30 22 
3 8 2 36 
2 17 25 
3 24 36 10 
2 9 2 
2 25 16 
6 11 10 34 2 35 4 
1 13 
0 
3 9 2 31 
1 31 
3 26 28 2 
3 9 15 4 
1 2 

6 9 7 3 12 6 5 
17 27 34 14 24 20 3 5 8 15 16 7 19 21 6 13 4 33 
7 1 10 2 4 17 36 8 
2 2 3 
6 7 1 2 22 30 14 
3 8 1 2 
5 2 1 5 13 28 
6 2 3 35 36 12 6 
1 1 
4 19 27 3 33 
3 20 18 22 
4 8 38 16 1 
5 15 25 7 17 2 
5 23 21 32 5 2 
2 2 13 
4 2 32 24 12 
2 3 13 
3 26 11 33 
3 10 27 2 
2 2 11 
3 37 2 14 
2 11 5 
1 14 
3 2 35 16 
1 13 
1 18 
6 28 2 29 19 34 10 
2 7 27 
2 27 30 
2 5 29 
0 
2 16 14 
3 2 18 10 
2 2 27 
2 24 8 
2 3 8 
1 21 
1 12 

16 31 8 4 19 16 37 7 11 10 28 3 36 17 21 27 5 
5 6 13 3 29 27 
2 1 2 
7 23 14 9 13 28 1 25 
3 26 37 1 
4 2 18 38 24 
5 11 12 16 22 1 
1 1 
4 17 10 21 4 
5 30 18 1 11 9 
3 7 10 1 
4 7 31 29 28 
5 23 4 2 31 20 
3 4 15 19 
2 30 14 
4 36 32 1 7 
4 26 1 25 9 
2 6 10 
4 14 22 35 1 
1 13 
2 1 9 
2 7 19 
2 13 4 
3 35 6 38 
2 4 17 
6 5 37 27 34 17 32 
3 1 2 26 
4 4 1 29 12 
3 12 28 2 
3 15 33 10 
3 12 13 1 
2 16 26 
1 30 
1 26 
2 19 24 
2 1 16 
3 26 5 1 
2 24 6 

7 6 14 3 37 5 7 12 
0 
10 5 9 10 24 1 13 8 4 26 14 
3 20 3 12 
12 6 3 32 18 28 14 22 16 12 23 7 1 
2 1 5 
3 15 1 5 
8 34 21 15 35 22 33 3 9 
6 19 25 8 33 3 11 
2 20 3 
1 9 
6 5 1 17 4 18 37 
2 3 31 
5 1 5 24 3 25 
3 8 7 36 
3 30 5 32 
1 12 
2 5 12 
1 9 
2 4 10 
2 8 35 
5 23 30 34 5 8 
3 22 26 5 
3 3 29 14 
2 9 14 
2 3 23 
1 38 
1 5 
1 24 
2 22 16 
1 13 
2 5 16 
2 8 9 
2 8 22 
2 8 21 
1 15 
3 38 1 12 
2 27 37 

0 
6 36 3 15 4 18 8 
7 30 2 21 4 6 7 14 
9 26 18 13 5 2 30 3 9 17 
9 4 34 9 16 11 17 29 28 10 
7 19 16 12 31 10 3 24 
7 29 19 3 13 8 32 37 
4 2 28 7 23 
2 5 4 
4 11 20 5 6 
4 5 10 23 38 
2 24 6 
10 22 15 7 27 31 4 21 35 25 33 
1 3 
2 13 2 
3 6 5 22 
3 5 26 4 
3 4 20 2 
2 6 7 
4 18 10 36 25 
2 13 3 
3 27 16 13 
2 11 8 
2 12 6 
4 35 20 38 13 
2 4 17 
2 22 13 
3 32 5 8 
2 7 5 
3 33 3 4 
2 13 6 
3 7 34 28 
2 13 30 
2 32 5 
2 13 25 
2 2 20 
1 7 
2 25 11 

5 32 5 3 4 13 
3 9 3 4 
13 2 5 11 34 8 29 6 26 14 18 15 1 21 
7 24 27 11 20 2 7 1 
7 1 17 10 3 6 13 29 
14 5 17 23 3 30 9 25 33 8 19 20 7 12 18 
6 12 30 22 16 6 4 
2 6 3 
6 37 19 6 2 35 10 
3 9 26 5 
2 3 4 
6 14 6 15 7 38 22 
6 5 28 16 23 21 1 
3 3 24 12 
2 3 12 
2 13 7 
2 5 6 
2 3 6 
3 9 6 38 
4 6 27 4 32 
4 13 25 35 3 
2 7 12 
2 13 6 
3 14 4 36 
5 6 21 36 28 34 
2 10 3 
2 20 4 
3 31 25 13 
3 5 37 3 
3 7 6 31 
2 28 30 
3 20 33 1 
2 32 6 
2 3 25 
2 21 9 
2 24 25 
2 29 9 
2 12 19 

4 35 3 8 20 
6 7 13 3 15 36 4 
15 1 23 2 6 28 34 21 14 4 19 9 8 16 24 5 
10 26 17 27 35 2 12 36 5 3 22 
7 6 15 19 4 38 3 7 
7 12 3 11 5 9 10 23 
7 29 17 21 2 32 5 13 
2 3 1 
7 11 20 32 25 10 6 3 
3 14 9 6 
2 9 6 
8 18 6 24 16 4 37 31 33 
3 38 2 7 
4 18 3 10 22 
2 2 5 
2 12 3 
3 4 7 30 
3 30 14 12 
2 3 5 
3 1 33 9 
6 27 31 25 7 28 3 
3 14 4 29 
2 3 6 
3 12 3 26 
3 21 9 37 
2 4 24 
2 21 4 
2 3 21 
2 7 22 
2 18 17 
2 12 21 
2 9 7 
3 34 12 20 
2 33 3 
2 4 1 
2 2 4 
2 25 12 
2 5 13 

3 9 4 3 
2 3 12 
14 1 13 5 10 28 9 6 12 11 8 4 15 2 7 
18 28 35 17 8 34 14 27 37 15 11 19 23 32 6 7 3 1 5 
4 4 3 26 18 
4 16 3 18 4 
2 4 3 
5 10 25 31 3 4 
4 3 1 17 16 
8 8 25 3 33 21 14 13 31 
2 3 4 
2 3 2 
2 3 10 
5 23 22 4 30 10 
3 4 20 3 
5 6 19 22 9 26 
5 20 33 27 4 9 
2 5 6 
6 36 16 4 21 24 38 
2 17 15 
2 19 10 
2 14 16 
3 24 4 14 
2 19 23 
6 38 10 30 8 34 29 
2 16 5 
3 4 29 17 
2 3 4 
2 25 27 
4 25 32 36 14 
3 10 35 8 
2 30 4 
2 10 17 
3 25 4 37 
2 31 4 
2 19 30 
2 34 4 
2 19 25 

12 38 31 22 7 4 5 3 23 10 32 36 15 
8 9 30 26 8 3 5 4 34 
7 2 20 6 16 1 9 14 
6 17 27 2 21 1 15 
19 34 32 1 7 26 37 12 17 8 27 6 10 22 11 16 38 25 23 2 
4 3 35 5 19 
4 14 1 5 33 
3 2 11 5 
5 33 13 2 24 3 
6 35 1 20 24 21 5 
5 5 12 13 8 18 
3 30 5 11 
3 37 9 11 
5 3 18 28 25 7 
3 28 4 1 
2 5 3 
3 4 5 19 
3 29 11 14 
3 6 36 17 
3 10 31 3 
2 10 4 
2 5 1 
2 5 1 
3 9 10 29 
2 5 14 
2 5 2 
2 5 4 
2 15 14 
2 24 18 
2 12 2 
2 1 20 
2 5 1 
2 7 9 
2 5 2 
2 6 10 
2 1 19 
2 13 5 
2 5 1 

18 4 8 22 21 3 10 36 28 24 11 18 15 7 30 23 9 6 13 
2 3 17 
13 27 15 21 4 6 34 5 7 18 38 20 2 1 
7 26 33 3 5 13 1 32 
4 12 9 4 3 
5 8 11 3 1 25 
6 10 24 31 20 1 3 
4 6 14 19 1 
2 1 5 
4 7 12 29 1 
4 28 1 16 6 
4 10 5 17 34 
8 1 26 4 35 37 32 14 16 
5 27 13 30 8 22 
3 19 1 3 
2 11 13 
2 2 12 
2 1 3 
3 8 15 25 
2 7 3 
2 1 3 
4 1 23 14 31 
3 22 1 37 
2 1 7 
3 19 6 38 
3 29 13 4 
3 14 3 36 
2 1 11 
2 26 10 
2 1 14 
3 22 7 35 
3 33 4 13 
2 4 32 
2 3 12 
2 31 13 
2 27 1 
2 13 23 
2 25 3 

5 3 4 38 25 9 
1 3 
13 14 9 1 6 4 10 38 33 27 11 2 29 5 
19 1 13 34 31 7 14 24 3 20 37 12 5 30 15 22 8 16 26 36 
9 13 16 6 11 4 10 15 3 26 
5 17 7 34 5 3 
9 4 23 6 28 18 32 8 20 12 
8 21 37 35 25 22 7 29 4 
2 1 3 
6 3 36 30 5 19 35 
4 28 24 3 5 
4 4 7 18 23 
2 5 4 
4 3 17 4 27 
2 4 5 
3 4 5 19 
3 14 21 6 
2 7 12 
2 16 10 
4 32 4 33 7 
2 17 8 
2 4 8 
2 7 12 
2 4 11 
2 8 1 
3 4 31 5 
2 3 14 
2 7 11 
2 3 8 
2 4 10 
2 26 4 
2 7 20 
2 3 20 
2 6 4 
2 10 8 
2 4 10 
2 8 4 
2 3 1 

1 3 
5 28 4 24 3 30 
14 26 32 23 12 1 5 9 2 21 7 15 4 17 6 
23 19 16 25 35 37 18 17 3 12 2 11 24 10 15 33 22 7 21 14 5 6 8 30 
3 3 4 9 
9 13 29 4 34 8 26 3 10 20 
7 36 16 32 4 3 13 29 
3 4 11 6 
4 25 31 5 3 
3 4 6 19 
2 4 8 
3 14 3 4 
2 6 7 
4 31 12 4 22 
2 3 4 
3 4 27 7 
4 4 18 20 3 
3 33 17 4 
2 10 4 
3 6 17 28 
3 3 4 23 
2 14 4 
2 3 21 
2 2 4 
3 4 9 34 
3 3 6 27 
2 16 26 
2 2 20 
3 6 37 7 
3 2 35 4 
3 9 14 38 
2 7 3 
2 18 4 
2 6 25 
2 30 4 
1 7 
2 29 4 
1 31 

8 3 9 4 36 12 20 18 13 
4 7 3 17 35 
13 4 29 21 5 15 10 2 7 24 6 1 35 11 
8 28 6 11 5 3 14 1 20 
4 28 3 33 4 
5 4 3 31 13 8 
10 27 2 10 23 15 26 19 3 8 16 
5 31 9 6 25 7 
4 18 30 8 1 
6 21 7 26 34 3 19 
7 4 22 25 23 12 17 3 
3 11 14 1 
2 6 1 
5 4 36 12 27 30 
4 3 16 7 38 
4 7 38 15 22 
3 11 2 34 
4 24 1 9 29 
4 10 37 32 7 
2 1 4 
2 3 10 
2 16 11 
2 11 7 
2 18 3 
3 33 8 11 
2 7 10 
2 14 7 
2 4 5 
2 18 3 
3 9 14 32 
2 6 8 
2 30 19 
2 25 5 
4 10 38 17 36 
2 2 3 
3 14 1 34 
1 19 
3 15 16 34 

4 3 4 10 18 
15 7 14 33 22 25 3 23 15 31 13 9 8 24 4 17 
7 20 32 1 2 13 5 12 
10 2 9 21 29 1 30 5 8 6 19 
12 17 3 4 36 10 6 15 7 12 26 11 28 
3 4 14 5 
2 5 2 
4 2 4 19 20 
3 11 2 4 
7 16 23 29 5 1 25 22 
2 5 9 
2 5 3 
4 16 3 2 36 
5 21 2 18 6 24 
3 5 34 2 
2 13 10 
4 35 5 28 2 
4 14 26 35 1 
2 8 4 
2 3 8 
4 14 4 32 31 
2 2 10 
3 10 2 34 
3 14 27 2 
4 2 10 37 27 
3 5 18 37 
2 24 25 
2 5 17 
4 33 10 30 4 
3 29 4 38 
2 2 21 
2 21 3 
2 29 2 
3 23 15 37 
2 17 18 
2 5 13 
3 25 26 34 
1 30 

7 19 23 38 15 3 18 16 
12 14 24 11 10 7 17 27 31 20 3 4 23 
12 2 30 7 17 4 6 27 5 9 16 1 19 
11 9 5 6 28 3 22 2 8 25 26 34 
7 32 15 3 12 38 4 28 
3 21 4 3 
4 3 26 2 8 
7 35 33 12 22 4 10 7 
7 11 24 36 31 4 3 13 
4 13 2 29 8 
4 33 2 29 9 
3 8 14 5 
3 10 18 9 
3 2 25 12 
3 5 20 1 
3 3 1 37 
3 37 3 2 
2 13 1 
3 1 21 3 
2 15 2 
2 6 19 
3 8 4 30 
5 1 35 32 2 34 
2 9 2 
2 14 4 
2 7 4 
2 2 3 
2 4 5 
2 10 11 
2 3 22 
2 2 9 
3 5 38 23 
2 11 8 
2 23 4 
2 8 23 
1 9 
2 16 17 
3 5 32 1 

7 5 26 4 17 34 3 36 
3 23 6 3 
16 1 35 23 11 13 27 8 10 15 29 14 7 4 12 22 2 
6 5 25 3 24 1 36 
13 8 24 10 9 1 32 4 6 11 17 7 13 20 
4 5 14 22 2 
4 3 9 5 20 
3 38 3 5 
2 7 5 
5 5 16 18 31 3 
4 5 15 12 3 
4 35 3 37 11 
2 5 3 
4 18 6 26 3 
4 25 11 16 3 
7 29 15 19 28 10 33 21 
4 19 1 5 21 
5 10 27 31 37 14 
3 17 30 16 
2 5 7 
4 17 32 33 16 
2 6 3 
2 2 3 
2 4 5 
3 4 15 28 
2 14 1 
3 3 18 30 
2 16 25 
2 3 16 
2 27 19 
3 36 18 10 
2 5 21 
2 16 21 
1 1 
2 12 3 
3 1 4 31 
2 12 18 
1 8 

2 3 11 
3 13 3 4 
10 5 29 1 17 16 4 2 18 33 7 
8 6 2 28 3 5 8 14 33 
16 9 25 20 37 16 4 7 24 32 31 10 34 3 11 6 15 
16 26 12 10 37 35 23 28 36 15 9 14 18 8 19 4 5 
2 5 3 
3 38 6 4 
4 17 6 5 22 
4 13 5 6 12 
6 20 21 27 5 1 25 
4 6 22 10 34 
3 29 2 10 
2 6 4 
3 6 26 5 
5 3 19 27 5 24 
2 9 3 
2 6 3 
4 6 16 23 32 
4 21 11 31 5 
2 20 11 
4 12 30 36 9 
2 6 19 
3 5 30 16 
2 5 11 
2 6 15 
4 35 11 38 16 
2 4 6 
2 3 13 
2 22 24 
2 5 20 
2 5 19 
3 4 3 34 
3 5 12 33 
2 6 27 
3 38 22 6 
2 5 6 
3 8 27 36 

2 4 3 
12 9 37 30 3 7 13 6 26 5 24 10 8 
10 12 22 5 1 11 4 37 2 31 32 
13 1 6 13 16 17 7 14 28 26 3 8 27 21 
2 3 2 
4 25 4 15 2 
8 18 2 12 9 10 20 4 34 
3 4 2 15 
2 2 7 
3 2 11 7 
4 3 10 17 14 
8 36 35 7 3 16 28 29 25 
3 2 4 18 
4 4 30 11 19 
3 38 8 6 
2 12 4 
2 11 4 
9 13 27 32 22 20 19 7 34 21 
4 18 14 23 24 
3 7 18 33 
2 18 4 
3 3 23 18 
2 19 22 
2 2 19 
2 6 12 
2 2 4 
2 4 18 
2 4 12 
1 12 
2 14 2 
1 3 
2 18 3 
1 20 
2 18 7 
1 12 
1 12 
2 2 3 
1 15 

8 22 10 29 28 36 12 3 23 
15 4 3 27 11 25 30 35 14 8 12 20 24 33 10 7 
9 19 2 16 29 1 4 5 8 34 
11 19 5 32 17 18 23 9 6 13 3 2 
6 16 6 9 3 7 4 
6 5 4 38 15 24 25 
6 22 18 5 26 2 11 
4 2 21 3 31 
2 5 4 
2 1 2 
4 13 2 7 15 
3 1 14 2 
2 4 11 
3 12 2 33 
2 6 11 
4 5 17 20 3 
3 4 16 26 
2 7 4 
3 30 4 3 
6 2 36 34 21 27 16 
2 20 8 
3 1 38 7 
2 4 1 
3 32 2 6 
3 2 6 28 
2 17 7 
5 35 33 2 31 20 
4 36 25 1 29 
3 3 1 28 
2 19 2 
2 27 8 
2 24 4 
3 2 14 27 
2 20 3 
2 2 27 
3 1 20 28 
1 38 
3 6 22 37 

7 3 10 4 11 6 15 8 
2 13 3 
17 23 12 18 9 4 5 6 35 1 28 2 17 15 27 19 8 22 
11 9 21 22 36 20 1 11 16 5 13 3 
5 4 25 7 3 30 
8 21 3 7 26 14 1 23 32 
5 12 29 28 6 5 
5 18 3 31 17 1 
4 10 4 3 16 
5 9 1 38 20 14 
5 33 4 27 24 1 
2 7 3 
3 26 4 2 
2 10 6 
4 34 25 1 3 
2 9 4 
5 37 8 19 30 3 
5 3 8 33 34 24 
2 17 3 
2 10 4 
3 29 6 4 
4 4 35 3 36 
2 3 6 
3 32 18 11 
2 15 5 
2 6 13 
4 11 37 3 35 
2 7 3 
2 21 7 
3 5 31 17 
2 30 8 
3 24 37 6 
2 11 18 
2 15 18 
3 3 22 27 
2 4 22 
3 27 17 32 
1 10 

2 13 3 
8 4 32 34 20 5 3 6 25 
19 21 31 13 36 4 23 38 15 35 19 11 2 17 16 9 10 25 12 1 
9 5 8 7 9 6 29 3 22 2 
7 4 7 11 2 17 22 23 
3 8 2 4 
4 10 15 4 5 
4 16 4 35 6 
2 3 4 
4 3 7 30 31 
5 29 3 12 14 5 
10 3 14 18 11 33 26 37 34 24 27 
3 1 3 26 
3 11 12 20 
2 3 7 
4 19 18 8 3 
2 3 5 
2 16 12 
3 16 3 28 
4 33 2 21 14 
4 20 24 38 3 
4 4 30 5 27 
2 3 5 
2 21 12 
2 3 2 
2 13 12 
5 12 37 22 38 31 
1 19 
2 11 4 
2 10 22 
3 27 3 10 
1 2 
2 12 20 
2 12 2 
2 8 3 
1 3 
2 27 12 
3 21 3 27 

6 15 3 6 8 23 21 
12 22 27 38 19 4 16 5 14 30 3 7 25 
22 5 19 21 4 2 15 10 38 12 18 11 24 22 26 20 7 6 28 1 9 31 8 
5 9 11 14 2 3 
5 3 34 2 24 31 
5 17 36 12 1 3 
6 3 17 13 2 30 10 
2 3 1 
4 13 36 3 4 
5 37 16 18 3 7 
2 4 3 
3 3 6 25 
3 20 9 7 
2 4 2 
4 3 35 1 28 
3 10 29 2 
2 7 6 
2 3 10 
6 3 2 32 35 23 33 
3 3 13 34 
3 32 3 1 
2 3 2 
2 19 1 
2 3 5 
3 2 32 12 
1 3 
4 36 28 37 2 
3 15 27 3 
1 16 
2 7 2 
2 5 3 
3 19 25 21 
1 19 
2 5 20 
2 19 15 
3 27 9 6 
2 27 10 
2 3 2 

3 4 3 31 
15 17 15 29 20 27 4 3 5 18 26 34 23 8 6 7 
14 1 10 33 2 13 22 7 23 19 9 21 18 5 16 
3 2 1 25 
9 11 6 30 37 2 3 20 15 34 
4 2 5 25 14 
8 3 9 29 13 2 12 8 28 
4 2 22 24 7 
5 10 3 16 7 35 
7 9 36 3 11 12 35 14 
2 10 5 
3 38 7 10 
2 3 7 
5 24 31 6 10 17 
3 36 2 5 
2 3 9 
3 2 14 21 
3 19 3 2 
6 30 3 26 18 38 33 
2 2 5 
2 3 17 
2 3 8 
2 2 3 
2 14 8 
4 4 6 29 26 
4 27 19 2 25 
2 2 26 
2 7 37 
4 33 25 7 2 
2 5 19 
2 14 1 
0 
3 3 19 29 
2 5 2 
2 9 10 
2 15 10 
2 5 28 
2 19 12 

8 14 20 11 32 9 3 10 4 
3 31 3 21 
11 10 6 18 12 2 17 24 1 5 23 4 
8 5 20 6 7 14 27 3 1 
6 13 11 18 7 4 3 
7 8 15 12 4 24 3 13 
8 8 4 5 26 36 34 15 19 
6 35 29 6 7 28 9 
3 16 8 1 
4 22 1 3 16 
6 19 21 5 17 28 1 
2 3 6 
3 6 23 5 
2 4 1 
2 6 7 
3 25 10 9 
4 33 30 3 11 
7 32 27 34 25 3 35 5 
4 7 37 11 29 
2 1 4 
2 11 2 
2 10 32 
2 3 13 
2 6 3 
4 37 16 32 18 
2 7 27 
4 26 18 28 4 
3 11 27 8 
2 19 8 
1 17 
1 2 
4 22 25 1 18 
1 17 
2 7 18 
2 18 8 
1 7 
2 19 25 
0 

14 7 4 21 3 23 34 13 28 8 33 32 11 5 29 
6 13 15 38 19 7 3 
11 2 25 12 20 22 4 9 5 15 1 6 
3 3 1 31 
6 1 8 3 6 36 38 
4 16 3 26 5 
10 1 16 2 12 21 27 9 20 26 33 
6 17 1 34 36 10 5 
9 25 24 35 11 10 7 37 31 3 
3 8 9 35 
4 9 1 14 18 
6 3 28 32 14 7 17 
3 1 2 18 
3 12 30 11 
2 3 2 
2 6 7 
4 8 24 22 12 
3 11 19 13 
2 18 2 
2 3 7 
5 7 33 22 37 1 
3 3 21 17 
1 1 
2 17 9 
4 36 9 3 26 
3 25 6 7 
3 7 31 30 
2 1 12 
1 1 
2 14 27 
4 4 9 27 38 
2 1 12 
3 1 7 21 
3 38 1 8 
2 9 10 
3 5 8 25 
2 21 9 
4 2 5 31 34 

14 18 17 25 23 15 14 6 32 8 3 30 28 38 11 
4 14 3 4 5 
7 2 4 9 7 1 10 5 
9 25 6 2 26 35 11 3 16 24 
5 37 3 20 2 8 
8 12 4 10 33 29 19 7 1 
5 6 13 21 30 3 
5 9 38 5 19 1 
6 3 16 8 13 12 31 
4 6 22 3 27 
5 1 4 17 15 36 
5 34 6 20 9 28 
4 34 9 21 7 
3 2 37 1 
2 1 11 
3 4 9 29 
6 32 1 22 36 11 18 
3 1 24 17 
2 6 8 
3 12 30 5 
3 13 7 23 
3 10 17 27 
2 1 21 
2 18 4 
2 1 4 
2 29 4 
2 10 22 
2 12 1 
4 6 26 37 16 
3 20 1 7 
1 9 
2 17 1 
1 6 
2 13 12 
1 4 
2 11 17 
3 5 29 14 
2 1 8 

10 17 28 21 35 19 18 10 3 13 5 
14 27 4 6 25 16 9 22 5 38 3 36 8 35 14 
19 7 9 25 12 38 2 37 4 15 14 11 29 31 1 32 30 13 21 24 
6 2 33 10 3 7 6 
5 11 1 12 16 2 
3 2 27 4 
6 3 19 26 4 8 20 
3 7 17 2 
5 24 29 2 3 32 
3 1 4 15 
3 26 3 5 
2 3 5 
2 3 1 
4 33 3 2 20 
2 3 10 
2 2 5 
3 1 18 8 
2 17 1 
4 23 1 35 7 
4 33 27 14 7 
2 1 3 
1 2 
2 19 26 
2 9 3 
2 2 3 
3 23 7 11 
4 31 6 20 2 
1 1 
2 9 3 
1 3 
2 3 27 
2 9 3 
3 14 20 4 
0 
3 19 1 2 
1 2 
1 3 
2 2 3 

