5 4 7 21 5 33 
8 31 13 14 20 10 17 11 4 
10 9 6 4 30 7 21 5 15 13 19 
17 3 24 5 32 11 8 34 10 36 22 12 2 6 17 19 33 1 
7 20 4 17 1 3 22 6 
12 22 8 26 25 10 16 7 5 3 4 12 30 
16 13 32 29 11 18 14 1 31 8 9 23 3 15 6 16 12 
9 4 28 9 30 6 16 35 14 7 
5 3 8 38 28 7 
4 15 2 4 6 
8 29 32 20 2 27 4 23 7 
8 29 18 28 4 36 7 34 6 
7 23 3 7 2 21 33 27 
4 7 8 31 2 
6 7 3 19 10 18 24 
3 8 6 7 
4 35 5 2 4 
5 7 26 25 12 15 
4 15 35 3 4 
5 24 5 2 37 11 
3 1 3 13 
4 4 25 5 6 
3 7 11 13 
4 15 20 27 4 
5 18 38 26 6 22 
3 25 6 18 
3 11 13 24 
4 9 8 12 36 
4 12 7 37 11 
4 8 34 6 3 
3 7 2 14 
3 4 7 11 
3 1 13 4 
3 4 12 30 
5 17 37 8 19 38 
3 4 28 12 
3 29 20 35 
3 9 35 25 

15 13 28 22 4 21 10 14 34 30 11 31 5 36 38 6 
8 34 5 4 26 30 19 18 7 
10 16 19 23 13 15 36 5 4 8 29 
15 18 36 11 27 1 12 9 2 29 34 3 17 38 6 7 
8 1 12 8 9 10 3 2 6 
11 7 33 24 8 4 1 5 16 13 15 25 
5 29 6 9 2 4 
10 5 32 24 27 10 17 14 3 6 11 
4 7 4 24 5 
12 5 1 33 15 8 35 20 12 22 16 14 23 
4 8 4 1 35 
11 37 17 4 21 26 35 31 22 5 20 10 
5 18 1 3 6 20 
3 1 8 10 
4 10 3 30 6 
5 6 19 3 10 33 
3 4 12 8 
6 4 27 13 23 31 2 
4 3 2 21 16 
3 12 10 13 
6 32 37 1 12 19 28 
3 10 12 1 
5 25 28 3 10 18 
4 6 9 25 8 
4 26 6 24 23 
3 25 2 12 
3 4 8 18 
3 1 21 23 
4 7 32 3 4 
3 15 2 1 
3 12 1 18 
3 8 21 29 
3 10 16 6 
4 1 37 2 4 
3 10 12 11 
3 4 3 1 
4 34 12 21 38 
3 37 4 1 

5 33 5 17 9 4 
20 24 13 11 34 23 14 15 6 22 29 10 4 18 38 25 7 12 26 20 30 
8 18 36 19 4 21 11 5 15 
13 31 5 3 8 1 7 36 10 12 20 6 32 2 
19 8 7 1 6 23 11 34 32 16 3 37 4 38 24 9 10 19 13 25 
6 17 24 5 26 2 4 
9 31 2 25 29 4 8 16 23 5 
6 5 9 35 4 19 7 
8 28 21 30 13 1 5 8 27 
5 5 2 4 37 14 
9 21 2 12 22 3 18 5 16 35 
6 2 11 38 14 22 4 
3 5 9 2 
5 17 12 10 15 2 
3 3 2 14 
5 33 5 28 11 7 
4 6 29 14 1 
4 2 28 11 3 
5 5 3 20 32 8 
3 2 19 4 
4 9 11 3 27 
5 31 30 12 2 11 
3 5 2 7 
6 34 33 2 35 6 5 
6 7 5 26 36 27 2 
4 2 25 6 37 
3 25 21 9 
3 18 16 9 
3 2 17 7 
3 9 2 22 
3 7 22 4 
3 5 19 4 
3 1 24 16 
3 24 2 5 
3 8 24 11 
3 3 25 4 
3 10 5 26 
3 12 5 2 

8 23 34 10 9 4 17 31 6 
6 4 5 9 14 8 11 
8 28 4 6 5 10 7 18 22 
16 15 8 5 14 16 6 1 33 30 2 12 10 19 11 3 25 
7 26 13 7 2 3 34 4 
12 8 1 23 9 20 13 27 24 7 21 4 3 
3 6 5 3 
13 19 4 25 22 17 33 2 16 37 20 15 38 6 
10 30 20 37 29 15 24 2 6 1 17 
11 4 3 28 22 30 12 1 16 34 31 11 
6 10 2 4 13 12 37 
7 24 10 36 28 4 14 11 
5 6 5 11 18 26 
6 19 21 2 4 12 38 
6 26 8 4 18 29 9 
5 21 8 4 27 10 
4 8 9 32 1 
7 23 15 33 25 3 32 13 
4 8 14 29 4 
4 6 8 9 27 
3 14 6 16 
5 3 10 38 35 8 
4 6 35 18 1 
5 9 31 6 36 12 
3 18 4 8 
3 5 13 15 
4 6 16 32 20 
3 3 12 10 
3 19 9 15 
3 4 9 10 
4 1 10 35 24 
3 27 17 18 
3 18 4 8 
4 10 5 36 1 
3 23 22 31 
3 12 34 24 
3 9 8 11 
3 14 8 22 

10 6 9 11 20 4 33 16 18 38 17 
9 12 10 20 4 7 17 26 5 27 
7 12 5 6 32 37 4 23 
14 35 3 8 2 1 29 6 7 9 37 19 15 5 24 
4 4 8 2 3 
9 16 4 12 15 1 14 11 7 3 
14 25 18 24 8 6 20 4 34 13 10 36 2 21 14 
14 13 24 34 16 14 9 35 5 33 38 4 30 7 10 
9 11 18 8 1 4 23 15 36 22 
7 23 8 31 7 27 30 2 
4 13 6 9 1 
7 34 26 3 2 29 22 6 
6 27 11 8 22 7 19 
4 19 6 7 8 
5 35 4 17 9 6 
4 30 1 6 8 
5 1 15 26 21 2 
4 9 7 1 31 
6 25 14 4 13 37 21 
4 1 7 36 2 
4 17 32 7 19 
3 13 12 9 
4 10 28 9 3 
4 7 8 4 25 
3 19 24 7 
6 12 2 29 28 17 38 
5 31 13 10 2 28 
4 26 32 23 27 
4 4 26 33 12 
3 16 8 10 
3 18 10 27 
3 3 21 28 
3 8 29 1 
3 8 12 7 
3 8 4 15 
3 20 7 9 
3 4 3 19 
3 26 8 1 

11 7 6 12 10 11 31 13 19 4 5 20 
14 5 24 19 21 6 10 28 16 9 12 13 4 32 18 
4 17 20 4 15 
21 15 27 9 25 7 20 5 6 34 16 10 33 26 3 1 31 23 12 14 2 30 
13 4 32 8 2 7 19 14 1 28 13 29 22 33 
10 8 2 9 4 33 1 29 21 26 36 
6 4 8 5 18 1 37 
3 6 5 7 
8 25 6 18 4 24 2 11 34 
9 37 21 35 22 1 38 11 2 4 
3 9 10 1 
4 2 4 17 1 
8 14 25 1 2 32 30 5 17 
7 28 4 15 5 24 13 27 
5 23 16 4 14 3 
3 15 2 4 
5 3 26 31 12 13 
3 7 9 2 
3 5 2 1 
8 34 22 4 37 27 1 3 23 
3 6 2 10 
4 35 20 5 10 
4 20 4 15 30 
4 29 14 2 9 
4 13 9 38 4 
4 6 17 4 36 
4 20 14 36 4 
3 5 2 14 
4 6 24 5 35 
3 23 4 13 
3 17 1 4 
3 2 13 5 
3 6 5 4 
3 20 9 4 
3 10 29 22 
3 6 27 26 
3 20 10 7 
2 25 10 

4 21 7 5 4 
1 4 
14 4 6 13 10 8 5 22 37 36 35 14 20 11 18 
22 2 37 18 1 25 12 9 29 11 31 6 27 17 5 8 15 35 32 3 10 7 20 
7 32 26 1 3 6 4 33 
11 33 14 28 9 19 3 38 21 7 4 5 
8 8 22 1 33 6 4 23 26 
14 24 18 4 13 36 3 9 23 11 17 32 15 7 27 
7 6 10 23 8 12 16 4 
14 15 9 25 13 4 12 16 3 20 17 38 19 27 24 
4 34 3 8 4 
5 4 16 10 9 29 
5 8 10 14 3 30 
6 37 13 38 6 3 30 
9 8 10 22 19 28 31 4 30 24 
4 10 9 12 25 
4 21 8 10 4 
4 4 8 3 34 
3 15 6 10 
6 31 4 29 3 26 10 
4 1 6 17 36 
3 7 15 3 
4 8 7 9 28 
3 15 8 10 
3 4 16 10 
3 7 5 20 
3 10 8 4 
4 15 6 23 35 
3 12 4 20 
3 14 13 15 
3 20 4 15 
4 34 4 8 5 
3 7 5 6 
3 32 18 11 
3 28 3 4 
3 3 8 21 
4 14 38 4 3 
4 14 37 6 10 

4 4 6 28 30 
5 4 9 5 31 14 
12 31 18 22 24 11 5 13 8 4 36 10 7 
18 15 7 8 16 3 37 1 36 32 30 28 33 2 23 22 6 12 5 
11 8 2 9 16 7 14 4 6 29 11 3 
6 32 4 9 20 1 5 
17 21 16 20 4 10 38 17 30 34 36 24 11 35 13 33 5 3 
9 4 5 10 3 19 21 17 13 12 
5 6 26 5 23 2 
5 7 3 15 8 19 
10 19 22 5 15 38 7 3 17 35 12 
6 14 38 8 4 37 11 
6 7 25 35 34 8 3 
3 5 12 2 
10 34 37 11 10 25 28 20 4 27 24 
5 5 7 18 4 26 
6 11 8 25 18 31 7 
3 17 16 3 
6 23 8 32 10 27 11 
6 7 15 6 21 27 26 
3 20 7 8 
4 4 11 3 29 
3 19 9 4 
3 15 3 7 
3 15 13 17 
4 9 29 16 20 
3 15 20 19 
3 1 4 15 
4 26 22 5 33 
3 4 7 1 
3 3 2 17 
3 6 4 19 
3 7 4 29 
3 7 15 13 
3 11 13 7 
3 4 7 3 
3 12 15 4 
3 12 7 11 

10 5 11 14 17 10 35 29 27 9 4 
8 4 19 14 10 8 31 5 36 
11 6 9 13 19 17 4 26 31 7 34 20 
11 7 30 25 21 3 5 1 2 12 6 13 
16 6 2 36 11 24 10 16 28 8 1 37 4 15 12 23 20 
9 32 5 13 7 4 8 19 3 27 
6 3 6 4 22 18 26 
7 9 2 5 22 30 6 16 
6 11 8 3 12 28 1 
5 1 37 26 2 5 
4 5 9 38 1 
7 31 15 5 4 25 9 36 
7 14 4 6 3 20 32 15 
10 2 21 33 16 23 1 13 24 18 29 
6 30 12 5 13 23 27 
5 5 17 14 18 8 
5 1 16 25 24 3 
5 16 7 21 22 14 
3 3 2 6 
3 13 3 5 
7 18 4 38 34 14 32 35 
4 8 28 7 18 
3 15 14 5 
3 5 14 17 
6 12 33 29 4 17 35 
3 7 3 10 
3 6 1 15 
4 9 37 22 5 
4 25 34 14 1 
3 15 4 8 
3 2 12 3 
3 21 6 13 
2 25 14 
3 29 3 21 
3 1 21 25 
3 2 5 12 
3 28 10 5 
2 21 11 

19 16 33 7 17 36 4 14 6 8 24 23 11 22 13 5 18 29 10 28 
9 13 6 18 12 5 20 4 30 21 
1 4 
15 21 7 6 1 10 9 16 3 8 5 14 22 13 2 12 
9 1 28 24 31 33 4 9 19 2 
8 2 25 8 4 11 7 9 1 
5 27 1 4 6 10 
5 26 18 4 1 6 
10 33 17 26 25 12 11 19 6 5 4 
4 1 4 7 20 
5 9 1 6 34 15 
8 9 2 4 23 29 15 32 14 
8 27 30 2 21 4 35 16 1 
6 12 31 38 15 4 1 
7 29 17 11 25 14 12 23 
5 34 4 38 1 13 
5 15 1 28 19 9 
6 36 1 2 24 8 30 
6 22 17 26 5 9 20 
4 34 2 10 19 
3 4 2 13 
5 19 37 1 27 4 
3 12 15 1 
4 1 18 32 5 
5 15 9 35 6 32 
4 38 8 9 19 
3 13 22 7 
3 17 1 5 
3 15 1 12 
3 2 13 18 
3 5 33 14 
3 25 12 24 
4 9 1 5 31 
4 20 11 38 16 
2 25 13 
2 18 1 
1 22 
4 26 16 34 14 

5 20 4 10 5 6 
15 22 5 19 25 9 8 36 4 17 7 6 37 21 23 31 
4 20 5 11 4 
10 6 3 16 7 1 19 8 28 2 23 
20 9 16 2 8 15 26 14 27 21 28 20 12 10 22 35 24 19 25 1 3 
10 13 15 25 7 1 11 4 32 14 2 
12 4 10 6 9 12 18 33 14 2 17 13 28 
7 13 34 2 4 30 23 5 
11 31 7 35 2 34 16 12 5 18 11 26 
3 1 7 5 
7 15 3 29 9 6 27 33 
6 9 21 35 7 18 5 
5 17 8 6 29 7 
4 6 7 5 24 
4 22 6 5 11 
3 4 5 9 
4 24 7 2 13 
4 12 30 7 9 
3 4 5 2 
5 3 1 5 36 32 
9 34 12 29 26 5 31 2 27 36 
4 5 2 15 30 
3 2 4 8 
4 5 17 14 38 
3 6 2 5 
3 9 21 5 
4 11 5 21 33 
4 7 5 4 37 
3 11 21 13 
5 37 31 18 22 8 
7 36 30 21 37 35 9 2 
2 20 6 
3 7 27 11 
3 8 9 21 
4 31 5 12 9 
4 2 21 20 31 
4 30 31 2 28 
1 24 

13 4 11 20 7 31 8 36 25 26 9 16 5 6 
11 18 10 5 7 8 24 27 36 4 11 32 
4 12 9 4 6 
12 20 2 12 21 3 13 33 6 5 1 26 14 
9 27 30 15 1 11 2 7 17 4 
4 4 18 1 3 
15 17 12 8 13 35 5 31 2 15 1 28 23 10 19 22 
7 29 26 10 1 2 9 7 
3 3 1 8 
6 8 38 7 2 27 32 
17 21 14 5 25 15 30 19 34 17 13 18 37 24 2 23 16 1 
4 3 7 4 14 
7 35 7 28 33 4 11 24 
5 29 34 4 12 11 
6 21 16 5 30 11 7 
4 15 1 11 23 
4 5 34 7 11 
6 20 6 2 11 25 19 
7 37 31 29 7 18 28 11 
5 1 18 22 33 4 
4 22 15 11 4 
4 20 7 21 36 
4 35 7 16 11 
3 2 11 13 
4 1 18 38 11 
3 8 4 1 
3 5 2 10 
3 19 13 7 
5 8 32 19 14 37 
4 5 11 38 15 
3 7 19 1 
3 29 2 10 
3 13 4 20 
4 11 14 38 17 
3 23 13 7 
3 1 2 22 
3 11 29 19 
4 25 10 30 34 

15 5 4 18 11 16 13 9 19 30 35 8 20 14 6 17 
2 4 21 
4 7 22 5 4 
20 1 34 5 32 10 24 22 20 21 2 7 36 37 13 12 9 3 29 6 35 
10 4 15 10 7 11 6 8 18 3 1 
8 14 4 27 1 5 38 8 15 
5 3 24 4 11 5 
14 19 37 33 10 25 5 12 1 36 15 17 9 6 28 
10 4 38 23 27 1 8 33 18 21 16 
4 5 4 37 8 
7 12 7 13 29 1 28 5 
5 4 11 8 20 34 
7 23 4 16 11 1 29 14 
4 13 1 17 6 
5 6 26 8 5 32 
5 1 26 13 9 33 
4 8 14 31 1 
9 19 24 25 1 5 30 31 26 9 
4 1 18 25 8 
5 12 23 4 34 1 
6 22 31 2 9 4 36 
3 21 4 3 
3 20 9 13 
4 27 7 4 18 
4 8 18 32 19 
5 15 30 16 18 28 
3 6 24 9 
4 26 11 8 37 
3 4 11 13 
3 1 18 26 
4 17 32 18 21 
5 15 25 4 31 38 
3 9 8 16 
3 20 12 4 
2 4 1 
3 8 21 4 
4 4 8 28 10 
3 32 9 6 

11 24 10 9 29 8 18 6 5 4 11 12 
12 32 35 7 31 8 13 16 18 6 5 4 37 
1 4 
15 15 1 22 26 2 5 34 6 23 8 7 32 3 9 10 
14 4 23 28 17 19 1 21 16 25 2 14 9 12 38 
8 7 30 11 4 21 2 36 1 
6 4 6 2 14 22 12 
8 24 10 11 1 20 15 4 2 
8 1 28 5 29 13 25 4 27 
8 4 27 8 34 19 15 14 1 
6 20 38 8 21 6 1 
9 1 19 5 20 13 16 17 29 7 
6 12 26 9 17 2 23 
4 10 18 5 7 
6 37 4 10 8 25 30 
4 5 35 2 12 
7 33 22 24 5 36 12 13 
4 2 33 14 1 
3 5 12 10 
4 12 11 35 8 
4 11 6 5 38 
3 4 17 7 
4 5 4 13 32 
5 31 17 33 8 1 
9 9 5 27 28 30 36 26 37 15 
3 25 13 4 
4 9 10 25 35 
3 9 25 5 
3 1 12 9 
3 25 6 15 
2 24 2 
4 2 23 38 4 
3 18 17 24 
2 10 4 
4 20 16 2 27 
3 25 17 6 
3 15 25 2 
4 21 11 32 5 

7 23 5 28 6 4 12 11 
15 4 22 35 7 6 8 9 15 5 33 19 32 25 24 17 
8 8 4 20 16 7 26 29 21 
15 27 11 26 30 7 5 8 1 10 24 9 2 3 17 16 
7 1 12 6 4 2 15 25 
15 1 5 10 11 2 9 14 22 27 20 35 36 38 13 12 
5 23 13 2 3 4 
12 25 3 10 37 20 4 18 36 31 2 21 14 
4 38 6 2 4 
6 14 22 8 6 27 4 
6 1 15 6 26 19 4 
5 13 6 16 5 1 
8 21 32 7 19 6 31 12 17 
3 10 8 6 
3 5 11 2 
7 12 23 18 34 28 3 4 
4 13 4 2 18 
4 8 16 37 17 
3 2 13 11 
4 8 6 29 3 
6 31 8 24 3 34 13 
5 30 33 10 2 6 
3 7 1 16 
5 30 36 4 2 21 
3 5 2 8 
3 4 11 3 
3 4 10 6 
3 16 1 31 
2 20 3 
3 4 22 24 
5 8 21 28 34 13 
2 2 13 
2 2 22 
3 16 21 31 
2 6 2 
3 24 8 6 
2 8 18 
2 6 9 

17 7 27 36 6 14 16 23 4 18 11 29 19 17 5 8 22 38 
5 15 35 23 36 4 
7 5 4 38 24 7 17 13 
14 3 18 21 14 6 8 22 9 34 12 2 10 5 1 
13 1 3 10 36 6 7 24 21 31 4 37 20 18 
14 30 4 27 10 9 15 28 1 12 19 5 31 11 17 
10 3 13 5 29 8 11 27 37 25 1 
11 21 12 9 22 13 4 1 19 23 16 7 
7 4 6 25 32 26 8 14 
5 6 33 4 5 32 
4 33 1 6 7 
5 16 8 6 4 15 
6 35 3 20 7 8 33 
3 4 9 1 
6 28 12 6 34 2 30 
12 12 24 32 30 28 29 26 1 34 20 35 8 
4 26 1 6 3 
3 5 1 4 
3 6 8 1 
3 5 16 13 
4 4 8 25 5 
3 1 8 4 
3 2 8 1 
3 16 5 3 
5 9 7 35 21 29 
4 17 16 9 28 
3 1 7 6 
6 33 16 38 26 6 15 
4 16 25 1 7 
4 15 6 16 32 
2 5 6 
4 9 16 10 30 
5 13 28 11 10 34 
5 16 33 37 15 4 
4 2 16 25 13 
3 2 1 5 
3 34 7 5 
3 3 1 28 

3 4 8 9 
8 15 6 10 19 5 28 34 4 
7 5 11 16 33 21 17 4 
13 1 21 3 15 22 6 2 36 5 7 8 31 26 
16 6 7 11 27 30 15 9 25 26 3 19 4 33 2 13 17 
13 7 2 28 29 10 5 21 20 13 4 18 12 14 
9 11 8 5 12 19 22 4 6 14 
10 33 35 38 9 7 14 4 24 17 1 
10 24 8 5 1 37 10 30 12 25 23 
5 9 32 6 2 26 
3 7 3 5 
6 6 7 13 22 9 18 
5 12 6 16 5 34 
5 7 8 32 25 6 
8 4 30 16 20 2 32 5 27 
10 18 31 28 29 24 23 36 15 13 3 
4 5 20 3 8 
4 36 6 16 12 
4 2 5 7 38 
4 6 17 34 15 
4 35 6 3 4 
4 12 4 23 7 
3 16 9 22 
4 37 16 8 9 
3 5 14 9 
3 5 10 4 
3 15 5 31 
3 2 6 16 
2 16 6 
3 9 15 5 
3 16 4 27 
3 15 10 14 
3 5 8 3 
4 2 38 20 13 
2 21 8 
3 4 16 18 
2 9 24 
3 8 34 19 

8 33 11 7 12 8 5 4 6 
5 12 37 29 4 7 
10 17 9 31 21 5 20 4 13 11 34 
13 10 5 27 7 1 30 2 36 8 3 14 35 6 
9 6 12 1 28 3 15 26 25 4 
10 5 19 9 17 13 4 23 1 25 15 
11 14 22 28 16 2 32 18 4 8 1 27 
13 11 37 7 21 32 10 16 9 23 29 4 1 33 
8 6 16 24 3 22 10 8 36 
9 4 9 33 8 31 17 23 34 13 
5 14 1 8 20 3 
3 1 5 2 
7 10 15 6 3 34 31 30 
7 4 32 28 7 11 20 18 
5 19 5 6 13 21 
4 9 8 7 18 
6 19 3 24 10 6 38 
3 7 16 14 
4 6 17 15 29 
7 3 37 26 25 14 24 11 
5 8 22 15 26 3 
3 7 21 9 
4 10 6 8 29 
3 9 20 17 
4 6 20 38 5 
6 31 27 35 20 21 5 
3 26 4 7 
3 5 14 7 
4 8 19 2 23 
3 13 4 37 
5 10 26 37 13 3 
3 7 14 8 
3 10 1 8 
3 10 3 13 
2 26 4 
2 4 9 
5 8 31 30 20 2 
2 25 17 

5 10 5 18 13 4 
1 4 
6 5 8 26 7 6 4 
14 34 9 5 12 6 7 1 19 17 3 35 2 21 31 
13 11 13 3 4 27 9 6 1 15 31 25 28 8 
19 13 3 15 7 4 30 10 22 17 9 34 5 33 12 19 8 18 20 11 
11 22 38 23 29 16 6 3 14 15 4 31 
10 16 25 21 5 26 37 23 36 3 6 
12 32 4 5 12 10 19 23 21 6 35 14 17 
7 9 1 6 11 32 38 14 
5 16 5 6 26 10 
5 9 6 4 27 18 
5 6 20 5 30 1 
6 32 24 37 7 9 10 
4 7 30 5 6 
9 20 8 24 36 25 11 29 7 28 
3 6 9 4 
4 6 1 12 33 
4 4 9 22 6 
5 27 6 13 16 38 
3 4 8 9 
3 7 6 19 
5 9 7 36 8 38 
2 16 14 
4 5 16 27 8 
4 8 11 3 30 
4 25 20 5 12 
2 5 16 
2 7 16 
5 13 26 15 6 35 
3 4 7 5 
4 9 35 10 14 
3 38 6 18 
2 6 4 
4 32 4 9 30 
3 23 16 8 
2 8 14 
5 20 33 10 23 7 

6 13 5 4 6 34 11 
7 4 8 9 7 12 6 5 
12 15 19 9 7 31 8 21 18 5 4 6 38 
8 32 14 11 18 3 1 25 2 
15 12 3 25 2 7 35 9 17 15 10 28 30 1 14 8 
7 1 3 10 14 22 12 2 
9 29 37 26 15 3 33 5 24 2 
5 3 2 5 20 21 
7 24 3 2 5 13 21 10 
8 9 36 6 29 5 28 38 11 
11 32 23 20 1 10 4 30 13 16 19 28 
8 23 30 32 37 5 2 22 6 
8 11 17 31 1 16 9 20 38 
5 6 5 18 4 19 
7 16 17 26 5 23 7 3 
4 15 13 11 27 
3 13 15 5 
4 4 3 36 14 
5 34 14 11 3 24 
3 13 11 8 
3 3 9 8 
3 12 24 6 
3 11 12 15 
5 19 9 7 22 28 
3 4 34 5 
4 15 33 7 37 
2 16 29 
4 10 11 5 24 
3 27 7 10 
3 12 5 11 
3 13 3 35 
4 36 11 12 4 
2 7 26 
3 1 25 19 
2 31 5 
3 32 18 10 
3 26 12 7 
3 3 13 10 

8 19 6 36 15 21 5 4 18 
8 4 16 10 13 14 7 25 30 
4 11 20 5 4 
17 6 1 23 31 17 12 11 8 3 2 37 33 5 38 7 16 9 
16 29 12 1 23 36 4 10 25 9 21 34 11 3 38 6 15 
9 4 15 14 1 18 7 9 8 5 
5 6 8 4 2 30 
5 24 34 7 4 6 
12 6 33 35 5 21 4 27 24 12 26 10 13 
7 9 2 29 22 5 31 13 
9 27 19 18 20 3 4 5 17 14 
4 22 4 9 5 
4 10 2 9 32 
8 34 19 6 16 20 2 11 25 
6 26 6 1 5 29 24 
6 14 2 17 30 23 4 
5 33 11 4 37 16 
3 11 6 1 
3 14 1 11 
5 29 11 14 26 3 
6 9 5 1 25 27 22 
3 10 12 21 
4 16 27 4 5 
3 9 15 8 
4 21 14 2 5 
4 20 9 15 33 
4 11 21 23 9 
0 
6 33 20 5 15 31 10 
4 2 7 16 36 
4 10 37 4 29 
2 35 13 
6 4 29 9 17 34 26 
5 8 35 33 5 14 
3 32 9 34 
3 5 30 1 
3 31 17 4 
2 5 4 

8 4 32 14 6 33 38 5 9 
17 12 32 31 13 35 5 8 24 16 15 34 26 4 10 11 33 27 
7 6 4 8 7 14 18 10 
24 25 14 35 12 1 17 2 20 24 9 3 21 29 10 6 18 11 7 5 23 8 15 13 22 
7 4 7 1 2 18 34 30 
8 4 3 37 21 9 22 1 29 
5 26 5 4 3 31 
7 29 2 13 25 3 4 11 
7 23 6 12 4 15 27 1 
8 4 34 3 2 31 20 30 17 
3 8 4 2 
3 4 2 9 
5 4 38 8 17 2 
6 27 3 1 16 4 19 
4 9 4 2 16 
6 2 37 28 15 19 14 
6 4 10 22 23 20 13 
3 3 4 5 
2 16 14 
6 10 22 28 17 4 38 
5 6 27 28 4 32 
4 17 20 6 4 
3 17 4 9 
3 4 2 26 
2 4 8 
4 2 24 7 28 
6 14 2 35 37 21 9 
4 26 21 20 16 
5 4 32 8 6 31 
3 35 5 10 
4 29 2 10 7 
4 21 29 1 2 
2 2 1 
3 5 2 10 
5 30 36 27 2 4 
1 35 
3 6 16 27 
3 20 1 13 

3 30 8 4 
3 5 8 4 
13 15 23 36 37 14 7 5 13 20 16 10 4 6 
13 35 17 9 10 1 28 5 16 22 3 12 6 2 
11 34 8 3 20 28 9 2 4 7 6 37 
15 33 3 12 7 10 15 4 21 31 14 19 24 30 5 11 
9 35 3 6 9 15 5 18 11 21 
9 18 21 2 11 5 13 25 1 14 
6 33 13 4 32 5 7 
9 16 17 3 32 4 12 6 27 19 
5 7 23 8 6 29 
3 10 6 4 
4 3 27 9 8 
6 24 6 26 8 33 3 
10 6 7 22 34 18 20 17 37 3 19 
7 36 24 31 10 4 3 32 
3 15 10 4 
6 8 28 15 33 7 19 
5 18 21 15 6 10 
5 3 5 28 15 24 
6 25 8 26 6 7 19 
2 15 4 
2 11 3 
4 20 14 6 16 
2 8 21 
2 21 14 
3 13 10 36 
4 5 4 20 18 
2 30 11 
5 6 32 36 1 29 
2 16 6 
6 9 16 38 10 30 35 
5 14 9 18 36 6 
2 5 15 
3 4 7 32 
6 16 3 27 30 37 33 
4 5 15 36 3 
1 32 

6 26 6 5 18 7 4 
6 19 4 24 8 22 23 
7 9 6 4 34 5 31 15 
10 10 3 36 21 32 1 8 2 5 30 
12 3 11 22 23 9 12 16 1 6 4 7 18 
16 20 7 38 1 8 33 3 34 11 5 29 9 10 12 17 13 
6 6 1 5 13 28 10 
6 4 21 2 6 31 15 
16 6 27 29 25 20 5 33 26 36 30 3 23 21 18 16 14 
13 19 14 4 35 12 11 26 6 16 7 17 32 24 
8 14 31 35 10 20 15 6 5 
5 5 13 10 6 27 
3 7 12 6 
6 10 9 11 19 32 37 
3 11 8 3 
3 5 10 9 
2 6 10 
7 1 9 5 23 22 27 25 
4 26 10 2 14 
4 6 11 38 9 
4 4 30 8 9 
5 28 18 29 2 5 
5 5 2 25 9 18 
3 2 26 10 
6 9 18 34 38 31 23 
5 10 9 19 1 24 
4 12 18 29 9 
3 22 7 35 
4 6 9 22 27 
3 4 9 21 
5 8 25 36 11 3 
3 14 10 4 
2 9 6 
3 3 25 6 
3 10 28 11 
4 9 4 38 31 
1 14 
4 36 20 25 6 

7 9 20 5 25 4 12 11 
10 31 22 11 4 7 8 36 33 10 5 
10 12 13 30 38 8 34 5 6 15 4 
7 2 3 7 6 24 1 26 
9 1 6 2 14 3 19 15 25 10 
8 4 3 18 16 10 7 5 11 
13 30 8 38 32 19 2 4 20 24 9 16 6 13 
11 29 28 9 7 12 2 16 3 18 26 36 
11 19 1 37 8 22 15 17 7 38 32 29 
5 5 2 17 6 13 
6 1 2 14 6 31 27 
5 23 1 3 18 8 
5 14 7 3 10 28 
5 17 5 11 13 21 
3 5 3 9 
5 28 17 7 6 8 
8 35 25 14 16 9 10 28 37 
4 8 22 6 12 
3 7 9 5 
3 1 7 30 
2 37 14 
5 25 9 24 2 18 
2 12 33 
3 4 7 22 
4 5 22 1 17 
3 4 27 8 
2 26 11 
5 17 29 16 13 8 
3 28 9 8 
4 20 7 3 38 
2 2 11 
2 9 7 
5 2 23 38 34 36 
2 3 33 
1 17 
3 8 2 33 
3 21 17 9 
5 7 30 3 9 33 

24 14 16 29 13 32 33 17 6 20 11 27 9 7 8 4 10 23 21 5 26 24 31 34 28 
11 26 5 37 30 31 4 12 36 8 10 23 
1 4 
18 2 24 17 20 22 36 15 5 37 25 1 7 21 19 3 27 13 6 
13 6 2 21 16 1 25 8 35 36 7 29 4 9 
7 4 9 1 5 28 11 15 
5 25 1 12 5 4 
8 18 10 1 33 2 5 11 14 
3 5 1 6 
15 1 32 12 16 24 22 15 8 26 2 35 27 18 13 23 
4 19 8 6 1 
5 2 14 10 19 7 
6 1 30 4 22 10 20 
3 12 1 8 
3 6 4 10 
5 1 20 10 5 28 
7 1 32 29 33 21 4 23 
4 10 34 21 8 
9 12 24 35 25 34 11 37 27 4 
8 22 13 4 31 1 23 16 30 
5 1 17 5 4 18 
5 10 13 20 4 26 
6 27 1 2 10 20 17 
5 35 4 19 1 10 
4 5 7 4 19 
4 2 10 1 22 
5 19 10 4 1 23 
3 16 6 1 
3 17 1 5 
5 13 35 33 2 20 
3 20 1 2 
3 10 17 1 
4 8 1 17 30 
4 36 18 1 19 
6 5 19 37 24 30 10 
4 5 2 4 34 
4 35 2 19 4 
0 

7 30 4 25 22 12 7 8 
3 34 5 4 
13 6 16 31 36 8 5 11 9 7 23 4 15 17 
19 10 26 27 1 30 36 31 16 21 6 5 8 32 38 25 2 12 17 3 
17 38 25 9 24 10 4 7 2 31 6 28 14 21 11 17 35 3 
6 5 14 13 4 3 20 
5 14 3 1 5 19 
10 13 9 24 19 1 10 3 16 4 12 
5 8 22 33 3 5 
6 15 11 4 13 5 8 
4 10 5 3 28 
5 23 8 18 4 1 
3 8 10 6 
4 6 7 5 29 
3 17 3 10 
6 3 28 37 4 8 38 
5 3 4 5 18 15 
3 38 12 17 
2 8 7 
1 6 
3 4 5 34 
4 1 33 9 30 
2 3 12 
2 8 5 
4 1 4 5 32 
1 4 
1 4 
3 5 11 16 
3 14 35 38 
5 31 4 22 34 1 
4 5 3 30 4 
2 4 25 
2 9 22 
3 2 30 21 
2 29 5 
2 3 4 
1 16 
5 4 29 5 18 16 

4 6 5 4 7 
17 9 26 34 20 7 36 32 8 17 27 5 4 16 19 11 23 21 
9 7 12 10 21 4 19 37 30 22 
11 25 34 6 9 8 31 2 1 23 3 5 
12 29 1 12 16 4 2 14 15 19 20 10 6 
10 1 34 11 5 32 18 4 8 13 10 
4 2 1 3 12 
7 2 6 13 4 17 9 24 
11 16 28 17 23 8 2 37 18 15 4 25 
13 5 35 15 38 3 30 22 31 13 33 11 6 29 
6 14 6 26 2 25 10 
3 5 3 7 
6 30 6 15 10 8 24 
12 26 36 34 21 11 18 29 28 19 5 33 20 
5 13 10 5 9 18 
4 9 37 2 5 
5 8 9 32 2 23 
6 34 6 14 15 9 26 
6 3 5 20 14 2 37 
4 5 2 19 14 
4 22 3 2 14 
4 21 32 3 10 
4 17 9 2 4 
5 27 8 35 29 13 
4 11 4 9 27 
4 11 14 2 18 
3 25 24 2 
3 14 29 9 
5 24 5 14 10 28 
5 10 33 3 38 13 
3 4 10 35 
4 2 6 22 17 
3 30 14 10 
5 14 18 4 2 6 
4 37 24 10 31 
2 2 14 
5 3 9 19 35 16 
2 10 30 

1 4 
3 4 6 5 
4 4 7 12 5 
22 7 10 24 3 2 6 5 16 8 1 28 33 15 13 17 26 18 11 20 9 30 29 
14 3 15 16 17 27 11 24 13 6 9 4 2 12 7 
11 8 4 10 5 9 19 2 20 17 12 13 
10 21 8 30 10 5 37 4 25 33 3 
3 4 7 6 
11 38 11 33 4 6 22 20 31 15 5 14 
11 21 28 6 16 7 34 29 4 14 19 32 
3 9 4 5 
5 33 6 21 5 3 
4 14 6 4 5 
6 27 18 9 10 24 13 
4 30 4 9 5 
4 5 10 37 4 
7 6 33 28 5 22 31 4 
3 4 28 14 
4 27 10 20 6 
4 19 4 9 6 
6 24 26 12 36 10 7 
4 29 38 9 17 
2 36 35 
5 5 21 4 14 32 
1 7 
2 21 4 
3 5 19 14 
4 4 17 10 18 
3 22 4 10 
4 7 38 4 15 
3 35 9 17 
2 10 24 
5 17 9 7 4 12 
1 10 
2 23 31 
2 23 21 
2 16 7 
3 22 30 9 

14 33 28 4 29 16 23 31 6 27 5 25 10 18 9 
2 4 5 
2 4 13 
14 6 36 21 29 1 30 7 2 8 18 35 33 3 5 
14 34 1 15 2 12 9 8 18 38 6 4 35 7 14 
15 7 8 24 5 4 1 37 13 14 11 20 15 26 28 25 
9 22 5 20 24 31 9 23 6 4 
4 10 5 6 4 
11 11 32 21 10 5 12 7 1 26 16 13 
3 9 8 1 
2 6 9 
4 36 5 22 9 
12 3 18 32 9 38 6 28 35 26 14 24 34 
5 32 5 13 6 19 
6 21 6 18 5 38 35 
3 23 1 9 
2 25 23 
6 36 15 1 5 4 13 
3 22 37 14 
5 6 7 23 27 29 
4 15 9 25 4 
4 7 26 19 12 
5 20 16 17 1 7 
4 37 6 13 7 
6 27 31 17 1 21 6 
4 13 9 22 6 
5 20 25 30 35 1 
4 6 13 1 31 
4 20 34 4 1 
2 4 27 
5 28 25 36 1 7 
3 9 14 13 
2 4 1 
3 29 13 5 
5 13 27 5 15 4 
4 12 31 4 18 
3 19 6 24 
3 5 15 13 

13 15 10 33 9 4 17 5 19 22 6 32 31 7 
3 4 36 5 
5 10 38 4 9 17 
14 13 1 33 6 12 18 27 16 3 7 5 2 11 10 
10 2 12 21 18 20 9 4 1 8 6 
13 19 30 20 11 1 28 4 14 27 37 5 7 8 
12 6 12 24 20 1 34 37 23 15 8 35 4 
8 5 11 6 17 14 24 22 7 
3 1 3 5 
8 25 17 14 3 11 16 4 1 
6 8 19 10 12 6 4 
8 27 19 23 34 5 4 11 7 
5 15 34 38 17 4 
11 8 17 19 28 10 20 6 30 22 24 36 
4 13 7 22 1 
2 10 4 
9 1 10 32 3 14 30 8 13 37 
2 5 4 
7 1 35 11 12 21 14 6 
4 14 7 5 6 
2 5 19 
5 37 14 15 1 8 
2 7 12 
3 8 14 7 
4 27 10 26 36 
2 29 25 
4 6 12 4 25 
3 33 14 6 
2 31 26 
5 14 6 38 32 17 
2 29 1 
3 1 17 30 
3 1 4 28 
3 7 13 12 
2 7 19 
3 14 25 2 
4 22 6 7 17 
3 3 30 13 

5 17 35 7 38 4 
4 4 5 31 9 
15 26 8 6 4 12 31 7 30 23 36 5 27 38 32 10 
11 7 29 18 6 1 9 24 11 5 2 3 
10 6 8 2 4 12 3 9 20 10 18 
13 14 5 4 16 19 18 24 8 3 23 15 13 21 
7 13 1 15 4 3 33 10 
3 3 6 5 
8 15 28 13 4 27 2 26 5 
3 5 3 7 
12 4 21 31 35 22 26 33 29 14 13 16 38 
3 25 5 3 
6 6 16 9 21 7 11 
3 6 11 35 
5 9 7 6 24 23 
5 13 18 6 11 30 
4 29 19 1 28 
4 4 6 5 16 
3 6 17 25 
1 5 
3 11 6 13 
3 30 11 23 
9 32 6 3 22 15 34 29 25 31 
4 4 15 32 6 
4 23 19 26 12 
4 25 3 9 11 
2 9 3 
4 38 36 17 9 
5 11 37 23 17 4 
5 36 22 34 16 3 
4 2 23 11 3 
3 3 23 24 
2 7 11 
2 23 30 
3 1 11 14 
3 28 30 3 
1 29 
4 3 1 28 11 

7 20 27 4 22 12 5 11 
18 32 8 4 6 10 11 12 5 13 22 38 14 24 9 35 20 15 25 
11 21 25 8 16 5 35 7 27 31 11 4 
15 7 10 16 2 32 6 27 19 33 34 14 1 24 3 30 
5 6 2 10 1 3 
6 4 5 8 19 7 2 
3 6 3 4 
9 24 16 6 3 22 30 17 2 21 
6 14 31 11 35 28 2 
7 12 5 26 17 2 11 4 
14 15 9 22 13 1 38 2 21 34 14 20 10 3 32 
3 1 2 10 
6 25 11 2 36 19 16 
9 33 28 25 9 4 11 30 29 2 
3 2 20 11 
5 13 8 4 3 19 
3 10 8 34 
4 23 26 35 29 
4 4 16 13 6 
6 1 37 15 2 22 11 
5 27 3 11 8 32 
10 8 2 11 36 37 33 1 28 20 25 
2 18 37 
3 8 4 2 
5 2 22 13 14 3 
3 27 18 10 
6 3 34 1 26 4 21 
3 9 14 22 
2 14 18 
3 14 8 4 
2 9 3 
4 21 4 2 11 
3 4 22 14 
4 11 27 17 4 
4 3 18 2 9 
2 22 13 
3 22 20 23 
2 11 2 

8 5 16 37 31 4 8 12 6 
5 4 11 26 32 18 
7 7 9 17 4 10 26 5 
18 5 15 38 14 32 25 26 7 6 2 28 19 1 27 12 36 9 3 
16 7 3 8 9 19 10 14 13 12 28 1 4 17 22 6 15 
3 4 1 5 
11 13 19 12 5 4 29 3 23 31 9 30 
11 18 16 24 33 13 9 1 26 5 14 15 
7 7 3 20 5 33 8 4 
8 30 3 18 21 17 5 28 34 
2 2 31 
7 18 1 4 17 7 28 5 
5 7 23 5 15 8 
6 26 4 25 36 5 8 
9 36 13 8 5 29 35 38 4 26 
5 1 8 17 36 28 
5 16 12 5 10 3 
6 10 12 37 2 8 32 
6 5 29 7 23 4 38 
2 21 9 
3 10 20 22 
2 5 21 
4 13 19 37 7 
1 8 
2 4 14 
6 8 3 14 15 2 4 
1 4 
5 16 10 5 4 12 
3 19 15 7 
2 10 7 
3 11 7 1 
4 18 34 2 4 
3 8 9 37 
2 10 32 
1 15 
4 4 15 14 16 
4 23 18 33 1 
3 19 4 15 

11 24 8 35 31 5 6 13 4 14 21 16 
1 4 
12 27 9 23 4 7 19 6 31 5 17 20 14 
16 13 24 23 1 11 5 21 3 7 2 9 8 29 26 6 38 
3 4 1 3 
4 1 4 3 10 
11 20 15 8 23 34 33 25 13 18 3 4 
9 1 20 33 14 24 30 11 7 4 
9 23 28 35 18 3 33 4 36 13 
4 17 11 6 30 
6 8 16 21 4 25 10 
6 22 38 34 16 20 35 
5 4 9 1 7 29 
3 3 8 1 
3 7 30 19 
6 24 1 21 12 22 11 
4 34 27 3 10 
3 7 23 9 
5 3 15 35 21 38 
6 8 12 7 29 31 3 
7 16 4 1 11 24 37 19 
2 12 16 
5 7 3 9 18 4 
5 8 21 4 1 16 
4 36 7 27 11 
3 4 37 31 
3 25 3 17 
2 29 9 
4 20 28 4 13 
4 8 15 10 32 
4 1 3 20 26 
1 30 
3 7 9 8 
3 7 12 17 
4 19 12 1 9 
2 25 9 
2 26 21 
3 19 12 4 

6 38 22 34 5 7 4 
7 4 27 12 14 30 25 17 
10 6 12 14 8 5 13 16 4 18 10 
3 1 2 3 
5 33 19 12 1 3 
10 9 8 7 20 24 30 3 11 15 10 
4 6 25 1 18 
10 12 3 19 26 28 10 20 6 16 36 
10 14 25 6 37 12 34 31 36 10 33 
10 30 6 13 36 16 3 8 9 38 11 
3 27 10 6 
8 9 15 3 37 2 5 8 18 
5 22 26 37 10 3 
4 9 3 15 2 
7 23 17 6 28 12 22 14 
5 17 18 3 8 10 
5 16 21 15 29 2 
4 16 3 7 12 
3 25 8 5 
4 35 6 8 32 
3 17 22 29 
5 28 21 1 15 13 
2 27 15 
1 6 
5 30 9 19 7 2 
2 13 8 
4 35 11 23 2 
5 22 8 34 15 32 
3 21 17 33 
5 2 38 6 10 25 
2 9 32 
3 20 31 28 
4 34 9 5 29 
4 33 1 9 28 
2 27 20 
3 8 10 9 
3 9 12 13 
3 1 10 30 

2 10 4 
15 4 30 26 7 21 6 12 28 5 11 19 13 35 32 18 
0 
11 18 1 29 2 32 6 5 31 17 23 26 
19 2 17 6 16 28 34 27 7 36 8 19 20 10 9 33 35 38 4 26 
11 13 4 5 10 21 2 11 9 27 7 37 
7 5 6 8 15 2 35 31 
6 33 11 5 7 15 9 
8 12 5 6 22 15 25 37 8 
8 37 5 1 20 11 18 6 13 
7 10 31 8 23 2 6 14 
5 2 21 28 29 9 
4 10 6 2 21 
1 11 
6 33 16 8 9 24 7 
4 32 19 15 5 
6 34 25 23 5 4 32 
7 19 2 10 4 24 22 20 
5 18 2 38 5 16 
4 5 26 10 18 
5 2 13 6 12 30 
3 9 24 18 
3 11 17 4 
4 15 22 35 18 
4 28 30 9 17 
5 2 5 20 36 4 
3 5 29 6 
4 2 25 12 5 
4 4 36 27 12 
3 2 21 25 
3 4 11 7 
4 17 4 2 16 
3 15 5 8 
2 5 17 
4 5 7 2 24 
3 26 5 29 
3 10 9 6 
2 19 5 

5 6 5 7 13 4 
0 
6 6 5 9 4 18 26 
14 30 9 3 5 1 31 22 7 11 13 28 8 17 10 
14 37 7 6 8 18 16 22 14 4 10 3 1 27 20 
13 23 25 29 8 24 3 17 31 1 33 14 5 37 
5 27 4 5 1 16 
5 5 9 4 15 6 
5 4 8 3 13 15 
10 5 12 25 16 33 15 11 27 32 4 
5 17 19 4 12 10 
2 10 11 
8 24 1 21 9 14 4 28 23 
4 13 6 5 20 
6 32 34 31 8 9 10 
4 7 5 24 10 
8 6 11 4 36 20 35 38 19 
3 33 3 5 
5 11 17 38 21 22 
3 14 17 5 
4 19 13 29 23 
3 5 19 4 
5 29 6 25 21 13 
4 16 6 13 26 
3 23 6 10 
3 24 36 3 
3 7 5 10 
3 4 30 13 
3 23 6 21 
2 28 4 
4 15 34 6 4 
4 35 15 36 10 
6 34 10 18 6 37 38 
3 33 15 31 
2 32 17 
3 26 32 17 
3 5 33 6 
3 33 17 19 

0 
3 28 4 6 
10 25 11 16 13 35 5 34 30 7 4 
16 5 15 23 7 9 18 10 20 25 6 13 2 12 29 22 3 
11 21 8 18 9 17 31 23 3 37 4 15 
12 26 9 15 29 10 19 11 16 4 33 8 2 
6 19 24 4 12 3 8 
7 20 5 10 14 16 7 6 
7 11 6 33 4 5 12 38 
4 22 4 8 6 
7 3 14 26 22 6 27 9 
11 34 24 4 37 7 35 30 25 9 17 26 
10 28 3 4 21 32 23 24 19 14 18 
6 35 13 17 11 32 8 
3 6 5 4 
6 8 38 6 3 27 20 
4 14 5 12 21 
3 5 4 13 
4 37 7 13 6 
6 8 31 38 4 36 16 
5 5 29 27 13 17 
3 11 4 10 
5 4 32 5 13 30 
4 28 13 7 12 
3 4 3 12 
3 6 11 12 
4 16 36 21 11 
5 2 13 31 36 24 
3 21 4 6 
4 23 33 12 3 
3 20 28 5 
4 13 23 34 14 
3 30 6 9 
3 12 3 32 
3 12 14 3 
3 20 28 27 
3 12 19 5 
3 20 16 9 

7 27 31 8 20 5 4 18 
11 24 26 32 7 10 9 6 28 4 5 13 
4 16 4 38 6 
15 36 1 11 13 26 29 2 27 14 5 8 21 12 3 7 
20 8 37 19 12 31 15 4 18 10 20 2 23 36 1 16 35 7 17 22 6 
15 35 12 25 9 27 17 21 14 33 5 13 34 24 3 2 
12 33 11 28 22 2 10 4 5 20 37 14 29 
10 11 1 15 4 5 19 9 33 34 23 
5 8 16 6 2 22 
3 2 5 7 
4 25 4 8 7 
5 6 15 4 5 24 
4 2 6 4 31 
3 7 4 6 
5 18 17 5 12 8 
5 21 19 3 5 9 
4 5 36 6 15 
3 5 15 1 
3 16 5 8 
3 7 5 1 
5 30 32 16 4 6 
5 9 23 30 7 5 
6 22 29 25 37 8 5 
4 6 2 12 26 
5 11 6 28 38 23 
4 2 24 4 35 
4 1 6 32 4 
5 30 7 2 25 34 
3 23 4 7 
3 21 22 28 
4 1 38 13 5 
3 2 21 27 
3 8 7 6 
3 8 6 28 
3 5 6 26 
3 5 4 17 
3 23 5 7 
3 31 25 3 

11 6 18 11 23 21 12 4 25 5 32 20 
9 34 9 19 8 6 7 10 21 4 
11 4 23 30 5 16 7 28 15 8 20 11 
22 29 19 33 28 15 9 13 36 26 2 7 24 25 6 18 5 3 1 8 37 32 34 
3 1 3 4 
4 4 1 2 36 
15 16 2 33 17 31 12 3 4 37 10 9 26 14 38 34 
9 14 35 4 11 10 2 3 23 25 
7 2 20 17 4 38 13 7 
5 12 2 7 17 8 
8 1 8 13 16 3 28 35 19 
9 14 24 21 10 31 15 1 7 22 
3 11 9 4 
5 8 12 7 18 35 
3 12 4 3 
4 22 7 3 11 
5 10 7 27 30 9 
5 4 1 26 14 30 
3 4 2 11 
4 9 1 3 27 
6 37 12 22 2 36 1 
4 24 12 21 16 
4 33 1 3 8 
4 27 12 4 22 
4 29 4 8 1 
4 38 7 18 4 
4 20 24 32 17 
5 4 31 11 29 3 
3 25 28 4 
3 18 3 17 
3 28 12 7 
3 27 1 4 
3 7 23 4 
3 2 4 7 
3 14 8 11 
3 21 6 4 
3 4 7 21 
3 7 26 9 

8 8 5 4 7 25 6 11 21 
6 6 12 30 9 8 4 
5 23 17 13 4 5 
21 10 33 1 23 2 7 3 17 9 31 19 24 5 6 38 28 18 12 20 36 32 
11 4 3 7 11 10 14 21 18 13 1 15 
14 2 16 9 11 15 8 19 34 21 20 22 12 1 4 
11 32 29 30 16 4 14 10 20 17 1 5 
8 13 26 6 19 22 2 1 24 
4 6 4 28 2 
9 5 16 14 4 15 26 32 27 7 
5 1 33 36 5 6 
4 26 2 6 4 
4 5 3 25 8 
6 35 10 7 5 18 27 
5 6 36 22 10 5 
3 7 10 6 
7 3 25 7 30 31 37 4 
6 34 29 14 5 4 37 
6 38 23 6 8 35 4 
3 7 6 4 
3 6 5 1 
5 29 24 15 6 8 
5 27 19 3 4 31 
5 35 4 38 22 8 
3 17 1 13 
4 10 37 8 12 
5 10 33 23 28 14 
3 27 4 9 
4 34 7 22 18 
3 17 2 7 
3 4 17 23 
3 10 4 7 
3 27 4 11 
3 6 29 18 
3 24 19 14 
3 4 11 15 
3 17 18 26 
3 19 24 4 

16 33 8 23 7 6 18 19 12 4 29 5 34 17 37 21 10 
10 6 21 4 8 7 34 38 5 16 11 
7 22 12 30 18 26 15 4 
10 13 1 29 3 33 7 2 5 19 24 
11 4 29 14 11 21 2 6 8 1 9 20 
7 14 1 31 28 9 2 5 
7 1 11 4 10 37 2 20 
9 22 5 24 13 1 12 9 28 2 
11 18 20 17 36 10 22 28 6 15 5 8 
4 9 1 7 24 
9 13 26 19 5 2 25 30 7 36 
5 30 3 27 8 1 
7 11 17 16 8 4 36 14 
10 15 5 33 16 37 34 32 35 13 6 
4 23 3 14 9 
4 13 14 38 2 
3 1 13 9 
6 31 3 23 9 1 25 
4 1 11 32 4 
3 5 9 7 
6 35 5 25 27 2 1 
4 3 38 9 8 
4 18 1 15 26 
4 10 8 27 4 
3 21 18 11 
4 23 3 11 35 
4 12 21 24 32 
3 9 8 6 
3 5 1 4 
4 31 3 11 12 
3 6 30 18 
3 19 14 27 
3 1 4 14 
3 2 14 1 
3 26 21 14 
3 9 11 13 
3 14 7 1 
3 16 2 22 

5 4 34 5 37 31 
3 23 7 4 
11 16 14 37 4 9 8 10 11 21 5 6 
17 15 28 2 24 12 11 19 1 3 17 8 38 29 22 5 7 6 
18 25 32 6 28 7 9 12 3 19 18 15 1 26 13 10 17 4 24 
10 8 22 3 5 10 9 21 26 16 4 
4 2 4 5 14 
4 4 6 38 3 
10 31 13 11 3 32 20 5 6 25 30 
15 6 5 3 23 20 35 32 34 18 19 14 36 12 13 22 
3 3 4 9 
3 5 10 4 
7 15 23 21 5 10 9 30 
6 16 18 10 7 17 3 
3 13 4 5 
9 28 38 26 3 27 6 14 33 24 
7 4 29 5 20 14 35 33 
5 5 29 27 10 14 
3 10 5 4 
5 9 10 34 17 31 
8 35 6 36 33 3 37 13 27 
4 10 6 25 4 
3 13 2 10 
3 16 5 4 
3 9 5 22 
3 5 16 6 
4 21 16 36 18 
4 4 16 5 30 
3 17 18 4 
3 9 13 28 
3 9 20 1 
3 5 10 9 
3 17 16 21 
3 10 20 1 
3 21 17 10 
3 27 21 10 
3 21 3 1 
3 8 16 4 

7 13 7 16 20 5 19 4 
8 11 10 9 4 12 5 16 6 
11 8 6 4 9 30 13 5 11 21 18 29 
9 2 3 21 27 24 7 33 1 15 
14 7 35 24 1 6 3 32 14 10 8 34 16 22 2 
9 5 3 37 12 2 29 9 10 33 
12 8 25 31 18 32 1 34 5 4 38 14 21 
7 7 23 5 26 38 27 3 
8 6 3 12 14 13 2 11 32 
10 17 15 33 18 2 24 5 6 23 22 
7 20 3 19 9 27 2 26 
5 26 17 9 2 6 
6 9 38 3 17 25 1 
5 9 15 5 7 20 
7 4 30 22 28 31 14 10 
6 19 31 1 37 2 5 
5 12 35 30 10 13 
4 36 7 3 10 
4 16 28 1 11 
7 1 36 23 11 14 25 34 
3 7 3 4 
5 10 28 5 36 15 
3 8 20 10 
3 4 10 5 
3 20 13 7 
3 8 11 12 
3 11 8 4 
6 15 37 19 22 29 35 
3 28 3 6 
3 17 3 15 
3 7 15 16 
3 7 5 9 
3 6 4 10 
3 20 7 5 
3 17 28 5 
3 18 22 20 
3 28 6 16 
3 7 8 13 

6 8 6 30 4 29 5 
5 4 18 13 24 5 
3 7 24 4 
27 23 16 8 34 12 2 18 30 25 14 3 33 15 19 28 20 1 9 11 6 10 38 22 27 31 5 13 
10 6 14 1 8 33 9 4 2 36 7 
8 4 7 26 32 10 5 16 1 
10 13 3 15 5 6 14 28 26 11 10 
10 5 9 11 36 4 19 38 1 34 32 
5 4 26 5 18 8 
5 6 12 17 7 4 
8 25 8 20 7 4 12 24 16 
6 10 11 4 17 22 27 
7 2 35 21 25 17 7 4 
5 19 15 5 7 4 
6 34 14 21 7 4 22 
5 21 11 6 32 4 
4 12 10 13 29 
3 9 2 4 
8 14 20 4 33 28 8 37 23 
3 19 11 4 
6 13 15 31 16 27 38 
4 12 4 23 15 
3 4 22 19 
3 2 3 11 
3 11 13 4 
4 9 7 6 30 
3 4 21 12 
6 29 31 19 36 4 7 
3 28 1 17 
5 1 37 26 35 4 
3 28 21 4 
3 8 6 16 
3 4 19 5 
3 8 15 4 
2 30 13 
3 8 5 28 
2 19 30 
3 4 8 21 

15 12 21 26 5 4 13 36 10 31 15 14 8 6 9 27 
1 4 
13 13 18 26 6 17 4 22 35 10 7 19 8 5 
19 1 32 11 10 12 17 18 3 25 5 16 20 14 24 7 2 28 6 21 
7 17 3 4 23 1 28 18 
21 3 38 35 33 30 13 8 15 16 31 1 4 11 14 26 24 20 7 36 12 29 
7 6 23 9 25 11 3 4 
5 3 27 6 1 9 
7 23 8 16 29 7 1 22 
6 19 1 3 32 4 15 
5 6 37 7 27 4 
3 6 4 1 
8 1 37 3 29 6 21 20 19 
4 6 1 28 4 
4 6 1 32 10 
3 9 6 4 
6 5 22 4 24 25 3 
3 5 4 3 
5 13 33 30 10 3 
6 38 13 30 4 36 6 
4 1 35 4 13 
3 9 3 17 
3 5 9 7 
3 6 4 17 
4 34 17 7 4 
3 6 3 1 
5 34 31 8 1 11 
3 5 4 14 
3 6 13 9 
4 37 6 19 20 
4 34 1 27 6 
3 15 10 4 
3 37 6 19 
4 31 35 25 27 
4 21 3 34 6 
3 6 20 1 
4 33 13 30 11 
2 20 6 

12 10 8 9 23 34 30 6 24 12 4 14 5 
9 11 27 6 4 10 29 36 13 32 
16 16 30 15 37 5 25 6 22 14 33 11 4 17 26 9 13 
7 3 11 7 1 2 35 5 
18 28 20 31 35 15 1 16 7 4 14 22 8 38 18 12 33 3 9 
11 17 1 7 29 8 31 2 3 21 37 20 
7 4 13 32 6 19 5 28 
10 35 37 30 12 1 10 16 6 23 5 
7 3 18 19 32 5 1 15 
4 1 24 8 2 
3 3 2 4 
4 8 1 5 22 
3 7 2 3 
3 3 5 1 
4 5 3 9 17 
3 5 8 3 
6 23 24 3 15 18 6 
6 31 19 9 5 21 17 
6 26 20 27 9 18 7 
4 21 19 5 6 
3 18 20 6 
7 12 27 36 3 34 5 25 
6 8 38 25 1 29 17 
6 10 28 17 26 34 1 
3 23 3 22 
3 3 19 24 
4 19 22 2 36 
3 24 7 5 
3 6 2 23 
3 1 3 8 
3 6 5 18 
5 38 9 7 2 33 
3 32 5 3 
3 22 24 1 
3 8 5 4 
3 22 27 2 
3 3 6 8 
3 23 5 32 

1 4 
10 14 6 5 8 4 9 7 20 22 35 
12 4 11 10 24 13 30 21 7 18 12 5 34 
11 5 30 2 6 15 1 3 20 38 31 17 
10 19 3 4 37 6 7 38 2 35 24 
8 13 4 36 37 14 2 5 8 
17 15 26 5 3 10 19 12 2 11 20 34 25 14 9 23 8 16 
14 30 25 28 9 2 29 6 13 7 36 22 10 27 23 
6 2 18 7 31 12 8 
13 18 17 29 7 25 22 21 8 16 36 3 15 11 
3 7 10 3 
8 9 19 23 35 3 37 16 7 
3 3 6 8 
7 32 24 7 27 29 2 6 
5 4 28 10 27 7 
5 7 31 12 10 17 
6 32 26 4 10 21 16 
6 26 9 38 34 3 10 
4 5 7 33 12 
3 2 7 4 
3 3 10 17 
3 10 2 8 
3 7 8 12 
5 14 3 33 28 5 
3 10 8 7 
3 18 7 17 
3 15 8 14 
4 24 32 15 8 
3 8 10 14 
3 4 8 3 
4 38 9 4 16 
4 33 28 17 14 
3 32 19 24 
3 3 18 7 
3 2 12 5 
3 8 10 6 
3 5 6 12 
4 18 5 4 31 

4 32 4 33 31 
7 12 17 5 8 32 20 4 
18 19 6 10 7 5 18 12 35 30 22 37 9 28 24 4 11 27 23 
21 21 25 8 15 1 13 10 38 3 24 11 7 2 12 19 30 31 5 34 6 9 
17 16 8 17 36 11 21 24 3 6 33 15 25 14 26 29 4 2 
5 5 28 4 3 7 
11 19 23 22 26 4 6 13 16 3 38 9 
5 10 2 5 4 34 
8 27 22 14 7 29 3 18 4 
6 16 28 8 15 3 4 
5 18 20 3 5 4 
8 13 31 17 2 27 14 4 3 
3 7 4 12 
4 37 12 5 9 
3 5 10 4 
6 10 35 33 7 5 21 
4 2 20 12 5 
5 36 38 11 9 3 
4 23 3 4 7 
6 17 30 25 11 26 2 
4 4 29 5 16 
4 3 9 34 7 
4 7 32 3 19 
3 3 5 4 
4 37 5 20 4 
3 5 7 20 
4 3 9 36 12 
3 3 10 6 
3 21 5 9 
4 3 4 20 33 
3 12 1 4 
3 23 1 2 
4 1 16 5 30 
3 22 4 8 
2 16 3 
3 27 5 18 
3 25 3 14 
3 18 4 7 

5 10 20 4 26 5 
8 4 5 16 9 29 10 15 6 
6 8 4 9 34 16 7 
17 28 12 37 25 1 6 10 3 5 11 2 20 14 32 26 8 7 
17 13 7 25 1 6 8 2 22 4 19 16 31 11 20 15 14 27 
10 12 13 23 4 21 5 24 30 2 9 
7 21 17 3 22 4 5 18 
8 12 34 11 3 17 29 4 5 
4 2 6 23 3 
8 15 1 2 24 13 17 4 19 
6 35 8 18 4 14 5 
4 6 4 8 18 
3 6 5 10 
9 22 34 33 31 11 5 25 4 19 
4 5 10 27 2 
5 3 28 5 27 2 
4 38 7 8 10 
6 32 35 7 11 31 12 
7 36 10 21 14 23 5 24 
4 1 4 36 5 
5 6 26 28 7 19 
6 29 5 30 38 7 14 
3 19 9 6 
3 6 19 10 
4 14 5 4 33 
3 1 21 4 
6 36 38 16 5 15 30 
3 4 16 21 
3 22 8 2 
4 6 22 27 35 
3 5 18 14 
2 18 4 
2 25 14 
3 14 3 8 
3 11 18 30 
3 27 19 20 
1 4 
3 27 22 17 

10 17 38 7 11 10 6 4 28 21 16 
9 32 10 35 29 5 20 4 37 24 
10 31 7 15 23 27 4 5 19 20 12 
11 23 10 14 6 8 1 3 2 11 22 5 
18 6 9 21 17 27 8 35 3 7 32 2 19 16 26 22 4 13 25 
9 5 13 33 18 4 9 14 8 1 
5 38 1 3 5 30 
15 24 9 4 25 28 20 5 33 36 29 13 6 15 16 12 
5 24 6 25 8 5 
13 21 30 1 2 31 4 27 23 12 11 18 26 14 
4 1 10 35 4 
3 10 3 8 
4 6 5 17 8 
10 6 28 15 10 26 38 19 4 18 22 
3 14 8 3 
3 8 5 1 
3 13 1 5 
3 6 10 14 
4 14 29 3 5 
4 37 2 8 3 
3 5 1 10 
4 4 33 5 14 
4 3 34 4 10 
4 36 2 8 9 
3 9 5 8 
4 10 5 31 14 
3 3 10 5 
3 14 1 8 
3 8 19 2 
4 33 7 32 10 
4 3 37 10 26 
3 5 30 2 
5 35 22 8 30 6 
1 23 
5 2 5 37 11 33 
2 8 24 
4 2 35 20 31 
3 14 7 1 

14 4 18 32 36 17 24 8 7 11 5 34 28 19 6 
15 12 37 7 21 26 5 23 11 6 4 16 22 20 17 10 
1 4 
18 10 23 31 16 14 9 7 3 15 13 35 5 1 6 2 8 21 12 
8 24 9 1 4 2 25 15 8 
10 9 1 23 2 14 18 33 20 13 4 
7 1 4 2 34 20 27 19 
8 26 1 34 4 22 16 5 24 
12 6 4 22 11 33 10 17 21 5 29 12 26 
8 31 27 9 4 29 28 32 2 
5 36 9 1 35 2 
4 2 9 4 13 
6 12 18 28 4 14 6 
6 4 15 13 6 30 37 
4 4 5 14 19 
3 4 2 8 
3 1 9 2 
4 13 6 1 38 
4 7 27 15 1 
5 25 30 2 7 6 
3 2 9 4 
3 2 8 9 
5 25 2 32 4 6 
4 31 5 8 1 
4 20 5 35 23 
3 8 2 9 
4 7 10 19 34 
5 10 30 1 13 34 
2 10 9 
3 20 14 28 
4 32 24 4 10 
5 1 36 31 10 23 
3 6 37 9 
5 7 8 1 28 27 
3 4 25 11 
3 32 1 11 
3 2 33 14 
1 18 

1 4 
17 10 28 15 7 23 9 20 22 11 5 6 25 26 12 37 4 31 
15 10 6 15 18 8 4 30 5 38 9 27 25 26 21 11 
13 3 7 2 1 25 32 11 6 5 33 8 16 22 
13 2 8 21 10 29 15 12 9 14 4 38 3 13 
8 7 19 3 17 2 26 4 12 
6 4 35 23 6 14 2 
5 24 3 4 36 5 
6 3 17 5 2 18 13 
4 2 3 5 13 
11 16 19 27 29 3 4 2 23 17 14 34 
3 5 2 6 
5 9 10 5 33 35 
8 37 18 21 7 29 22 11 5 
5 2 20 16 5 3 
6 15 32 4 11 19 28 
6 33 30 6 9 11 36 
3 9 3 14 
10 11 16 6 34 31 20 35 24 27 28 
3 19 2 15 
3 5 14 3 
4 2 34 4 14 
4 11 7 2 24 
3 19 23 8 
3 2 3 4 
5 6 29 37 2 3 
4 3 11 19 36 
3 19 2 16 
6 14 11 26 38 30 5 
3 17 3 29 
3 38 19 2 
3 16 33 4 
4 4 17 32 13 
3 22 19 11 
3 13 7 19 
3 27 17 8 
3 2 26 14 
4 31 29 3 5 

4 5 23 4 9 
13 8 27 7 32 20 13 23 6 4 22 25 10 16 
7 12 23 5 22 7 4 6 
15 16 3 24 2 20 7 35 11 1 12 34 32 5 10 19 
12 30 1 8 26 6 19 14 34 9 15 4 3 
8 28 5 24 10 2 35 12 3 
15 13 14 8 4 2 33 11 3 17 18 19 34 38 9 36 
8 7 13 18 2 5 16 11 21 
4 1 5 28 7 
6 6 2 4 33 15 22 
6 30 20 8 4 17 7 
6 15 6 14 17 3 4 
3 2 8 7 
6 27 7 25 5 26 12 
4 12 10 5 36 
7 4 21 2 28 26 35 8 
8 7 11 25 29 12 21 38 18 
3 17 7 8 
4 4 5 33 7 
4 2 24 11 4 
6 31 29 16 17 27 8 
4 10 3 2 31 
3 2 1 3 
3 4 6 20 
4 31 14 17 2 
4 38 14 5 16 
4 21 2 14 36 
4 9 16 6 30 
3 32 17 21 
3 11 5 28 
3 21 22 25 
3 29 2 4 
4 7 37 10 19 
3 4 5 7 
3 6 16 4 
3 7 15 27 
1 33 
3 7 17 26 

8 14 32 21 12 18 16 4 25 
7 9 35 5 6 4 31 13 
15 7 12 6 27 9 5 10 22 34 23 15 36 18 4 21 
8 2 38 13 5 3 8 1 7 
9 8 26 11 36 2 4 3 6 14 
13 2 29 9 3 8 17 12 15 30 26 23 5 7 
9 4 24 20 28 3 14 10 6 11 
9 6 22 33 19 35 10 4 11 5 
3 2 6 3 
8 3 15 20 8 7 28 29 17 
6 5 27 24 16 8 7 
4 13 1 6 3 
4 4 12 16 2 
8 18 5 20 1 17 22 7 19 
6 10 34 3 6 21 28 
9 24 1 11 29 23 25 27 33 13 
5 30 25 14 10 6 
4 19 14 1 3 
3 8 14 18 
6 30 37 10 31 14 7 
4 15 3 1 26 
3 14 8 3 
3 3 6 16 
3 16 7 11 
4 1 16 17 29 
6 6 31 21 37 36 5 
3 16 11 3 
4 37 7 10 15 
5 10 16 30 6 25 
5 17 32 20 29 6 
3 26 2 20 
3 37 30 1 
2 8 16 
3 15 3 38 
2 2 8 
3 3 26 5 
4 26 32 28 20 
2 4 34 

3 18 4 13 
13 4 38 23 6 37 27 13 22 35 8 7 34 5 
18 5 8 28 10 20 6 9 7 4 22 15 13 11 35 12 29 34 24 
18 38 20 3 1 26 27 36 16 33 5 14 2 7 6 10 9 25 19 
6 25 32 19 3 2 4 
4 9 4 2 3 
10 2 11 19 10 4 3 16 36 24 8 
6 2 12 3 7 23 14 
13 34 12 30 6 15 4 18 11 29 17 3 21 20 
10 4 3 21 7 37 16 18 17 15 31 
6 9 29 33 37 7 3 
6 8 3 9 14 25 27 
3 1 3 2 
5 12 4 8 17 23 
6 3 30 31 26 10 9 
3 10 7 4 
4 9 10 22 14 
5 9 26 10 32 1 
4 5 4 30 7 
5 21 9 4 3 28 
3 20 10 9 
3 3 17 2 
3 14 2 8 
3 3 32 7 
3 4 5 12 
5 18 31 4 15 32 
5 4 38 2 34 12 
4 33 35 3 20 
3 9 11 3 
3 15 9 19 
3 26 15 10 
5 24 37 26 18 5 
3 11 28 4 
4 2 27 3 9 
6 38 36 3 37 28 2 
3 4 7 35 
5 32 2 10 11 35 
4 2 27 4 35 

12 22 25 4 30 11 12 33 16 6 8 5 29 
2 4 21 
10 4 27 18 16 9 21 5 11 30 20 
15 2 11 5 38 7 24 18 12 14 1 32 13 3 6 21 
15 32 4 37 7 8 19 6 18 14 3 27 1 9 16 20 
8 5 15 1 7 25 23 33 4 
9 20 5 6 4 9 10 15 22 8 
5 7 10 1 34 5 
11 17 29 10 7 26 34 12 5 13 3 22 
4 8 7 19 9 
6 19 1 23 13 3 4 
6 9 36 1 17 4 35 
8 4 9 25 36 26 14 11 31 
7 4 13 5 15 31 33 17 
3 7 14 6 
4 3 5 28 1 
4 24 9 14 12 
5 3 4 5 30 24 
3 10 5 11 
6 28 23 7 32 3 5 
3 4 3 2 
6 1 38 33 7 31 9 
5 11 6 28 24 20 
4 23 17 4 18 
3 13 1 6 
2 9 13 
2 3 5 
4 20 16 32 23 
3 1 36 9 
4 35 3 18 1 
3 13 22 14 
4 20 4 28 5 
4 1 6 22 14 
2 8 9 
2 12 30 
3 13 12 29 
1 5 
2 4 22 

7 23 4 5 16 33 8 14 
14 16 11 32 36 10 6 4 5 27 34 19 14 12 7 
7 21 4 10 13 35 7 5 
13 38 19 7 25 3 1 22 9 6 29 10 2 24 
7 9 1 24 2 21 3 6 
11 30 14 9 17 8 29 18 23 2 5 4 
12 12 28 8 37 11 15 20 4 2 26 3 35 
7 6 32 31 22 11 1 7 
7 6 17 13 5 16 18 4 
6 13 15 4 3 2 12 
3 8 2 7 
6 2 20 15 10 7 22 
6 10 3 33 21 9 37 
5 6 1 2 24 31 
8 12 7 30 10 19 18 26 37 
8 2 17 25 1 35 34 29 9 
4 28 6 9 16 
8 9 27 38 15 6 23 20 36 
5 2 15 25 4 31 
3 12 18 7 
5 5 34 13 29 3 
3 4 12 8 
7 35 18 1 28 37 6 26 
3 14 4 5 
3 16 19 4 
4 7 23 27 15 
3 2 26 18 
4 17 31 23 7 
4 16 21 4 6 
4 38 15 37 6 
5 8 14 19 28 35 
3 8 2 36 
2 1 13 
3 21 2 16 
5 31 7 3 16 23 
4 2 32 38 18 
5 13 15 23 30 7 
4 18 36 30 4 

12 4 6 35 25 13 37 32 21 17 10 7 19 
11 14 5 37 10 13 7 29 25 23 4 16 
12 29 11 18 5 15 27 6 10 4 33 36 22 
12 9 27 38 3 1 6 2 11 12 5 8 22 
7 11 28 3 14 2 4 7 
9 9 30 16 20 34 8 3 4 1 
8 2 37 12 1 5 8 13 33 
7 22 7 9 6 4 15 24 
4 8 4 6 26 
6 20 1 3 2 17 12 
6 3 36 5 28 4 32 
8 18 31 10 14 38 4 7 34 
7 2 1 34 19 24 7 26 
8 19 16 36 5 15 17 2 12 
4 8 23 3 14 
4 2 18 6 14 
7 21 20 31 14 25 1 10 
5 16 30 3 21 12 
3 14 1 13 
3 17 6 10 
3 18 1 17 
5 26 8 32 4 3 
5 28 30 2 33 15 
4 13 8 27 38 
3 17 1 2 
5 34 9 36 13 22 
3 4 3 24 
3 5 23 11 
2 2 3 
3 6 23 18 
2 17 12 
3 1 22 11 
3 23 7 3 
4 12 13 26 6 
1 1 
4 11 3 14 26 
3 1 2 7 
3 12 24 4 

9 19 5 6 37 4 14 22 20 8 
7 32 8 23 5 17 4 7 
3 4 16 9 
14 3 33 17 2 12 28 38 6 5 10 20 15 1 34 
14 7 13 12 29 18 35 1 30 4 6 2 33 19 27 
15 31 8 5 9 11 37 18 4 36 14 22 7 12 21 1 
10 29 11 5 6 13 2 26 9 17 20 
9 6 2 16 13 15 1 22 10 36 
10 24 26 3 6 10 11 7 18 30 25 
4 9 27 4 8 
10 6 25 7 30 19 14 23 16 31 9 
3 6 4 5 
3 8 7 5 
6 11 6 33 15 1 32 
5 25 8 21 4 14 
6 21 3 38 24 11 8 
4 2 23 4 7 
3 9 6 5 
4 1 11 26 5 
3 1 4 7 
4 6 16 24 15 
5 1 6 33 23 8 
6 2 28 22 17 11 29 
5 21 30 9 27 16 
3 9 15 11 
3 19 7 9 
3 5 24 10 
2 23 4 
6 35 23 5 31 7 32 
5 11 5 35 24 9 
3 6 11 29 
3 29 14 2 
4 22 4 14 5 
1 4 
4 29 30 5 38 
2 8 6 
2 6 1 
3 4 35 16 

13 7 6 23 4 13 18 19 15 22 5 14 9 10 
15 15 9 18 8 6 31 20 4 27 16 23 33 26 24 34 
4 5 4 26 8 
13 1 11 23 7 29 21 2 3 38 15 9 5 24 
16 22 25 1 7 27 35 38 16 31 3 8 4 12 6 28 33 
9 5 1 20 30 14 2 36 17 16 
15 21 25 1 4 17 22 29 10 19 36 35 5 28 14 12 
8 3 2 5 32 10 13 34 18 
6 2 1 12 36 11 4 
12 19 37 7 24 21 35 34 11 8 28 1 13 
3 10 4 9 
3 5 9 7 
5 10 8 30 1 37 
6 6 32 17 7 29 1 
4 37 4 2 1 
5 6 2 20 5 32 
3 6 7 14 
4 2 8 31 1 
3 7 10 1 
6 2 6 38 16 24 26 
4 28 10 7 4 
4 7 5 1 32 
4 1 2 28 4 
5 20 10 35 4 2 
2 5 7 
5 27 3 2 29 20 
4 26 34 2 5 
5 23 5 7 21 10 
5 26 37 7 14 4 
3 13 36 6 
4 18 35 5 2 
4 16 22 14 8 
3 5 34 2 
5 2 10 8 27 33 
5 31 10 5 7 24 
4 7 30 6 9 
4 15 13 10 29 
3 5 20 4 

5 6 5 4 34 21 
15 32 35 30 13 14 9 5 4 6 18 28 11 24 17 27 
10 27 8 7 10 23 36 9 11 4 6 
5 8 1 3 2 5 
11 4 1 36 37 9 23 2 25 12 7 15 
4 1 7 3 2 
12 12 13 3 8 11 5 17 6 14 18 20 10 
6 3 38 4 15 16 7 
11 2 22 16 31 19 3 24 21 10 29 5 
7 3 14 12 7 9 37 26 
4 19 3 2 7 
4 7 10 13 5 
5 2 7 16 15 12 
6 38 10 17 25 7 2 
5 13 26 5 8 19 
3 13 9 8 
3 7 2 14 
4 2 31 7 25 
3 15 9 11 
1 7 
2 1 9 
2 9 26 
3 5 3 38 
3 9 27 2 
3 18 5 14 
5 10 30 33 15 22 
3 3 24 2 
1 2 
1 9 
2 2 26 
2 18 9 
1 2 
1 26 
1 1 
1 2 
2 5 3 
2 5 10 
3 23 14 8 

8 13 17 26 5 6 31 4 12 
6 6 14 17 4 11 37 
5 4 23 5 11 10 
11 8 21 15 5 27 1 3 6 13 2 7 
9 7 4 1 31 10 3 8 23 19 
13 29 2 20 12 36 1 7 4 9 19 15 28 32 
11 8 16 13 6 9 18 25 22 10 5 4 
17 26 18 28 35 5 29 9 4 37 38 33 7 16 34 14 23 30 
6 6 7 8 15 33 12 
10 11 5 29 30 3 22 21 16 7 32 
3 3 10 2 
8 28 6 9 27 19 17 1 20 
5 7 4 1 20 14 
5 2 13 21 26 8 
3 4 6 9 
8 7 8 30 38 10 25 20 33 
6 24 2 1 12 31 18 
6 17 26 8 32 20 7 
4 6 5 12 22 
12 16 13 21 6 18 29 27 33 12 35 34 30 
10 23 31 4 20 34 29 22 28 14 10 
4 7 10 19 21 
4 8 21 3 5 
2 33 17 
3 32 16 7 
5 14 18 1 28 8 
3 12 20 4 
6 35 26 21 8 6 12 
5 21 6 10 8 20 
4 20 16 10 8 
4 17 5 21 1 
4 10 25 18 6 
5 24 20 9 8 16 
5 8 20 37 21 36 
3 20 28 8 
2 34 6 
3 34 2 8 
2 8 16 

4 4 36 20 12 
8 19 35 4 5 15 8 7 28 
15 25 8 10 13 37 16 31 35 20 5 23 6 11 4 14 
12 15 1 17 9 30 3 38 5 7 6 2 28 
17 6 7 9 22 31 3 33 10 24 13 30 2 19 29 11 37 4 
7 4 26 33 10 3 16 5 
16 38 31 4 14 36 18 9 2 29 5 23 8 26 32 17 34 
4 3 2 7 11 
10 12 16 7 18 14 4 25 27 13 5 
4 5 6 3 34 
5 5 8 3 12 22 
11 26 20 9 32 15 11 24 21 1 17 34 
5 18 21 5 3 9 
3 3 9 7 
4 2 22 12 4 
5 6 24 9 38 3 
7 7 34 18 12 4 35 36 
5 9 31 17 13 7 
4 5 24 34 2 
6 1 25 3 12 27 24 
2 12 13 
3 11 5 15 
4 25 7 3 36 
7 30 12 20 5 33 16 19 
6 32 37 20 3 23 9 
4 35 6 12 7 
2 20 9 
2 4 2 
2 7 5 
3 24 5 4 
4 7 18 3 5 
3 7 25 12 
3 6 5 24 
5 17 10 19 12 7 
4 26 17 3 2 
4 1 23 7 17 
4 38 25 5 3 
4 7 16 4 37 

3 4 5 22 
5 14 5 4 15 36 
6 6 14 11 20 9 4 
19 1 7 11 12 16 2 23 3 18 21 5 9 20 22 6 30 8 35 29 
15 27 9 10 7 2 29 25 18 1 13 8 4 26 33 6 
13 26 5 24 7 28 13 38 4 8 36 3 10 12 
8 6 10 19 5 27 4 18 38 
8 17 19 5 6 32 38 12 4 
7 15 35 13 25 3 5 4 
5 6 7 37 11 5 
4 4 10 27 3 
9 8 17 31 4 6 37 14 15 26 
3 6 9 5 
3 3 12 2 
4 9 33 2 12 
4 25 4 19 27 
2 8 12 
3 5 4 7 
7 30 7 35 28 23 8 16 
5 32 22 21 3 4 
2 20 4 
5 20 1 29 4 24 
2 19 4 
2 6 22 
3 16 9 5 
4 12 5 6 27 
5 11 7 5 16 26 
3 36 19 6 
3 22 4 5 
2 4 19 
2 12 37 
2 20 8 
3 15 38 5 
0 
3 4 19 9 
3 28 2 6 
3 12 10 31 
4 7 33 6 8 

18 4 24 8 34 13 21 25 10 20 5 27 9 36 22 31 15 18 6 
3 4 12 11 
11 15 26 7 6 14 34 35 20 28 4 5 
21 37 3 24 7 22 16 12 18 19 5 13 33 29 23 25 10 9 14 34 1 2 
7 4 6 1 3 8 11 23 
12 5 16 3 15 1 17 8 7 32 38 35 28 
12 21 11 32 3 4 26 19 36 9 6 27 16 
4 1 6 12 5 
6 4 7 1 10 23 24 
5 32 37 4 1 9 
8 7 20 13 17 26 35 5 2 
3 4 2 8 
6 1 16 35 17 4 11 
4 19 4 32 3 
6 32 16 3 25 6 1 
9 21 6 7 33 34 13 15 20 4 
3 6 11 13 
4 4 21 1 36 
3 14 4 7 
11 11 23 28 3 34 22 31 16 29 24 1 
4 16 7 18 1 
4 1 20 23 4 
8 34 20 24 4 5 9 30 22 
5 23 4 20 1 9 
3 4 1 15 
5 7 33 3 28 11 
3 1 31 7 
5 20 6 3 26 30 
2 20 4 
2 28 23 
4 37 1 20 27 
5 7 6 10 14 15 
3 26 16 4 
6 4 16 3 20 1 23 
4 3 13 6 11 
3 7 1 18 
3 31 4 10 
1 6 

1 4 
9 4 22 7 34 14 5 24 26 36 
12 9 7 10 4 5 21 6 16 12 38 15 20 
17 24 23 2 10 6 1 8 37 5 19 7 35 12 11 9 13 3 
10 8 17 2 27 6 4 28 12 9 3 
11 3 18 8 5 16 17 24 11 22 30 4 
3 2 3 4 
9 32 10 13 38 6 22 5 4 19 
5 4 3 5 34 14 
9 4 3 11 16 20 14 8 15 25 
3 10 4 6 
4 3 4 5 33 
7 25 30 18 4 8 17 14 
8 19 9 27 2 38 10 13 21 
2 10 3 
4 29 3 10 6 
4 13 22 6 5 
3 13 30 6 
4 8 14 4 36 
4 3 31 10 37 
3 28 3 14 
7 33 2 31 8 6 30 17 
1 4 
3 4 6 2 
2 10 13 
1 2 
2 5 14 
3 29 5 21 
2 16 28 
4 22 18 6 13 
2 22 20 
1 8 
2 22 12 
2 2 9 
1 4 
2 2 19 
3 20 38 4 
4 37 3 14 8 

6 9 18 4 8 5 28 
14 38 9 34 4 5 24 8 7 33 18 22 6 15 11 
2 6 4 
9 17 2 25 16 34 1 33 3 5 
21 9 1 25 32 12 15 35 34 4 31 27 7 21 14 2 37 11 13 6 8 10 
9 13 3 5 16 2 23 7 22 27 
8 5 16 24 20 2 6 10 21 
9 29 36 30 31 5 21 12 2 1 
11 5 14 2 10 12 19 37 17 13 38 1 
3 5 7 9 
7 27 31 21 25 5 30 2 
9 8 15 13 28 31 5 9 18 26 
4 9 5 12 6 
4 23 20 5 9 
6 5 17 37 29 12 2 
4 7 33 6 4 
13 32 4 21 18 27 38 9 25 19 33 35 15 23 
4 2 1 12 17 
5 35 31 28 9 17 
4 37 14 29 7 
6 26 7 8 17 11 5 
4 6 36 32 2 
4 36 17 14 6 
2 2 7 
5 5 17 4 30 11 
2 21 12 
5 11 5 29 17 6 
3 1 12 19 
4 27 15 8 20 
3 25 11 8 
5 5 19 11 12 8 
5 5 22 17 34 33 
5 16 32 17 2 4 
4 32 4 2 5 
3 17 19 5 
3 23 22 8 
4 5 9 15 20 
3 9 17 2 

14 29 25 22 32 12 11 5 26 7 6 4 37 14 8 
12 7 27 4 5 6 13 16 9 12 10 19 15 
1 4 
9 32 19 5 17 3 1 2 21 6 
16 28 4 24 1 12 38 11 34 20 9 22 8 14 2 36 31 
11 8 1 7 4 23 18 11 10 14 2 9 
5 15 2 1 10 6 
10 19 21 18 17 6 26 29 5 32 1 
3 5 6 2 
10 28 14 29 23 2 6 24 26 11 7 
8 17 5 1 15 6 18 10 19 
3 1 5 2 
5 20 35 22 28 2 
5 6 10 5 19 1 
5 7 20 11 2 30 
4 27 26 31 2 
3 11 8 4 
7 11 26 33 8 23 6 29 
5 11 8 2 14 4 
5 30 15 5 13 36 
2 4 8 
3 5 13 1 
4 10 25 6 18 
2 5 10 
2 1 23 
5 8 1 10 18 16 
2 16 2 
5 5 37 13 36 10 
5 35 8 1 10 18 
3 32 15 20 
3 16 5 32 
5 4 30 1 31 8 
1 18 
1 5 
3 13 29 38 
3 20 5 28 
2 1 28 
2 35 5 

7 20 21 12 4 7 28 14 
4 4 24 5 28 
10 4 8 25 17 7 9 6 13 14 5 
20 19 6 9 2 11 17 34 5 10 15 38 27 18 7 8 3 14 35 1 16 
17 35 32 23 12 19 26 28 18 6 8 2 22 10 4 3 30 16 
10 3 21 33 26 5 4 27 11 22 18 
4 31 4 1 3 
3 5 4 3 
6 20 16 4 31 3 37 
11 27 26 4 13 17 5 25 38 18 35 23 
7 4 25 15 30 16 13 6 
2 1 5 
4 10 11 35 3 
3 1 3 4 
8 21 23 11 24 37 22 4 33 
4 11 5 9 4 
7 27 34 33 10 3 35 4 
7 28 10 6 4 5 30 20 
3 31 5 4 
5 30 1 36 18 9 
4 6 1 28 15 
3 6 15 5 
4 24 15 10 5 
3 2 23 15 
4 11 36 3 10 
5 10 33 29 5 6 
4 6 10 17 4 
6 21 18 1 38 2 5 
1 26 
4 18 5 20 11 
4 34 7 19 9 
1 5 
4 26 6 17 15 
3 17 31 4 
5 5 10 4 17 13 
2 25 20 
2 15 9 
3 10 28 4 

8 15 30 6 14 22 19 28 4 
10 5 20 22 28 30 9 32 34 4 7 
2 5 4 
16 12 7 32 29 5 22 1 13 14 11 26 8 2 6 9 3 
9 10 16 20 26 3 6 4 2 8 
8 1 16 18 30 7 19 4 5 
3 4 2 6 
6 4 36 13 9 5 10 
8 2 8 16 20 37 4 30 34 
10 36 11 23 5 15 25 33 8 13 21 
6 4 32 10 27 12 31 
2 11 4 
5 15 23 10 8 4 
8 4 1 36 19 35 17 29 37 
3 1 10 13 
4 5 6 9 33 
3 14 25 22 
2 20 6 
3 1 14 6 
5 9 5 30 2 18 
3 10 26 24 
6 2 29 1 32 17 4 
5 29 24 13 37 10 
2 21 23 
2 10 17 
5 31 21 34 4 5 
1 11 
2 2 1 
5 22 38 14 4 23 
5 20 1 9 2 6 
2 11 26 
5 38 4 22 11 2 
2 10 16 
3 2 9 26 
1 14 
3 10 14 8 
3 14 9 23 
2 29 32 

1 4 
12 18 4 7 5 6 36 14 9 15 28 11 8 
3 22 5 4 
13 7 5 18 36 1 17 13 3 27 6 2 21 9 
18 32 31 2 4 3 33 25 9 10 12 20 8 16 27 6 19 23 24 
3 5 4 2 
17 28 8 4 12 10 37 9 17 20 2 27 36 13 16 26 15 11 
8 2 10 27 13 24 31 5 7 
12 23 4 12 7 14 21 5 34 38 25 2 11 
5 36 8 5 7 33 
7 21 33 35 2 27 7 9 
9 7 5 32 17 36 9 15 23 21 
4 7 8 4 29 
2 9 2 
6 12 25 18 31 7 2 
8 18 37 5 7 35 31 17 34 
5 24 12 7 4 16 
6 2 15 19 16 25 4 
3 5 18 24 
2 5 7 
4 11 9 12 4 
2 23 3 
4 12 5 22 9 
7 17 19 38 29 8 5 37 
5 18 15 9 5 33 
1 7 
5 5 4 7 11 8 
2 7 2 
2 24 13 
0 
5 15 8 38 16 5 
2 5 12 
5 11 25 10 5 35 
2 16 9 
3 33 16 11 
5 2 12 4 7 10 
3 24 16 7 
3 31 24 9 

20 36 5 35 11 22 27 4 6 13 24 31 9 33 10 19 34 8 18 15 7 
4 4 5 20 26 
1 4 
13 3 7 8 23 32 2 6 5 1 17 12 11 9 
3 1 4 2 
8 35 4 8 38 12 30 7 1 
7 10 16 13 11 1 6 4 
16 18 20 6 4 16 15 17 1 14 13 22 28 36 26 34 25 
11 10 11 1 15 35 23 29 14 19 31 4 
5 9 1 30 7 12 
7 1 25 7 9 26 29 4 
6 21 4 6 27 10 35 
5 7 37 1 29 8 
8 20 21 9 37 19 8 38 24 
4 1 34 8 9 
3 17 7 8 
4 8 16 4 23 
4 24 8 1 33 
5 32 9 1 14 22 
5 2 26 8 31 14 
3 33 12 14 
4 19 1 8 30 
3 17 9 4 
3 1 18 14 
3 11 8 32 
4 11 8 20 2 
3 28 12 1 
2 8 27 
3 9 13 11 
3 22 6 10 
4 20 1 9 38 
5 25 19 4 34 37 
3 18 21 1 
4 1 8 15 32 
4 12 9 6 1 
2 8 1 
3 32 13 14 
3 14 31 6 

10 32 13 8 23 6 21 37 33 4 24 
10 4 14 6 16 5 8 7 38 34 23 
16 6 15 18 11 28 26 9 4 35 36 10 31 12 5 7 8 
3 3 2 1 
8 3 13 34 12 9 38 2 6 
10 3 19 5 1 16 28 2 7 11 8 
4 6 3 2 21 
15 36 30 10 3 27 6 21 15 2 13 1 37 38 14 19 
8 12 5 30 14 10 3 20 17 
6 3 18 9 8 30 23 
3 14 6 3 
6 5 16 23 3 25 9 
10 26 29 17 5 8 25 28 20 1 21 
8 8 11 2 18 9 32 27 15 
6 14 16 25 24 8 3 
5 6 15 22 12 2 
3 24 9 13 
4 29 14 3 10 
3 6 8 36 
5 13 9 22 31 33 
6 31 26 1 13 8 7 
2 16 20 
4 12 2 10 1 
7 38 32 1 35 17 15 28 
3 12 15 13 
4 3 13 21 29 
2 14 8 
4 13 3 6 24 
3 13 26 18 
4 35 9 10 8 
3 3 21 20 
5 24 14 1 33 37 
4 1 34 20 32 
3 33 2 5 
4 3 37 24 30 
3 3 8 19 
4 32 35 1 8 
4 8 5 24 2 

8 5 10 20 35 9 25 4 26 
7 15 7 9 6 13 4 5 
0 
10 5 2 37 33 27 18 34 1 10 7 
8 1 4 16 11 2 9 14 31 
1 2 
7 15 9 19 2 4 16 13 
4 28 22 31 15 
13 21 12 11 18 25 2 5 37 36 13 10 1 7 
6 23 4 22 26 9 1 
10 17 9 19 5 30 29 20 35 12 14 
2 9 11 
5 7 9 2 32 17 
3 11 5 32 
7 2 25 34 8 19 29 7 
7 26 7 22 27 17 5 20 
3 11 13 16 
3 9 24 4 
11 11 33 20 21 27 15 7 29 24 25 35 
4 1 16 11 19 
3 19 9 36 
5 16 8 10 38 28 
1 10 
2 18 19 
4 9 19 1 15 
4 1 10 30 16 
3 19 4 16 
2 22 8 
4 11 15 30 19 
3 11 29 26 
3 5 38 8 
2 13 14 
2 4 19 
2 15 4 
3 19 1 11 
2 21 9 
2 9 4 
2 31 22 

11 10 12 30 20 11 28 5 6 33 4 8 
0 
11 33 27 4 31 22 34 16 19 28 13 23 
12 11 8 1 6 35 5 33 32 18 15 25 3 
16 34 29 8 1 4 28 20 31 11 25 7 18 6 17 12 30 
14 1 24 22 16 17 5 11 10 7 8 23 12 4 37 
6 26 5 10 14 6 19 
6 4 5 1 6 14 9 
4 31 8 19 21 
4 13 7 6 1 
8 23 29 6 12 4 5 15 1 
6 6 14 34 11 5 1 
4 26 16 3 10 
5 7 8 24 12 21 
4 36 11 4 28 
6 18 37 13 6 3 17 
4 16 32 5 6 
4 29 5 16 4 
7 3 37 7 9 20 21 30 
4 1 5 19 22 
3 14 19 9 
3 3 20 6 
6 11 27 6 24 32 3 
3 6 23 14 
4 30 38 5 4 
4 27 13 38 7 
3 23 26 3 
5 15 33 3 1 5 
4 5 11 38 18 
4 19 25 5 1 
5 35 3 5 36 9 
3 17 23 4 
4 28 4 1 3 
4 36 3 12 5 
2 4 31 
3 15 34 31 
3 16 6 19 
3 25 26 29 

0 
2 4 24 
10 9 17 5 16 15 6 23 36 4 12 
15 29 26 8 7 10 9 27 2 3 36 21 5 28 13 14 
11 3 7 20 19 6 8 4 11 25 32 30 
12 5 10 9 18 16 17 13 3 7 28 24 29 
6 5 6 4 15 34 32 
5 4 27 11 5 13 
5 20 12 4 6 3 
6 22 26 6 15 4 33 
5 14 5 27 8 16 
5 9 21 14 17 3 
9 25 37 19 26 4 22 8 6 18 
3 4 11 12 
6 36 37 10 3 38 7 
6 24 6 23 30 3 11 
10 21 12 3 19 35 6 33 18 31 25 
8 34 17 35 32 13 31 23 6 
3 17 5 13 
2 5 9 
4 22 17 12 4 
3 10 21 13 
4 3 31 18 16 
3 2 16 6 
4 5 13 17 35 
6 10 4 13 34 29 37 
4 38 11 8 4 
2 6 4 
3 4 6 26 
2 5 16 
3 23 18 17 
3 7 5 18 
2 17 10 
3 7 18 26 
3 25 17 18 
3 15 4 3 
4 13 26 15 38 
3 15 27 37 

2 4 5 
13 15 10 6 9 12 14 27 4 7 16 11 5 31 
8 5 35 6 4 13 33 29 24 
10 6 17 2 10 8 14 19 3 24 1 
18 24 27 7 30 17 26 23 34 3 8 19 22 11 20 9 2 21 1 
11 23 8 2 15 4 14 37 17 3 18 7 
12 2 22 32 19 23 16 33 9 6 11 13 5 
11 5 10 22 25 4 12 15 35 6 28 16 
7 5 37 2 26 13 30 7 
3 4 8 2 
5 5 7 12 18 2 
4 2 8 28 11 
9 20 35 3 21 9 7 25 29 36 
8 18 6 36 4 27 34 26 2 
5 6 8 2 20 33 
3 2 7 8 
4 6 5 4 32 
3 14 11 6 
7 5 38 25 7 31 4 28 
8 38 13 21 30 31 5 15 32 
3 20 5 13 
3 5 7 8 
4 37 5 7 6 
3 5 3 4 
4 29 8 13 19 
4 9 14 5 34 
3 5 14 2 
3 12 19 8 
5 25 3 36 38 13 
3 20 9 5 
3 19 20 2 
3 17 7 20 
3 7 3 15 
3 5 26 14 
3 13 3 8 
3 14 13 29 
3 23 6 9 
3 19 20 29 

8 12 7 13 4 37 9 6 15 
7 12 11 32 5 37 4 22 
9 9 5 8 6 32 26 27 33 4 
23 21 3 25 30 16 17 6 24 28 15 9 1 12 10 2 13 14 7 26 5 8 23 11 
14 11 3 37 34 23 8 21 10 22 17 2 4 14 20 
6 17 3 7 1 4 25 
4 1 6 24 4 
5 4 3 16 5 30 
5 4 10 3 1 19 
6 5 22 4 14 29 9 
4 5 4 2 18 
9 1 16 15 4 19 13 18 23 2 
3 12 1 4 
4 5 10 4 31 
5 12 21 4 36 1 
5 12 4 19 8 18 
7 26 36 20 27 4 5 6 
7 25 24 27 16 38 11 12 
6 28 34 16 9 12 20 
6 17 29 5 33 19 31 
4 4 15 5 35 
4 29 10 5 2 
5 32 33 12 4 5 
4 4 7 18 38 
6 18 35 4 31 6 28 
3 4 17 3 
4 38 17 3 18 
3 25 4 19 
4 10 30 20 22 
4 29 4 34 8 
4 20 25 36 14 
3 3 23 2 
4 23 20 35 3 
3 5 19 30 
3 33 25 21 
3 31 15 17 
3 2 1 5 
3 27 24 18 

8 4 20 21 34 33 8 27 5 
5 14 7 29 4 18 
5 36 4 16 6 5 
19 8 25 2 10 14 19 7 33 11 1 6 15 3 12 9 38 5 35 26 
10 11 1 4 7 6 13 32 15 3 22 
11 30 9 3 5 26 13 12 8 25 29 4 
9 30 13 18 5 9 10 2 21 4 
13 22 35 26 17 1 30 4 21 25 16 11 23 6 
18 31 4 33 29 16 37 24 7 17 18 10 19 12 6 22 20 15 32 
6 36 7 4 28 9 32 
5 4 8 23 5 17 
4 14 6 9 4 
4 20 5 6 7 
4 12 2 27 4 
3 5 4 9 
5 3 28 8 9 34 
6 8 11 24 9 19 27 
4 7 9 23 2 
5 35 9 36 4 17 
3 9 13 1 
4 8 1 7 24 
3 8 5 9 
3 11 18 8 
5 9 21 28 17 37 
3 6 8 4 
3 6 4 8 
3 17 1 14 
4 16 10 31 24 
5 31 34 9 6 2 
3 6 8 7 
3 28 29 9 
5 10 37 9 38 5 
3 9 1 4 
3 1 16 29 
3 8 19 4 
3 3 10 19 
3 9 24 32 
2 4 32 

4 30 5 4 23 
13 5 21 12 16 10 9 4 32 29 6 33 8 27 
6 10 14 4 7 17 23 
11 16 6 7 1 3 21 9 14 5 2 25 
8 1 6 9 30 2 4 21 14 
14 11 5 4 13 8 7 22 34 18 36 10 12 2 38 
11 28 34 11 4 8 6 20 3 24 33 36 
11 7 19 6 29 13 20 28 23 2 27 11 
7 17 16 4 13 5 15 2 
5 3 22 6 2 18 
9 6 15 19 31 7 18 8 12 36 
6 37 31 2 17 6 11 
6 9 31 8 15 20 6 
5 24 3 35 4 5 
4 11 13 9 37 
5 35 19 4 9 2 
5 3 12 9 25 22 
5 6 38 11 34 10 
8 16 27 25 11 38 8 33 26 
3 7 13 8 
6 2 4 5 26 37 24 
3 17 6 10 
3 8 3 1 
5 14 29 21 32 7 
4 4 17 19 26 
4 25 28 19 21 
3 19 2 8 
4 8 30 7 26 
5 8 2 24 32 35 
3 28 5 1 
3 11 13 12 
3 24 2 29 
3 2 19 7 
3 7 6 18 
3 29 14 16 
3 6 7 11 
4 21 12 38 15 
4 37 18 6 19 

15 9 33 14 5 6 4 10 7 8 12 32 34 26 17 27 
6 5 36 8 9 4 6 
5 18 7 35 4 10 
20 21 19 32 6 20 1 33 30 36 3 35 34 2 28 13 7 5 29 38 16 
9 21 25 11 20 1 4 12 2 15 
15 26 1 14 23 4 10 12 15 8 31 22 38 13 16 2 
11 3 24 38 28 29 11 23 1 4 18 15 
11 9 6 1 17 21 11 13 22 19 2 35 
6 1 16 24 31 8 2 
3 3 1 6 
7 7 30 19 8 34 23 5 
6 5 30 20 1 6 37 
5 14 4 6 8 27 
4 6 13 37 1 
4 5 6 29 7 
6 24 4 6 31 17 9 
5 33 16 18 1 8 
4 3 17 7 26 
4 4 11 27 8 
5 12 25 5 4 22 
3 4 5 8 
4 20 8 32 6 
3 11 7 6 
5 7 25 16 28 9 
3 5 20 24 
4 18 36 1 6 
3 19 13 1 
4 37 4 24 7 
3 4 15 7 
3 4 12 11 
3 9 16 6 
3 1 4 22 
3 1 17 4 
3 4 1 11 
3 3 8 4 
3 2 26 4 
3 14 28 12 
3 7 6 4 

6 4 27 16 8 5 6 
2 4 10 
6 37 6 7 9 4 5 
16 22 24 21 5 16 14 3 12 13 23 7 1 20 10 18 2 
13 9 26 14 3 7 1 11 20 4 18 22 13 6 
8 15 8 22 1 35 13 3 5 
15 26 8 25 3 29 27 12 11 31 23 32 4 28 33 5 
9 18 7 12 1 17 24 9 6 28 
7 8 31 33 10 3 34 5 
10 4 2 9 27 25 34 11 14 36 38 
5 21 10 7 37 5 
9 32 17 4 8 38 29 7 16 30 
4 6 4 5 15 
14 19 28 24 15 21 10 33 20 23 36 25 38 4 5 
7 37 14 6 17 35 13 26 
4 4 12 1 30 
4 19 15 12 8 
5 19 8 32 5 4 
3 14 18 17 
4 5 14 30 4 
4 11 34 14 4 
3 5 4 6 
4 14 4 36 7 
3 8 14 4 
3 14 10 7 
4 7 15 5 29 
3 1 10 7 
3 8 14 7 
5 35 26 12 31 7 
3 12 20 16 
3 29 7 9 
3 18 7 12 
3 14 9 7 
3 9 10 21 
3 15 29 6 
3 14 23 10 
3 15 3 11 
3 10 12 14 

4 4 29 8 6 
5 5 32 11 4 9 
2 5 4 
16 6 34 3 1 7 18 15 9 13 12 5 16 22 2 37 14 
15 10 2 8 3 4 27 12 17 6 7 36 14 28 37 24 
15 18 19 17 7 23 32 5 9 1 13 8 30 16 4 31 
14 25 38 10 21 36 19 22 6 4 12 5 30 16 20 
8 24 13 11 14 19 6 5 1 
9 10 4 23 2 33 15 22 11 6 
8 34 7 15 27 5 26 35 9 
5 2 21 29 9 8 
5 5 20 7 30 4 
8 21 23 29 36 26 4 8 6 
9 31 5 25 4 27 32 8 35 38 
4 4 9 10 17 
3 4 6 7 
4 18 5 6 15 
5 4 17 20 6 25 
3 6 7 8 
4 31 18 7 12 
4 7 13 33 11 
7 7 24 4 26 33 9 28 
3 13 6 9 
4 28 8 5 22 
3 14 18 7 
3 22 13 10 
5 5 35 10 14 34 
3 24 5 22 
3 11 13 1 
3 7 12 6 
3 6 14 20 
3 6 2 14 
3 21 9 22 
3 4 27 10 
3 10 27 14 
3 7 13 5 
2 4 5 
2 7 14 

9 15 5 4 24 34 36 27 23 6 
12 5 17 14 10 7 18 21 25 15 24 20 4 
3 8 4 31 
18 29 6 23 28 3 11 20 2 1 16 5 34 19 7 8 17 26 32 
14 20 36 15 1 32 14 2 6 11 9 22 4 30 16 
16 1 8 28 7 12 16 26 4 23 9 21 18 30 13 5 10 
5 37 4 6 10 2 
10 19 6 21 38 3 4 11 12 9 22 
7 5 17 19 8 27 31 6 
10 18 29 27 13 34 6 14 12 7 2 
5 5 28 4 8 13 
4 8 10 22 6 
4 33 6 11 10 
3 5 10 2 
5 25 5 1 2 24 
5 35 38 5 4 6 
4 4 2 9 33 
4 33 2 10 6 
3 4 9 8 
3 4 5 2 
6 6 8 2 30 26 35 
6 38 5 36 25 12 8 
3 4 6 1 
3 2 15 1 
3 15 2 22 
5 4 21 6 37 29 
3 1 10 9 
3 6 4 11 
3 10 4 26 
4 5 6 21 31 
5 30 9 37 3 32 
3 4 5 31 
4 38 13 18 17 
4 37 1 4 10 
2 16 21 
3 1 22 5 
4 7 31 26 34 
4 22 33 16 8 

1 4 
12 22 29 23 4 5 13 8 21 37 12 14 36 
9 19 10 11 31 5 8 4 6 29 
22 20 2 27 1 31 25 33 9 21 5 38 24 3 18 10 11 26 16 32 7 8 6 
15 16 2 6 23 19 14 18 3 26 9 7 12 4 30 15 
9 7 9 5 4 15 37 27 3 12 
11 25 13 14 11 24 26 5 16 22 4 6 
6 28 25 30 4 2 3 
6 32 5 4 6 10 21 
4 9 4 3 17 
4 7 3 4 32 
8 6 15 33 5 17 38 13 2 
4 12 23 7 2 
3 5 2 7 
5 17 12 20 6 5 
6 29 20 4 7 28 5 
4 10 12 18 15 
5 17 19 5 4 22 
5 30 18 5 3 38 
3 15 4 16 
4 2 9 33 4 
4 24 7 2 18 
6 28 2 35 13 5 27 
5 7 34 31 22 4 
3 8 4 7 
5 5 35 7 4 34 
3 4 23 6 
4 34 8 16 23 
4 2 35 3 16 
4 8 36 19 5 
3 4 3 24 
3 9 4 11 
3 4 12 21 
4 26 28 24 35 
4 29 26 23 34 
2 30 2 
2 6 2 
3 12 19 4 

9 8 6 12 13 22 4 5 10 17 
3 25 6 4 
8 31 9 7 21 5 4 15 8 
18 27 5 9 21 15 1 7 13 12 3 25 20 10 6 37 29 2 11 
5 4 9 3 1 24 
13 14 16 19 24 33 1 10 8 21 26 7 4 2 
8 11 12 17 4 27 6 15 3 
5 30 35 1 3 6 
6 5 18 4 16 20 3 
7 11 31 34 6 1 23 4 
9 29 14 36 4 19 7 16 10 13 
6 4 1 7 28 26 14 
9 11 32 1 37 17 4 18 23 33 
13 19 31 38 12 6 28 30 11 29 25 36 22 27 
5 4 7 18 22 3 
4 9 6 33 11 
6 7 1 35 13 32 20 
4 26 9 15 13 
5 37 14 11 6 23 
3 4 9 17 
4 4 6 3 38 
5 1 14 24 15 35 
6 38 34 19 10 32 13 
4 6 22 5 34 
4 2 4 14 28 
3 12 18 6 
3 4 7 14 
4 14 36 25 12 
4 14 11 30 4 
3 14 8 29 
3 3 10 14 
4 23 36 13 17 
3 13 16 6 
3 10 23 24 
3 8 22 17 
5 28 14 11 37 32 
4 36 13 4 19 
3 21 23 14 

3 5 4 12 
20 13 18 30 10 32 31 4 5 15 8 33 19 7 9 24 6 27 14 16 11 
2 4 10 
18 3 16 2 8 21 37 1 6 7 22 9 18 5 12 33 25 35 23 
9 7 2 26 6 11 35 15 1 4 
13 10 8 2 27 17 35 33 30 5 20 4 16 13 
11 24 9 2 4 5 29 17 14 20 21 32 
9 20 23 6 4 26 2 14 11 12 
4 7 2 4 19 
4 36 3 6 2 
7 23 37 2 5 8 22 34 
6 8 1 13 24 28 4 
5 2 37 6 12 25 
9 22 7 17 25 32 2 15 19 8 
5 18 14 2 28 5 
6 6 2 31 21 4 28 
3 14 6 7 
3 4 2 15 
4 38 2 14 9 
5 6 8 30 27 7 
4 4 16 26 7 
4 11 4 29 14 
4 29 4 11 8 
3 2 7 12 
3 14 13 4 
4 5 8 31 21 
5 20 2 6 36 34 
4 16 12 15 38 
3 23 7 22 
3 20 2 6 
3 26 16 2 
3 7 14 2 
3 6 2 4 
2 11 27 
3 5 4 6 
2 27 10 
3 11 4 13 
2 19 28 

4 15 4 13 14 
10 9 30 19 36 8 13 4 6 18 5 
5 24 38 9 5 4 
14 3 18 16 6 21 37 5 1 27 17 30 7 2 19 
19 7 4 37 12 14 23 3 22 8 16 33 24 26 15 11 25 6 28 2 
9 21 23 10 4 2 12 16 7 5 
15 8 9 37 15 4 5 13 6 38 10 29 20 36 25 11 
7 5 14 10 2 36 7 33 
5 18 2 7 12 3 
4 8 7 6 11 
4 5 29 7 10 
5 5 27 9 20 6 
6 7 1 27 19 23 2 
4 17 8 1 5 
5 26 1 5 7 31 
7 5 31 6 32 21 4 17 
6 16 14 35 32 4 22 
6 9 35 28 2 22 4 
4 4 20 13 2 
4 19 12 34 7 
5 16 25 6 4 34 
6 24 26 17 18 5 28 
5 6 32 13 38 5 
4 5 3 30 22 
4 5 7 33 21 
3 22 15 5 
4 4 34 13 12 
3 5 18 22 
2 7 11 
4 4 34 2 24 
3 15 36 16 
3 23 17 16 
3 25 5 8 
4 21 30 20 27 
2 17 18 
4 2 7 31 8 
4 5 7 38 4 
4 37 23 7 3 

6 24 4 28 23 6 19 
13 38 34 32 28 4 5 12 18 7 11 13 6 8 
12 15 16 25 14 24 9 5 4 18 7 22 26 
16 10 33 7 8 1 2 21 38 20 5 11 3 6 16 35 27 
8 19 31 21 9 17 2 4 3 
10 4 1 10 27 2 8 11 12 17 15 
9 33 9 3 25 22 26 2 4 36 
11 30 16 34 14 29 2 13 19 6 15 4 
7 10 17 34 5 7 3 29 
8 6 37 14 9 4 23 12 36 
4 32 4 6 2 
7 10 20 21 29 13 6 2 
6 31 12 30 20 2 8 
4 3 8 10 22 
5 30 3 24 6 8 
4 8 4 3 33 
4 6 9 18 5 
4 2 3 37 17 
4 1 5 23 8 
4 12 26 4 13 
5 4 12 31 28 5 
4 14 7 25 3 
6 19 38 35 10 1 27 
3 3 1 15 
3 7 22 3 
4 20 3 7 35 
3 6 4 23 
5 2 31 1 21 29 
4 9 8 28 12 
3 8 13 15 
4 5 21 28 13 
2 2 11 
4 35 4 7 16 
3 9 8 2 
4 33 4 23 26 
2 7 10 
2 10 18 
3 23 2 4 

1 4 
4 6 5 18 4 
6 4 20 6 7 5 21 
15 7 3 11 1 35 8 23 2 29 19 5 27 16 30 22 
15 6 12 23 29 3 8 18 25 4 9 7 10 11 13 2 
14 24 3 8 11 14 9 5 2 21 38 37 18 36 26 
12 10 4 5 17 28 14 26 33 3 36 24 13 
11 20 10 17 5 30 6 4 32 25 15 9 
10 15 5 22 38 14 8 17 28 6 12 
10 22 34 21 12 13 8 5 35 7 25 
3 4 5 6 
7 5 16 31 26 9 19 10 
4 10 7 5 33 
7 23 20 6 7 9 15 16 
5 8 14 27 31 9 
3 12 4 14 
5 7 24 34 8 9 
5 31 6 5 19 2 
3 4 12 18 
3 8 3 14 
5 6 10 27 30 3 
3 10 9 4 
5 34 5 4 28 14 
4 7 6 17 33 
3 5 8 10 
3 6 7 12 
3 21 15 4 
4 7 23 9 32 
3 5 37 4 
3 8 4 21 
3 18 15 12 
2 28 8 
4 13 7 36 24 
3 23 10 17 
2 4 10 
3 6 7 33 
2 29 6 
2 6 9 

2 6 4 
4 25 27 5 4 
12 7 18 35 31 5 30 20 10 4 14 15 36 
20 20 9 7 27 12 10 37 2 32 19 5 24 1 14 28 21 22 13 3 6 
13 11 7 12 4 9 32 3 6 2 23 38 8 16 
6 1 31 4 8 5 19 
13 10 15 16 8 24 28 5 13 4 20 9 3 23 
9 34 21 11 7 6 16 14 5 17 
9 34 7 22 36 5 11 4 32 15 
12 33 19 7 4 30 17 37 3 18 23 13 36 
7 12 8 29 5 18 9 33 
6 5 11 30 28 4 24 
3 10 7 4 
4 8 3 21 4 
5 3 9 7 22 29 
6 5 17 34 7 8 31 
3 8 16 10 
4 11 10 25 3 
3 6 10 4 
4 4 7 3 25 
3 4 14 8 
5 29 9 4 15 26 
3 5 7 10 
4 4 12 26 7 
3 2 18 20 
3 36 24 22 
4 29 2 32 4 
3 4 12 7 
6 27 37 22 11 15 38 
4 32 3 12 10 
3 16 3 6 
7 35 27 9 30 4 37 5 
2 10 11 
3 16 8 9 
2 3 32 
4 10 9 3 26 
4 29 32 10 4 
2 29 5 

8 4 20 37 17 12 5 28 30 
12 8 28 6 35 5 29 11 4 24 14 7 15 
3 8 4 10 
20 23 5 25 27 1 8 6 12 18 11 3 2 15 9 35 19 36 7 21 26 
14 28 13 1 7 19 16 2 10 9 23 14 6 32 4 
11 26 17 30 16 4 2 5 13 34 10 24 
9 32 4 5 22 25 20 35 2 17 
5 3 2 9 12 4 
6 5 13 4 33 8 27 
5 3 5 18 11 6 
4 14 10 2 4 
5 38 8 4 1 16 
5 5 6 30 36 9 
5 2 27 15 11 5 
9 2 4 22 21 19 25 32 37 14 
4 18 5 12 6 
3 1 7 6 
3 4 16 10 
7 21 20 5 31 4 15 29 
3 19 7 1 
6 26 22 15 4 19 23 
7 36 37 29 38 7 15 21 
6 4 34 5 24 31 21 
3 23 2 6 
6 27 7 4 15 26 35 
4 25 4 6 21 
4 25 14 4 9 
3 2 1 5 
4 19 22 2 38 
3 13 1 6 
3 23 37 19 
5 33 7 15 35 5 
2 32 9 
2 6 23 
6 7 4 32 2 38 25 
3 4 22 13 
4 22 15 31 1 
4 12 22 29 35 

10 6 30 5 20 25 7 8 24 34 4 
4 8 21 4 25 
12 29 26 31 9 15 11 16 30 7 4 23 5 
19 6 31 9 8 16 2 17 20 12 14 7 5 13 38 1 24 3 11 35 
8 27 6 38 3 4 18 1 32 
10 5 18 10 4 1 22 26 13 15 9 
7 30 3 4 29 1 22 13 
11 36 4 2 28 1 23 11 12 20 17 10 
12 10 12 19 28 37 15 4 38 32 3 6 14 
7 9 6 33 18 8 21 16 
6 8 3 4 14 23 32 
3 9 4 8 
4 6 37 4 7 
5 11 9 19 4 17 
5 6 3 33 21 9 
7 4 19 25 24 3 35 10 
5 8 27 14 4 26 
4 10 5 6 22 
4 14 9 16 35 
4 8 1 27 4 
4 10 15 29 2 
3 7 18 6 
3 3 8 11 
4 1 4 16 34 
3 16 1 2 
3 3 17 6 
3 20 5 17 
3 9 38 8 
4 31 21 7 3 
4 7 33 1 3 
4 29 3 33 4 
3 11 5 9 
4 10 15 31 30 
2 24 1 
3 16 19 4 
1 8 
2 9 13 
4 5 28 9 4 

5 9 16 7 4 8 
5 5 38 15 31 4 
15 37 7 4 8 18 21 9 24 5 19 23 6 36 10 15 
17 6 7 17 10 16 1 3 11 12 5 20 9 25 14 15 13 2 
5 3 2 4 6 11 
11 27 11 22 34 10 38 18 3 8 5 4 
9 35 1 32 3 4 38 14 12 25 
9 17 3 13 21 32 14 6 23 1 
7 1 4 34 17 36 3 20 
7 4 12 6 33 3 26 22 
9 18 4 6 27 19 29 21 5 33 
7 4 37 35 10 7 19 13 
4 4 12 31 8 
4 8 24 7 4 
4 16 3 4 2 
4 15 23 4 1 
5 4 30 28 9 8 
6 11 28 30 3 6 20 
6 25 3 33 12 31 11 
4 4 18 9 22 
5 11 8 3 26 29 
3 20 6 10 
4 16 3 34 8 
2 3 14 
6 33 7 19 28 36 4 
2 21 10 
4 11 37 6 31 
3 17 25 18 
2 21 11 
3 17 36 18 
4 19 27 13 2 
2 7 8 
5 10 11 25 19 34 
4 23 9 6 33 
2 7 12 
4 3 30 25 9 
3 27 3 12 
3 6 7 2 

16 29 18 25 21 4 11 7 13 14 8 30 26 5 9 10 15 
9 4 32 26 6 10 5 37 13 12 
2 4 35 
24 31 25 1 8 5 9 11 18 36 19 14 29 2 7 35 33 38 17 6 3 13 34 22 15 
8 6 9 7 2 4 1 16 36 
13 4 2 5 24 38 22 10 8 12 20 16 15 21 
5 1 4 5 21 16 
4 4 6 1 25 
3 4 1 5 
12 27 33 31 1 6 19 11 2 12 28 30 17 
9 10 34 33 20 38 18 24 1 4 
4 2 6 10 14 
6 2 4 19 1 17 31 
4 1 4 23 12 
4 4 1 6 36 
6 35 5 37 6 7 27 
3 13 10 4 
5 11 23 4 1 20 
6 10 34 13 26 4 24 
5 6 23 11 27 18 
3 6 1 7 
6 28 6 27 24 36 4 
4 20 35 18 14 
5 11 6 26 22 19 
3 1 8 4 
4 24 19 1 2 
7 20 22 10 16 30 29 34 
2 10 22 
4 27 1 32 4 
4 37 1 10 27 
3 10 4 13 
2 29 2 
3 11 10 4 
4 11 19 27 4 
4 4 16 3 23 
4 4 22 5 15 
3 2 16 30 
3 6 4 11 

7 31 10 35 5 8 30 4 
11 10 4 24 18 38 33 27 20 13 29 7 
11 6 26 21 19 11 22 28 4 5 7 32 
12 15 22 8 5 3 2 1 38 14 20 6 27 
10 1 12 4 15 6 3 9 7 21 30 
10 13 25 8 5 16 18 10 4 3 33 
13 14 17 3 12 34 26 31 11 5 15 2 9 25 
7 6 1 16 4 24 9 29 
11 38 7 34 22 37 8 12 14 5 11 28 
8 6 1 2 13 29 25 36 23 
7 7 21 37 9 20 3 36 
4 9 7 17 5 
8 31 32 10 2 6 16 26 18 
3 4 7 9 
6 17 23 7 4 19 5 
3 8 13 6 
6 7 36 37 15 30 12 
5 35 2 19 6 13 
4 3 18 15 24 
3 4 11 2 
5 28 5 11 3 22 
4 21 9 4 3 
2 10 15 
4 19 2 8 28 
4 32 10 6 7 
4 7 13 30 3 
3 2 29 4 
4 3 21 9 24 
6 10 32 2 37 27 8 
4 17 26 1 5 
3 7 1 13 
4 3 13 29 25 
2 6 2 
2 7 9 
2 1 18 
3 17 11 10 
4 9 29 11 17 
3 4 9 2 

7 4 16 32 7 6 13 18 
13 23 34 9 8 10 5 18 20 35 17 12 4 11 
14 19 25 30 12 5 4 33 9 23 14 31 8 6 32 
19 1 13 9 26 27 36 6 5 15 16 11 21 19 2 20 3 7 17 24 
4 4 3 26 2 
11 25 15 4 10 7 1 29 28 3 17 16 
9 12 10 18 1 4 8 22 6 23 
6 34 22 7 2 3 24 
9 37 14 30 3 36 4 29 2 11 
4 13 2 6 7 
5 4 36 14 9 2 
4 3 7 33 2 
7 38 21 4 28 1 10 34 
6 9 15 11 3 33 32 
6 14 20 6 4 29 27 
4 6 4 1 37 
3 6 4 2 
7 7 2 31 22 1 37 19 
3 4 18 3 
3 15 4 2 
2 13 4 
4 18 8 7 23 
7 7 35 2 32 22 28 3 
4 4 34 8 27 
2 6 3 
2 5 4 
4 33 24 15 4 
3 13 23 6 
3 6 15 9 
2 9 3 
2 3 18 
4 3 14 1 23 
4 27 14 12 3 
4 24 8 2 13 
2 2 23 
3 4 9 11 
3 9 16 18 
1 13 

8 24 9 27 10 4 13 6 26 
3 23 5 4 
10 33 6 5 22 4 35 8 11 27 7 
14 28 5 8 11 14 7 9 2 3 17 16 13 27 1 
12 2 4 31 6 28 17 3 7 13 19 37 11 
7 20 31 1 5 24 3 8 
6 12 4 3 5 21 15 
7 9 4 6 14 10 3 29 
9 4 8 32 36 10 1 12 20 19 
7 18 23 8 1 9 32 15 
7 12 4 3 14 36 5 30 
8 25 7 9 16 11 21 38 15 
8 16 34 1 21 30 17 5 4 
3 11 8 4 
8 22 10 36 18 23 12 20 7 
6 35 19 12 13 18 4 
6 25 13 34 38 4 5 
3 10 15 16 
5 38 16 35 9 5 
4 9 6 15 21 
6 12 13 20 7 27 24 
3 3 25 15 
3 2 10 15 
5 35 26 21 6 1 
3 12 17 22 
2 1 24 
6 1 21 4 3 28 30 
4 27 5 31 4 
1 8 
3 11 27 13 
3 28 6 5 
3 38 10 9 
1 3 
2 17 13 
4 24 16 19 3 
3 11 9 15 
1 5 
4 17 19 12 32 

